Case Count:
 [186, 159, 180, 68, 187, 263, 248, 174, 159, 132, 37, 129, 135, 299, 218, 147, 341, 190, 243, 304, 120, 172, 64, 62, 226, 99, 48, 209, 227, 291, 224, 48, 73, 174, 186, 243, 245, 121, 189, 144, 275, 223, 172, 103, 135, 41, 182, 22, 64, 138, 154, 133, 15, 167, 88, 159, 154, 140, 123, 18, 13, 157, 255, 278, 167, 56, 81, 157, 78, 223, 0, 322, 195, 257, 37, 208, 197, 115, 75, 293, 0, 62, 180, 78, 0, 244, 229, 333, 0, 0, 229, 196, 146, 0, 0, 228, 246, 219]

Control Count:
 [328, 337, 349, 131, 230, 456, 448, 327, 266, 279, 88, 252, 226, 467, 419, 303, 437, 388, 359, 497, 216, 239, 150, 133, 380, 252, 97, 381, 416, 387, 215, 99, 128, 353, 274, 386, 472, 159, 257, 250, 490, 279, 344, 195, 169, 81, 327, 45, 137, 254, 215, 288, 41, 339, 115, 295, 351, 192, 209, 37, 30, 301, 384, 464, 248, 137, 39, 291, 185, 373, 0, 496, 421, 450, 62, 265, 287, 213, 175, 434, 0, 129, 236, 102, 0, 331, 415, 485, 0, 0, 359, 316, 279, 0, 0, 331, 454, 416]

Cluster Number:
 [1, 2, 3, 4, 5, 6, 7, 8, 9, 10, 11, 12, 13, 14, 15, 16, 17, 19, 20, 21, 22, 23, 24, 25, 26, 27, 28, 29, 30, 31, 32, 33, 34, 35, 36, 37, 38, 39, 40, 41, 42, 43, 44, 45, 46, 47, 48, 49, 50, 51, 52, 53, 54, 55, 56, 57, 58, 59, 60, 61, 62, 63, 64, 65, 66, 67, 68, 69, 70, 71, 73, 74, 75, 76, 77, 78, 79, 80, 81, 83, 84, 85, 87, 88, 89, 92, 93, 94, 97, 98, 99]

Odds Ratio:

0.8965583726983516
0.6588490885968631
0.7547211558672876
0.8352914549083353
1.606728778467909
0.8913476874003189
0.8115183246073298
0.8051930067509088
0.9862781954887218
0.6919547476445657
0.6693803708729081
0.7860215053763442
0.9864054494643689
1.1936219027225448
0.7274592598192207
0.7061236945612368
2.3170737402512493
0.6686539974330311
1.274330623614348
1.046635367762128
0.891675374433995
1.3180386441634153
0.6576355555555555
0.7357252547815161
0.9716827279466272
0.55
0.7985867587734333
0.8276047015862149
0.8030660377358493
1.7325057615755293
2.4859275283937268
0.779973649538867
0.9349385245901637
0.6975252552247581
1.2181414269640232
1.0984720312995664
0.6849554429495018
1.3616747755231204
1.385509727626459
0.9333152542372881
0.8144599303135888
1.6614728527810967
0.7191011235955058
0.8378968253968255
1.4688765182186236
0.8228488119610399
0.8684301336284344
0.8007460698108179
0.7362335766423357
0.8555732858974026
1.2893023255813951
0.6640341321713872
0.5927864703175334
0.7045267221933021
1.336405301622693
0.833498789346247
0.5803768680961662
1.307134894091416
0.9665828841378478
0.7984849457533542
0.7100156494522691
0.7897905327395679
1.2415081521739126
0.9824373527521957
1.1883301707779883
0.6307484134093119
3.997206703910615
0.8360629767736588
0.6341843228269822
0.982586138417238
nan
1.287289771160739
0.5827752034578092
0.8723565323565322
0.9886856042368801
1.5732091807563506
1.2508566821205405
0.8581840839274331
0.6510989010989009
1.3594785682722053
nan
0.7636378590668886
1.4488580590275506
1.32605507576992
nan
1.5007823998760554
0.8224555364314402
1.5739933865006812
nan
nan
1.1208515718265022
1.0516226493722975
0.8019132200570052
nan
nan
1.2960295528414545
0.7692588619296524
0.7465909090909093
