Case Count:
 [190, 216, 131, 140, 135, 158, 159, 210, 248, 139, 215, 171, 188, 307, 225, 204, 207, 129, 47, 136, 259, 147, 299, 256, 40, 209, 201, 187, 254, 243, 304, 291, 212, 209, 132, 243, 197, 187, 196, 261, 232, 190, 166, 239, 62, 38, 159, 227, 56, 123, 227, 78, 341, 180, 183, 199, 129, 218, 161, 158, 140, 224, 314, 106, 148, 120, 232, 229, 243, 155, 181, 219, 263, 300, 163, 99, 248, 302, 189, 176, 131, 223, 105, 269, 67, 159, 176, 96, 275, 139, 200, 116, 246, 174, 214, 63, 132, 330, 154, 166, 125, 256, 148, 283, 124, 294, 174, 128, 280, 136, 236, 225, 352, 172, 97, 138, 78, 324, 186, 288, 111, 83, 228, 139, 188, 277, 118, 177, 255, 125, 136, 194, 33, 278, 57, 223, 333, 88, 322, 251, 160, 187, 177, 157, 141, 40, 197, 303, 272, 174, 230, 135, 24, 199, 157, 269, 257, 140, 298, 293, 195, 0, 282, 57, 211, 0, 154, 0, 119, 37, 155, 112, 239, 220, 44, 0, 305, 119, 151, 65, 119, 31, 138, 33, 186, 0, 33, 36, 0, 208, 0, 239, 0, 62, 0, 311, 228, 245, 0]

Control Count:
 [296, 353, 272, 230, 226, 210, 337, 343, 448, 234, 237, 317, 279, 518, 409, 316, 394, 252, 102, 254, 446, 303, 467, 387, 104, 381, 363, 230, 464, 359, 497, 387, 319, 414, 268, 420, 106, 320, 379, 326, 441, 388, 308, 481, 133, 69, 266, 426, 155, 250, 416, 177, 437, 349, 330, 365, 222, 419, 221, 320, 231, 215, 428, 198, 237, 280, 309, 388, 386, 305, 408, 482, 456, 480, 150, 159, 371, 410, 257, 358, 238, 279, 265, 453, 147, 295, 262, 166, 490, 251, 296, 267, 454, 327, 393, 131, 279, 483, 258, 244, 278, 480, 252, 449, 209, 458, 353, 164, 439, 238, 435, 351, 513, 169, 194, 254, 185, 495, 274, 488, 97, 190, 331, 296, 329, 487, 179, 342, 384, 170, 169, 293, 69, 464, 139, 373, 485, 115, 496, 436, 244, 310, 289, 301, 250, 82, 267, 528, 422, 261, 379, 255, 50, 320, 291, 446, 450, 192, 468, 434, 421, 0, 511, 109, 349, 0, 351, 0, 242, 62, 215, 172, 356, 399, 94, 0, 499, 235, 337, 139, 240, 58, 271, 54, 403, 0, 75, 74, 0, 265, 0, 376, 0, 143, 0, 484, 336, 472, 0]

Cluster Number:
 [1, 2, 3, 4, 5, 6, 7, 8, 9, 10, 11, 12, 13, 14, 15, 16, 17, 18, 19, 20, 21, 22, 23, 24, 25, 26, 27, 28, 29, 30, 31, 32, 33, 34, 35, 36, 37, 38, 39, 40, 41, 42, 43, 44, 45, 46, 47, 48, 49, 50, 51, 52, 53, 54, 55, 56, 57, 58, 59, 60, 61, 62, 63, 64, 65, 66, 67, 68, 69, 70, 71, 72, 73, 74, 75, 76, 77, 78, 79, 80, 81, 82, 83, 84, 85, 86, 87, 88, 89, 90, 91, 92, 93, 94, 95, 96, 97, 98, 99, 100, 101, 102, 103, 104, 105, 106, 107, 108, 109, 110, 111, 112, 113, 114, 115, 116, 117, 118, 119, 120, 121, 122, 123, 124, 125, 126, 127, 128, 129, 130, 131, 132, 133, 134, 135, 136, 137, 138, 139, 140, 141, 142, 143, 144, 145, 146, 147, 148, 149, 150, 151, 152, 153, 154, 155, 156, 157, 158, 159, 160, 161, 163, 164, 165, 167, 169, 170, 171, 172, 173, 174, 175, 177, 178, 179, 180, 181, 182, 183, 184, 185, 187, 188, 190, 192, 194, 196, 197, 198]

Odds Ratio:

1.1136437642461738
1.028976485981783
0.7130443086325439
1.0138141631525375
0.9864054494643689
1.3869513641755633
0.6588490885968631
1.0293200249532128
0.8115183246073298
0.9781481481481481
1.9884908077154915
0.827263524648053
1.2053863399448799
0.9428746928746926
0.82004204464959
1.1318071640183138
0.7563670575879574
0.7860215053763442
0.7358443377350942
0.8376081702658457
0.909790732436472
0.7061236945612368
1.1936219027225448
1.2326287400629756
0.6015037593984964
0.8276047015862149
0.8491909160358359
1.606728778467909
0.7811742777260019
1.274330623614348
1.046635367762128
1.7325057615755293
1.1974093049590544
0.6892039487502628
0.7380037921143466
0.9091836734693881
4.776781537501949
0.9461309523809525
0.7427386342660456
1.8081271110498378
0.7293919177977152
0.6686539974330311
0.8291708291708292
0.6136486486486488
0.7357252547815161
0.9050562000795114
0.9862781954887218
0.7590796350429622
0.5405205087172577
0.7442278481012659
0.8030660377358493
0.6726137377341659
2.3170737402512493
0.7547211558672876
0.8621448863636366
0.8246232876712328
0.9484742807323451
0.7274592598192207
1.3286077020736353
0.7169039145907473
1.0073983987027466
2.4859275283937268
1.7607476635514012
0.852064185397519
1.053663346238056
0.6018808777429467
1.5197536075543674
0.9555719194894454
1.0984720312995664
0.7569268067420918
0.5502355981152149
0.5080535646925689
0.8913476874003189
1.1151079136690647
2.275700483091788
1.0420088790233073
1.2494319865652475
1.7097382944632364
1.385509727626459
0.6916328568090574
0.875668449197861
1.6614728527810967
0.5492599706247883
0.9605895338267759
0.7118535586277521
0.833498789346247
1.1902591936841496
0.9475569918156592
0.8144599303135888
0.8805179282868527
1.2213049869953636
0.6200762978165838
0.7692588619296524
0.8051930067509088
0.8107435679954764
0.7635821016728925
0.6919547476445657
1.5357000398883132
0.9843601251189988
1.2061490422146164
0.6443889474407736
0.7227686703096539
0.960672012218404
1.1272485866027069
0.9775347459557987
1.195301912362596
0.6975252552247581
1.4154183985569757
1.1592957120958154
0.9240924092409243
0.7830587169469454
1.1292834890965733
1.6956823732383315
2.1307980409104004
0.780701754385965
0.8555732858974026
0.6341843228269822
1.3261660079051385
1.2181414269640232
0.9380089023993055
2.2014395272818716
0.6601714961561207
1.2960295528414545
0.6762162162162162
0.9083665338645421
0.8461606712804526
1.1274473972745784
0.762488281773135
1.2415081521739126
1.306669164481079
1.4846407717694847
1.1755937870028557
0.7762904262154636
0.9824373527521957
0.6322837018343441
0.982586138417238
1.5739933865006812
1.336405301622693
1.287289771160739
0.8941538161233651
1.1375521475997419
1.000588837685612
1.0262156950791093
0.7897905327395679
0.9046711409395973
0.7897793263646923
1.4055313090042407
0.8439171122994652
1.1810313023242613
1.1748427672955972
1.013369355266314
0.8237229102167184
0.7841927710843373
1.0571875
0.8360629767736588
1.000501187021894
0.8723565323565322
1.307134894091416
1.1741528762805356
1.3594785682722053
0.5827752034578092
nan
0.7627606666084987
0.8473749939958691
1.004989192178153
nan
0.5803768680961662
nan
0.7468233471074381
0.9886856042368801
1.3022436947264981
1.1071758765379418
1.2487078651685395
0.828326524072739
0.7513062213843252
nan
1.044551790147459
0.7801462765957448
0.6083189086712825
0.7364482745354519
0.7561458333333335
0.8777045300878973
0.7731424158095401
1.0145046524356869
0.5928853754940712
nan
0.7076847290640393
0.7894842733552411
nan
1.5732091807563506
nan
1.1187234042553191
nan
0.6727755003617073
nan
1.2248837809917354
1.2606635071090049
0.6849554429495018
nan
