Case Count:
 [0, 175, 210, 141, 0, 240, 0, 187, 158, 140, 304, 216, 108, 205, 44, 188, 131, 194, 171, 210, 155, 233, 259, 239, 74, 177, 120, 195, 196, 204, 246, 254, 159, 164, 215, 177, 204, 122, 149, 263, 296, 225, 159, 95, 243, 230, 198, 69, 246, 297, 77, 261, 209, 190, 148, 261, 146, 218, 62, 33, 173, 306, 159, 67, 166, 147, 187, 232, 149, 71, 125, 117, 167, 78, 283, 239, 341, 215, 207, 99, 252, 137, 197, 151, 139, 190, 307, 180, 248, 186, 287, 271, 101, 187, 139, 199, 201, 190, 302, 119, 106, 224, 75, 263, 148, 154, 291, 209, 172, 116, 132, 187, 299, 267, 243, 212, 153, 186, 150, 243, 158, 141, 186, 305, 55, 66, 248, 166, 219, 223, 123, 135, 256, 152, 245, 324, 161, 185, 235, 181, 174, 170, 280, 304, 189, 155, 129, 151, 243, 150, 111, 231, 136, 39, 314, 223, 311, 227, 120, 227, 226, 105, 99, 294, 214, 139, 129, 259, 202, 35, 275, 143, 143, 300, 125, 222, 147, 65, 163, 135, 330, 255, 136, 200, 125, 132, 303, 236, 177, 185, 151, 232, 222, 114, 301, 269, 152, 133, 253, 329, 268, 118, 132, 217, 119, 265, 222, 213, 183, 119, 200, 251, 275, 238, 263, 154, 159, 282, 38, 51, 229, 154, 215, 301, 245, 187, 184, 264, 259, 166, 288, 135, 309, 225, 276, 254, 99, 164, 219, 66, 272, 51, 37, 91, 174, 136, 275, 142, 251, 43, 322, 108, 30, 277, 228, 169, 204, 156, 257, 333, 199, 202, 53, 228, 195, 300, 338, 35, 296, 219, 23, 157, 61, 197, 215, 109, 333, 78, 173, 33, 112, 278, 138, 130, 258, 288, 272, 193, 117, 208, 57, 180, 186, 274, 142, 192, 352, 188, 279, 293, 128, 82, 108, 57, 254, 269, 99, 341, 202, 74, 208, 298, 227, 308, 293, 200, 301, 225, 52, 223, 125, 0, 257, 40, 157, 74, 202, 168, 235, 250, 269, 51, 165, 240, 213, 25, 143, 181, 0, 189, 152, 80, 285, 0, 211, 0, 0, 261, 37, 47, 112, 40, 229, 165, 314, 260, 219, 53, 194, 237, 83, 0, 122, 48, 24, 97, 0, 0, 186, 153, 275, 192, 310, 105, 284, 233, 0, 239, 229]

Control Count:
 [0, 211, 329, 249, 0, 499, 0, 230, 210, 231, 497, 353, 235, 369, 92, 279, 272, 348, 317, 343, 187, 377, 480, 481, 151, 342, 280, 350, 379, 316, 317, 464, 337, 241, 237, 289, 344, 210, 273, 399, 372, 401, 266, 163, 386, 381, 294, 142, 454, 384, 164, 391, 381, 296, 237, 326, 244, 419, 133, 54, 342, 467, 225, 151, 292, 303, 335, 441, 262, 151, 252, 225, 94, 177, 454, 388, 437, 373, 394, 232, 372, 254, 106, 337, 234, 388, 518, 349, 448, 403, 482, 549, 177, 247, 251, 267, 363, 269, 410, 242, 198, 215, 161, 456, 296, 258, 387, 414, 169, 267, 279, 320, 467, 393, 359, 319, 199, 237, 207, 420, 320, 224, 274, 499, 107, 132, 371, 308, 482, 373, 250, 279, 480, 282, 472, 495, 221, 354, 372, 408, 327, 283, 439, 509, 257, 305, 222, 213, 427, 292, 191, 401, 238, 87, 428, 279, 484, 426, 191, 416, 395, 265, 159, 458, 393, 296, 234, 446, 392, 80, 490, 191, 281, 480, 170, 342, 264, 135, 150, 255, 483, 384, 224, 328, 278, 236, 528, 435, 187, 318, 217, 309, 242, 167, 487, 453, 205, 215, 431, 504, 420, 179, 241, 320, 267, 422, 348, 373, 330, 235, 296, 436, 454, 379, 440, 351, 295, 511, 64, 92, 353, 268, 408, 448, 391, 310, 268, 442, 441, 244, 488, 201, 487, 403, 410, 427, 133, 300, 324, 109, 469, 22, 62, 184, 353, 229, 465, 221, 416, 99, 496, 133, 84, 487, 331, 279, 327, 253, 406, 485, 320, 326, 115, 403, 421, 469, 561, 73, 461, 339, 49, 301, 124, 323, 405, 167, 512, 130, 308, 73, 172, 464, 271, 227, 423, 463, 422, 372, 105, 265, 114, 309, 288, 450, 171, 318, 513, 329, 443, 434, 209, 150, 178, 109, 538, 453, 214, 556, 323, 168, 320, 468, 326, 522, 496, 344, 422, 351, 72, 401, 95, 0, 450, 78, 291, 133, 374, 329, 380, 389, 446, 98, 270, 402, 351, 67, 239, 336, 0, 276, 286, 154, 434, 0, 327, 0, 0, 423, 79, 96, 220, 86, 398, 273, 559, 460, 416, 107, 324, 418, 190, 0, 187, 93, 60, 232, 0, 0, 303, 210, 421, 272, 570, 195, 545, 432, 0, 405, 359]

Cluster Number:
 [2, 3, 4, 8, 12, 13, 14, 16, 17, 18, 19, 20, 21, 22, 23, 24, 25, 26, 27, 28, 29, 30, 31, 32, 33, 34, 35, 36, 37, 38, 39, 40, 41, 42, 43, 44, 45, 46, 47, 48, 49, 50, 51, 52, 53, 54, 55, 56, 57, 58, 59, 60, 61, 62, 63, 64, 65, 66, 67, 68, 69, 70, 71, 73, 74, 75, 76, 77, 78, 79, 80, 81, 82, 83, 85, 86, 87, 88, 89, 90, 91, 92, 93, 94, 95, 96, 97, 98, 99, 100, 101, 102, 103, 104, 105, 106, 107, 108, 109, 110, 111, 112, 113, 114, 115, 116, 117, 118, 119, 120, 121, 122, 123, 124, 125, 126, 127, 128, 129, 130, 131, 132, 133, 134, 135, 136, 137, 138, 139, 140, 141, 142, 143, 144, 145, 146, 147, 148, 149, 150, 151, 152, 153, 154, 155, 156, 157, 158, 159, 161, 162, 163, 164, 165, 166, 167, 168, 169, 170, 171, 172, 173, 174, 175, 176, 177, 178, 179, 180, 181, 182, 183, 184, 185, 186, 187, 188, 189, 191, 192, 193, 194, 195, 196, 197, 198, 199, 200, 201, 202, 203, 204, 205, 206, 207, 208, 209, 210, 211, 212, 213, 214, 215, 216, 217, 218, 219, 220, 221, 222, 223, 224, 225, 226, 227, 228, 229, 230, 231, 232, 233, 234, 235, 236, 237, 238, 239, 240, 241, 242, 243, 244, 245, 246, 247, 248, 249, 250, 251, 252, 253, 254, 255, 256, 257, 258, 259, 260, 261, 262, 263, 264, 265, 266, 267, 268, 269, 270, 271, 272, 274, 275, 276, 277, 278, 279, 280, 281, 282, 283, 284, 285, 286, 287, 288, 289, 290, 291, 292, 293, 294, 295, 296, 297, 298, 299, 300, 301, 302, 303, 304, 305, 307, 308, 309, 310, 311, 312, 313, 314, 315, 316, 317, 318, 319, 320, 321, 322, 323, 324, 325, 326, 327, 328, 329, 330, 331, 332, 334, 335, 336, 337, 338, 339, 340, 341, 342, 343, 344, 345, 346, 347, 348, 349, 351, 352, 353, 354, 358, 363, 364, 366, 367, 368, 369, 370, 371, 372, 373, 374, 375, 377, 378, 380, 381, 382, 383, 386, 387, 388, 389, 393, 394, 395, 396, 398, 399]

Odds Ratio:

nan
1.6242101105845177
1.1121434544272044
0.9102045766960459
nan
0.5534687465383028
nan
1.606728778467909
1.3869513641755633
1.0073983987027466
1.046635367762128
1.028976485981783
0.6845021533714726
0.8523266856600189
0.7700605393505778
1.2053863399448799
0.7130443086325439
0.8646493079990616
0.827263524648053
1.0293200249532128
1.578952323567071
1.0530632741881485
0.7434259259259258
0.6136486486486488
0.7747074299192597
0.762488281773135
0.6018808777429467
0.8631147540983605
0.7427386342660456
1.1318071640183138
1.652571876889884
0.7811742777260019
0.6588490885968631
1.205099962278386
1.9884908077154915
1.0262156950791093
0.9690252350321623
0.9493165089379602
0.8563218390804598
1.232157097288676
1.9809008196104976
0.8573775840771902
0.9862781954887218
0.957251391068626
1.0984720312995664
1.0022730412286982
1.2128037937166567
0.7695850780357821
0.7692588619296524
1.8736795774647885
0.7315051879800564
1.263786315698727
0.8276047015862149
1.1136437642461738
1.053663346238056
1.8081271110498378
0.988418284563308
0.7274592598192207
0.7357252547815161
1.0145046524356869
0.734050037374137
1.2858591875835192
1.2694761904761904
0.6882254504023355
0.9079231271012094
0.7061236945612368
0.8705401563610521
0.7293919177977152
0.9138457488812846
0.7372408580477972
0.7519462137296533
0.8122981366459627
4.141035669586984
0.6726137377341659
1.0948548514627812
1.0471649484536083
2.3170737402512493
0.9135029682114135
0.7563670575879574
0.6225152129817445
1.2896325685699501
0.8465609845126977
4.776781537501949
0.6083189086712825
0.9781481481481481
0.6686539974330311
0.9428746928746926
0.7547211558672876
0.8115183246073298
0.5928853754940712
0.963665647521293
0.5259454419290487
0.9302142881021629
1.4450710108604847
0.8805179282868527
1.4316323345817727
0.8491909160358359
1.3020110180498947
1.7097382944632364
0.7468233471074381
0.852064185397519
2.4859275283937268
0.7256330625895843
0.8913476874003189
0.7422680412371134
0.9843601251189988
1.7325057615755293
0.6892039487502628
2.1307980409104004
0.6200762978165838
0.6919547476445657
0.9461309523809525
1.1936219027225448
1.323229185158885
1.274330623614348
1.1974093049590544
1.4220929823944901
1.5230900085055288
1.3063537435434531
0.9091836734693881
0.7169039145907473
1.0645973154362416
1.2181414269640232
1.044551790147459
0.8312646028037384
0.7989276139410186
1.2494319865652475
0.8291708291708292
0.5080535646925689
0.982586138417238
0.7442278481012659
0.7146646859083193
0.7227686703096539
0.8376207774235798
0.6849554429495018
1.3261660079051385
1.3286077020736353
0.7694959740201966
1.1024140839131353
0.5502355981152149
0.8051930067509088
0.993734154767691
1.1592957120958154
0.9688714254529579
1.385509727626459
0.7569268067420918
0.9484742807323451
1.2676871413667186
0.8739544998327199
0.7749917049817507
0.9514589452177247
0.9056325532323037
0.9240924092409243
0.7183620689655171
1.7607476635514012
1.6614728527810967
1.2248837809917354
0.7590796350429622
1.0576244481281492
0.8030660377358493
0.8944909966125874
0.5492599706247883
1.0420088790233073
1.195301912362596
0.8107435679954764
0.6762162162162162
0.8784946236559139
0.909790732436472
0.7305605786618445
0.7017326732673268
0.8144599303135888
1.3582672987123248
0.7685029335385208
1.1151079136690647
1.306669164481079
1.1546608456625438
0.8848069738480697
0.7634184987126162
2.275700483091788
0.8237229102167184
1.5357000398883132
1.2415081521739126
1.00990099009901
1.020512297173181
0.6443889474407736
0.8963727709380002
0.8439171122994652
0.7830587169469454
1.9544638118953341
0.9390630416480958
1.2346550179211468
1.5197536075543674
2.05453783752904
1.178332565637955
1.079382793202988
0.9605895338267759
1.351168522138183
1.0370725034199726
0.9373175660504452
1.3292929292929296
1.149317738791423
1.1274473972745784
0.8688553394515253
1.246283783783784
0.6420763108614232
1.1043471155417548
1.1171142539329413
0.8969963700206413
0.8621448863636366
0.7801462765957448
1.2213049869953636
0.8941538161233651
1.0120070914365533
1.090352984418278
0.978099173553719
0.5803768680961662
0.833498789346247
0.7627606666084987
0.9831670822942642
0.908673240699238
1.1584378794010524
0.9274679235401936
0.7528011204481793
1.3632246376811592
1.0884725920847946
1.000588837685612
1.2385133157740709
0.9761344537815126
0.9364197530864198
1.2061490422146164
0.9380089023993055
1.1643263943440691
1.1762596746169642
0.847904733192644
1.313302409097711
0.9678334071776693
1.3026315789473686
0.8508121212121216
1.2412457912457915
1.0048454140738372
0.8994548216998838
4.218134957825679
0.9886856042368801
0.7731134432783607
0.6975252552247581
0.978050643492297
0.9484002098085501
1.096850861556744
1.0013297872340425
0.689904091419243
1.287289771160739
1.4596915248847193
0.5623471882640587
0.8461606712804526
1.2960295528414545
1.007314482941723
1.0645325004879953
1.0349306554560818
1.1199317923455854
1.5739933865006812
1.0571875
1.0510212005901995
0.7318990763685516
0.8714263874025377
0.5827752034578092
1.1918823150434872
0.9962055029032313
0.7773294452732944
1.1988532075299971
1.1422767497988737
0.76614010989011
0.7897905327395679
0.7860556408943504
1.0207123301691272
0.7654872134038802
1.1095808383233534
1.32532429245283
0.9939058171745151
0.8868762816131236
0.7293002226870909
1.1071758765379418
0.9824373527521957
0.7731424158095401
0.9285317137846968
1.0277810430625756
1.0916424699269094
1.1810313023242613
0.7508086371186293
2.155900621118013
1.5732091807563506
0.8036649214659687
0.9423848258799714
1.1231884057971018
1.025885521885522
1.5573670427471595
1.0022152623940113
1.6956823732383315
0.9083665338645421
1.1218256207674948
1.3594785682722053
1.0220464930229696
0.8850793650793651
1.0081808615363725
0.8473749939958691
0.4848789309755851
0.9605895338267759
0.6993677844969762
1.0764204962560566
1.0686992985068777
0.6757990867579908
1.148051948051948
1.1741528762805356
1.3203785160319486
0.9278465093153168
0.9386875828546176
0.9341247445752652
1.5815990109210791
1.1292834890965733
1.2242319839219065
0.8418883347187586
2.6525310090512906
nan
0.8723565323565322
0.8354218880534673
0.8360629767736588
0.9069935111751983
0.8067420293779194
0.7518253905943316
1.054953560371517
1.152731872526217
1.000501187021894
0.8449926362297496
1.021492295214923
0.9780244506112651
1.012291052114061
0.5957531184656428
0.988451317426213
0.8184754521963822
nan
1.2380869565217392
0.8184985745961356
0.83059002279058
1.2536656891495603
nan
1.1348650678684482
nan
nan
1.0572555582118093
0.7561244410857106
0.7893282312925171
0.7908812899638589
0.7483825843678965
0.9041636755204596
1.0036496350364963
0.7594418604651159
0.8462472674277385
0.7465909090909093
0.7968863493293303
0.9873519778281684
0.8701264863328441
0.6601714961561207
nan
1.1134128443462272
0.8382146687567034
0.6438554216867469
0.6063722524702562
nan
nan
1.031190075529292
1.3195804195804197
1.2227709866172296
1.3031674208144797
0.6661226710186318
0.8592814371257487
0.6152352767090855
0.7749910104279037
nan
0.9530493827160493
1.1208515718265022
