Case Count:
 [131, 149, 225, 141, 225, 199, 158, 239, 108, 215, 180, 135, 99, 230, 204, 218, 120, 171, 240, 197, 222, 204, 48, 243, 246, 254, 216, 159, 54, 209, 188, 153, 195, 43, 196, 207, 198, 186, 131, 243, 33, 210, 248, 263, 78, 148, 256, 140, 103, 147, 164, 159, 177, 256, 187, 181, 159, 304, 62, 187, 116, 187, 170, 259, 62, 232, 166, 212, 291, 307, 243, 245, 209, 239, 261, 226, 297, 117, 190, 119, 197, 227, 190, 176, 186, 170, 150, 299, 129, 239, 151, 158, 61, 139, 148, 174, 304, 102, 130, 125, 219, 302, 99, 136, 252, 232, 105, 148, 139, 248, 236, 106, 201, 199, 176, 227, 123, 287, 152, 269, 341, 223, 300, 147, 67, 275, 253, 202, 186, 189, 267, 132, 265, 183, 96, 309, 294, 163, 17, 124, 187, 330, 155, 243, 125, 231, 125, 161, 214, 120, 188, 143, 202, 63, 39, 172, 311, 255, 329, 159, 288, 239, 217, 173, 127, 200, 324, 135, 223, 301, 177, 154, 42, 174, 301, 136, 236, 38, 296, 185, 83, 166, 322, 111, 280, 151, 152, 108, 132, 245, 118, 112, 160, 264, 219, 183, 277, 48, 163, 135, 166, 282, 154, 254, 197, 272, 139, 168, 352, 263, 57, 157, 244, 196, 167, 156, 77, 228, 300, 298, 78, 80, 308, 199, 303, 57, 38, 0, 195, 208, 105, 285, 114, 225, 0, 208, 274, 251, 53, 288, 278, 164, 66, 238, 66, 27, 219, 37, 187, 251, 138, 0, 296, 99, 269, 0, 140, 257, 91, 333, 89, 155, 223, 30, 194, 0, 157, 293, 0, 0, 189, 229, 112, 205, 219, 314, 0, 211, 250, 186, 33, 128, 269, 109, 0, 271, 30, 37, 0, 0, 51, 65, 233, 134, 96, 289, 82]

Control Count:
 [272, 273, 401, 249, 409, 267, 210, 388, 235, 237, 349, 226, 232, 381, 344, 419, 280, 317, 499, 290, 242, 316, 97, 420, 454, 464, 353, 337, 143, 414, 279, 199, 350, 108, 379, 394, 294, 403, 238, 359, 54, 343, 448, 456, 177, 237, 480, 231, 156, 303, 241, 266, 289, 387, 335, 408, 225, 497, 133, 230, 267, 320, 283, 446, 137, 441, 308, 319, 387, 518, 386, 472, 381, 481, 326, 395, 384, 225, 296, 242, 106, 426, 388, 358, 237, 192, 207, 467, 222, 376, 337, 320, 125, 234, 252, 327, 509, 169, 245, 252, 482, 410, 159, 238, 372, 309, 265, 296, 251, 371, 396, 198, 363, 365, 262, 416, 250, 482, 282, 453, 437, 279, 480, 264, 147, 490, 431, 392, 274, 257, 393, 279, 422, 330, 166, 487, 458, 150, 56, 209, 247, 483, 305, 427, 170, 401, 278, 221, 393, 191, 329, 281, 326, 131, 88, 169, 484, 384, 504, 295, 488, 356, 320, 308, 228, 296, 495, 255, 373, 448, 342, 258, 87, 353, 487, 224, 435, 64, 461, 318, 190, 292, 496, 97, 439, 217, 205, 133, 236, 391, 179, 172, 244, 442, 324, 262, 487, 92, 231, 201, 244, 511, 351, 427, 323, 422, 296, 329, 513, 440, 109, 301, 331, 343, 224, 253, 137, 331, 469, 468, 130, 149, 522, 320, 528, 114, 82, 0, 421, 265, 195, 434, 167, 351, 0, 320, 450, 436, 107, 463, 464, 300, 150, 379, 109, 68, 339, 62, 310, 416, 271, 0, 372, 214, 446, 0, 230, 450, 184, 485, 162, 303, 401, 60, 324, 0, 291, 434, 0, 0, 276, 359, 220, 369, 416, 428, 0, 349, 389, 303, 75, 274, 453, 167, 0, 549, 62, 79, 0, 0, 97, 139, 432, 221, 231, 276, 150]

Cluster Number:
 [1, 2, 3, 4, 5, 6, 7, 8, 9, 10, 11, 12, 13, 14, 15, 16, 17, 18, 19, 20, 21, 22, 23, 24, 25, 26, 27, 28, 29, 30, 31, 32, 33, 34, 35, 36, 37, 38, 39, 40, 41, 42, 43, 44, 45, 46, 47, 48, 49, 50, 51, 52, 53, 54, 55, 56, 57, 58, 59, 60, 61, 62, 63, 64, 65, 66, 67, 68, 69, 70, 71, 72, 73, 74, 75, 76, 77, 78, 79, 80, 81, 82, 83, 84, 85, 86, 87, 88, 89, 90, 91, 92, 93, 94, 95, 96, 97, 98, 99, 100, 101, 102, 103, 104, 105, 106, 107, 108, 109, 110, 111, 112, 113, 114, 115, 116, 117, 118, 119, 120, 121, 122, 123, 124, 125, 126, 127, 128, 129, 130, 131, 132, 133, 134, 135, 136, 137, 138, 139, 140, 141, 142, 144, 145, 146, 147, 148, 149, 150, 151, 152, 153, 154, 155, 156, 157, 158, 159, 160, 161, 162, 163, 164, 165, 166, 167, 168, 169, 170, 171, 172, 173, 174, 175, 176, 177, 178, 179, 180, 181, 182, 183, 184, 185, 186, 187, 188, 189, 190, 191, 192, 193, 194, 195, 196, 197, 198, 199, 200, 201, 202, 203, 204, 205, 206, 207, 208, 209, 210, 211, 212, 213, 214, 215, 216, 217, 218, 219, 220, 221, 222, 223, 224, 225, 226, 227, 228, 230, 231, 232, 233, 234, 235, 237, 238, 239, 240, 241, 242, 243, 244, 245, 246, 247, 248, 249, 250, 251, 252, 254, 255, 256, 258, 259, 260, 261, 262, 263, 264, 265, 266, 268, 269, 272, 273, 274, 275, 276, 277, 279, 280, 281, 282, 283, 284, 285, 287, 288, 289, 293, 294, 295, 296, 297, 298, 299]

Odds Ratio:

0.7130443086325439
0.8563218390804598
0.8573775840771902
0.9102045766960459
0.82004204464959
1.4316323345817727
1.3869513641755633
1.0471649484536083
0.6845021533714726
1.9884908077154915
0.7547211558672876
0.9864054494643689
0.6225152129817445
1.0022730412286982
0.9690252350321623
0.7274592598192207
0.6018808777429467
0.827263524648053
0.5534687465383028
1.229495582787119
2.05453783752904
1.1318071640183138
0.7985867587734333
0.9091836734693881
0.7692588619296524
0.7811742777260019
1.028976485981783
0.6588490885968631
0.5737898465171192
0.6892039487502628
1.2053863399448799
1.4220929823944901
0.8631147540983605
0.6233632622521512
0.7427386342660456
0.7563670575879574
1.2128037937166567
0.5928853754940712
0.875668449197861
1.274330623614348
1.0145046524356869
1.0293200249532128
0.8115183246073298
0.8913476874003189
0.6726137377341659
1.053663346238056
0.7227686703096539
1.0073983987027466
1.1240079365079363
0.7061236945612368
1.205099962278386
0.9862781954887218
1.0262156950791093
1.2326287400629756
0.8705401563610521
0.5502355981152149
1.2694761904761904
1.046635367762128
0.7357252547815161
1.606728778467909
0.6200762978165838
0.9461309523809525
0.993734154767691
0.909790732436472
0.7094425835930995
0.7293919177977152
0.8291708291708292
1.1974093049590544
1.7325057615755293
0.9428746928746926
1.0984720312995664
0.6849554429495018
0.8276047015862149
0.6136486486486488
1.8081271110498378
0.8944909966125874
1.8736795774647885
0.8122981366459627
1.1136437642461738
0.7468233471074381
4.776781537501949
0.7590796350429622
0.6686539974330311
0.6916328568090574
1.5230900085055288
1.7642503097893436
1.3063537435434531
1.1936219027225448
0.9484742807323451
1.1187234042553191
0.6083189086712825
0.7169039145907473
0.7784761904761904
0.9781481481481481
0.960672012218404
0.8051930067509088
0.9688714254529579
1.0011412919424787
0.829403606102635
0.7519462137296533
0.5080535646925689
1.7097382944632364
1.0420088790233073
0.9240924092409243
1.2896325685699501
1.5197536075543674
0.5492599706247883
0.7422680412371134
0.8805179282868527
1.2494319865652475
0.9746728367418025
0.852064185397519
0.8491909160358359
0.8246232876712328
1.1902591936841496
0.8030660377358493
0.7442278481012659
0.963665647521293
0.8376207774235798
0.9605895338267759
2.3170737402512493
1.6614728527810967
1.1151079136690647
0.8848069738480697
0.7118535586277521
0.8144599303135888
0.9373175660504452
0.7305605786618445
1.2181414269640232
1.385509727626459
1.323229185158885
0.6919547476445657
1.1043471155417548
0.8621448863636366
0.9475569918156592
1.1762596746169642
1.195301912362596
2.275700483091788
0.4834123222748815
0.9775347459557987
1.4450710108604847
1.5357000398883132
0.7569268067420918
0.8739544998327199
1.306669164481079
0.9056325532323037
0.6443889474407736
1.3286077020736353
0.8107435679954764
1.0576244481281492
0.9083665338645421
0.7685029335385208
1.0510212005901995
0.7635821016728925
0.709090909090909
2.1307980409104004
1.2248837809917354
1.2415081521739126
1.3292929292929296
0.833498789346247
0.9380089023993055
1.2487078651685395
1.246283783783784
0.8868762816131236
0.8926563202878992
1.2213049869953636
1.3261660079051385
0.8237229102167184
0.982586138417238
1.3632246376811592
0.762488281773135
0.9843601251189988
0.779466689828889
0.6975252552247581
1.079382793202988
1.00990099009901
0.7830587169469454
0.9831670822942642
1.1988532075299971
0.9390630416480958
0.6601714961561207
0.9079231271012094
1.287289771160739
2.2014395272818716
1.1592957120958154
1.2346550179211468
1.351168522138183
1.4596915248847193
0.8963727709380002
1.0884725920847946
1.1274473972745784
1.1071758765379418
1.1375521475997419
0.9761344537815126
1.2412457912457915
1.271439646946565
0.8461606712804526
0.8486600689425109
1.270641194554238
1.1643263943440691
1.2061490422146164
0.7627606666084987
0.5803768680961662
0.9678334071776693
1.0207123301691272
1.1810313023242613
0.6762162162162162
0.7518253905943316
1.6956823732383315
0.978099173553719
0.8473749939958691
0.7897905327395679
1.5007823998760554
0.905349794238683
1.3814338235294115
1.0349306554560818
0.9175908376013227
1.2960295528414545
1.1918823150434872
1.1741528762805356
0.9939058171745151
0.8659400646837788
0.9278465093153168
1.0571875
0.8439171122994652
0.8036649214659687
0.7465482634876224
nan
0.5827752034578092
1.5732091807563506
0.8592814371257487
1.2536656891495603
1.178332565637955
1.1292834890965733
nan
1.148051948051948
1.025885521885522
0.8941538161233651
0.7968863493293303
1.0916424699269094
0.9824373527521957
0.8508121212121216
0.6818230563002681
1.090352984418278
1.0048454140738372
0.636065105653912
1.1422767497988737
0.9886856042368801
1.000588837685612
1.0013297872340425
0.7731424158095401
nan
1.9809008196104976
0.6993677844969762
1.000501187021894
nan
1.0138141631525375
0.8723565323565322
0.7731134432783607
1.5739933865006812
0.888430335097002
0.7655254962115928
0.8418883347187586
0.8166259168704156
0.9873519778281684
nan
0.8360629767736588
1.3594785682722053
nan
nan
1.2380869565217392
1.1208515718265022
0.7908812899638589
0.8523266856600189
0.7465909090909093
1.7607476635514012
nan
1.004989192178153
1.152731872526217
1.031190075529292
0.7076847290640393
0.6819536695848099
0.9605895338267759
1.1095808383233534
nan
0.5259454419290487
0.7879170281567949
0.7561244410857106
nan
nan
0.8550589860771601
0.7364482745354519
0.7749910104279037
1.0079074252651878
0.6021733368672145
3.155265700483092
0.8850793650793651
