Case Count:
 [634, 516, 509, 337, 358, 514, 244, 317, 655, 317, 545, 148, 284, 409, 469, 563, 211, 151, 419, 288, 401, 418, 525, 315, 189, 220, 179, 352, 164, 254, 419, 337, 610, 219, 675, 513, 370, 396, 172, 340, 97, 246, 401, 326, 499, 258, 421, 475, 487, 277, 135, 32, 448, 460, 34, 629, 436, 558, 564, 311, 379, 57, 207, 143, 313, 256, 225, 46, 540, 132, 328, 450, 368, 163, 534, 288, 446, 486, 214, 0, 382, 453, 0, 59, 0, 566, 40, 185, 0, 466, 247, 46, 0, 381, 589, 0, 0, 32, 0]

Control Count:
 [433, 365, 361, 284, 210, 425, 150, 265, 460, 176, 345, 145, 180, 365, 323, 324, 195, 133, 267, 245, 351, 349, 456, 207, 132, 200, 111, 208, 120, 228, 270, 280, 388, 197, 390, 336, 239, 240, 124, 233, 75, 141, 192, 229, 386, 178, 299, 312, 380, 132, 101, 21, 356, 370, 34, 495, 371, 454, 484, 201, 344, 69, 110, 110, 290, 140, 140, 34, 404, 26, 185, 393, 223, 128, 427, 209, 235, 357, 138, 0, 315, 313, 0, 65, 0, 420, 24, 144, 0, 317, 141, 34, 0, 232, 414, 0, 0, 33, 0]

Cluster Number:
 [1, 2, 3, 4, 5, 6, 7, 8, 9, 10, 11, 12, 13, 14, 15, 16, 17, 18, 19, 20, 21, 22, 23, 24, 25, 26, 27, 28, 29, 30, 31, 32, 33, 34, 35, 36, 37, 38, 39, 40, 41, 42, 43, 44, 45, 46, 47, 48, 49, 50, 51, 52, 53, 54, 55, 56, 57, 58, 59, 60, 61, 62, 63, 64, 65, 66, 67, 68, 69, 70, 71, 72, 73, 74, 75, 76, 77, 78, 79, 81, 82, 84, 86, 87, 88, 90, 91, 92, 94, 95, 98]

Odds Ratio:

1.2309233960934751
1.0816677170055393
1.0742646088906478
0.7957568043395509
1.4062046534901174
0.7460467753366407
1.2609635036496354
0.8131212233321
1.148484608060933
1.4862318033273918
1.3822463768115942
0.7004989182745376
1.2255297157622735
0.6809483667017915
1.130044420514201
1.6949251163732042
0.7324191129205058
0.799698474979222
1.2738929279577003
0.7995670030882867
0.7140313390313389
0.7781584510398736
0.6412031005732153
1.1747627814757118
1.0622542997542999
0.746262341325811
1.2255855855855857
1.387281695773897
1.0022222222222221
0.7476413255360624
1.2506100217864928
0.8152569980694981
1.4440261125294898
0.7578179738328447
1.9828891580860089
1.2662044986263732
1.22409263403717
1.3651969981238268
1.0206247070354115
1.1099047632926982
0.9420192307692308
1.3793962804897046
1.9342743844696968
1.06709538189692
0.8868839619231235
1.0865386225489375
1.0587917731019407
1.2373983395459163
0.8727494641581329
1.7669757389849412
0.9763822729880042
1.1211976429367732
0.8502884907379291
0.8244107647092721
0.7229050279329611
0.7878383838383839
0.7389709299464743
0.7520215633423183
0.6289369410166423
1.2017581992947883
0.675068710359408
0.5797766254487435
1.4882523293880634
0.9444020356234094
0.6850817286162114
1.4699214604118018
1.235034496753247
0.9913396842315635
0.951793122757006
4.172377183669531
1.4632189593920044
0.6884571865687102
1.3472418726968978
0.919335427545692
0.8041739542880857
1.014682501175645
1.7524866745958327
0.9956560502304761
1.1776831863788386
nan
0.8114216070340385
1.1189089054152013
nan
0.6426878868258179
nan
0.9689492325855964
1.2317210348706409
0.9272793458781361
nan
1.1557051461119703
1.3870343794846194
0.9913396842315635
nan
1.3455590863327462
1.1172421142369993
nan
nan
0.7005168744299178
nan
