Case Count:
 [0, 484, 193, 175, 380, 381, 78, 357, 230, 281, 509, 427, 404, 409, 288, 404, 472, 115, 244, 514, 296, 564, 597, 317, 558, 345, 431, 464, 528, 437, 418, 313, 337, 169, 168, 71, 317, 527, 415, 470, 459, 305, 346, 455, 545, 329, 532, 453, 541, 171, 531, 440, 478, 487, 424, 449, 525, 401, 379, 430, 358, 492, 288, 337, 331, 579, 401, 634, 530, 678, 149, 148, 389, 347, 503, 382, 562, 387, 610, 379, 301, 411, 563, 573, 253, 516, 333, 554, 215, 508, 562, 381, 388, 186, 385, 500, 434, 352, 533, 590, 333, 513, 273, 370, 296, 325, 334, 196, 459, 541, 460, 302, 277, 517, 319, 658, 614, 594, 298, 186, 607, 519, 174, 382, 675, 548, 315, 649, 357, 349, 340, 634, 657, 264, 292, 519, 248, 246, 352, 670, 303, 592, 351, 381, 266, 629, 288, 324, 480, 325, 463, 678, 634, 350, 564, 331, 379, 627, 392, 651, 428, 331, 583, 421, 230, 301, 153, 175, 343, 453, 448, 496, 445, 466, 475, 338, 372, 559, 279, 264, 643, 598, 558, 373, 653, 258, 307, 120, 326, 47, 621, 316, 660, 107, 132, 365, 105, 391, 567, 534, 463, 223, 311, 559, 258, 62, 375, 180, 593, 360, 404, 446, 234, 101, 238, 631, 351, 540, 116, 368, 505, 269, 414, 219, 420, 710, 68, 102, 481, 309, 700, 599, 469, 455, 460, 102, 356, 544, 55, 215, 570, 313, 630, 407, 454, 388, 66, 708, 161, 450, 576, 604, 664, 635, 580, 358, 339, 328, 98, 528, 155, 518, 314, 220, 590, 161, 430, 157, 344, 486, 367, 553, 274, 118, 470, 581, 385, 0, 0, 213, 72, 0, 221, 362, 103, 576, 520, 0, 86, 86, 505]

Control Count:
 [0, 317, 155, 159, 259, 282, 82, 297, 128, 192, 361, 276, 250, 365, 245, 324, 418, 100, 150, 425, 194, 393, 320, 176, 378, 241, 189, 177, 449, 371, 349, 205, 284, 160, 159, 58, 265, 363, 225, 346, 315, 97, 283, 337, 345, 283, 374, 299, 355, 149, 368, 350, 349, 380, 274, 283, 456, 192, 249, 366, 210, 340, 209, 280, 288, 360, 351, 433, 459, 482, 104, 145, 259, 258, 382, 232, 448, 344, 388, 303, 247, 305, 324, 402, 176, 365, 235, 422, 90, 399, 427, 326, 278, 132, 313, 389, 378, 307, 412, 444, 176, 336, 229, 239, 209, 227, 171, 171, 393, 353, 370, 216, 241, 359, 136, 438, 426, 431, 240, 134, 441, 371, 130, 315, 390, 455, 207, 462, 272, 265, 233, 399, 460, 242, 141, 364, 159, 141, 253, 461, 197, 474, 279, 232, 254, 495, 205, 225, 397, 174, 251, 446, 468, 294, 484, 265, 344, 461, 253, 397, 321, 283, 434, 299, 144, 179, 110, 137, 267, 388, 356, 306, 337, 383, 312, 239, 278, 359, 205, 207, 470, 383, 454, 225, 442, 153, 210, 82, 229, 30, 437, 240, 438, 17, 26, 216, 69, 257, 423, 427, 350, 198, 151, 389, 202, 73, 272, 126, 450, 255, 275, 235, 155, 66, 173, 430, 323, 404, 92, 283, 370, 201, 286, 164, 380, 459, 60, 87, 350, 183, 459, 438, 341, 346, 307, 65, 288, 386, 39, 183, 407, 290, 530, 296, 265, 268, 46, 534, 143, 393, 408, 452, 536, 483, 445, 271, 235, 115, 72, 265, 119, 337, 236, 191, 388, 130, 331, 135, 270, 357, 221, 436, 139, 93, 309, 453, 268, 0, 0, 178, 56, 0, 200, 227, 79, 401, 382, 0, 83, 55, 384]

Cluster Number:
 [2, 3, 4, 5, 6, 8, 9, 11, 12, 13, 14, 15, 16, 17, 18, 19, 20, 21, 22, 23, 24, 25, 26, 27, 28, 29, 30, 31, 32, 33, 34, 35, 36, 37, 38, 39, 40, 41, 42, 43, 44, 45, 46, 47, 48, 49, 50, 51, 52, 53, 54, 55, 56, 57, 58, 59, 60, 61, 62, 63, 64, 65, 66, 67, 68, 69, 70, 71, 72, 73, 74, 75, 76, 77, 78, 79, 80, 81, 82, 83, 84, 85, 86, 88, 89, 90, 91, 92, 93, 94, 95, 97, 98, 99, 100, 101, 102, 103, 104, 105, 106, 107, 108, 109, 110, 111, 112, 113, 114, 115, 116, 117, 118, 119, 120, 121, 122, 123, 124, 125, 126, 127, 128, 129, 130, 131, 132, 133, 134, 135, 136, 137, 138, 139, 140, 141, 142, 143, 144, 145, 146, 147, 148, 149, 150, 151, 152, 153, 154, 155, 156, 157, 158, 159, 160, 161, 162, 163, 164, 165, 166, 167, 168, 169, 170, 171, 172, 173, 174, 175, 176, 177, 178, 179, 180, 181, 182, 183, 184, 185, 186, 187, 188, 189, 190, 191, 192, 193, 194, 195, 196, 197, 198, 199, 200, 201, 202, 203, 204, 205, 206, 207, 208, 209, 210, 211, 212, 213, 214, 215, 216, 217, 218, 219, 220, 221, 222, 223, 224, 225, 226, 227, 228, 229, 230, 231, 232, 233, 234, 235, 236, 237, 238, 239, 240, 241, 242, 243, 244, 245, 246, 248, 249, 250, 251, 252, 253, 254, 255, 256, 257, 258, 259, 260, 261, 262, 263, 264, 265, 266, 267, 268, 269, 270, 271, 272, 273, 274, 275, 276, 277, 278, 279, 280, 281, 282, 286, 287, 289, 290, 291, 294, 295, 297, 298, 299]

Odds Ratio:

nan
1.2488994435189449
0.8898842917251053
0.7619738751814222
1.1277788326968656
0.9837125330020191
0.6695422888423948
0.8069506251324433
1.421562052932761
1.1044319058641976
1.0742646088906478
1.2481595357699637
1.3266590476190476
0.6809483667017915
0.7995670030882867
0.8479012345679016
0.6498382419147134
0.8208230958230956
1.2609635036496354
0.7460467753366407
1.1738571033045064
1.1323643208198264
2.028586219879518
1.4862318033273918
1.2056218713900655
1.0785539703291085
2.252948301141073
2.8413340623291417
0.6803481274541932
0.7421712357285297
0.7781584510398736
1.1798226164079821
0.7957568043395509
0.7240871710526317
0.7247663203828131
0.8888553974760871
0.8131212233321
1.1484313967353317
1.6363164721141372
0.9914113365320442
1.1347112462006081
2.9427702881311135
0.8346495826994528
0.979854511763012
1.3822463768115942
0.7711542991755006
1.0999878769918772
1.21585958798235
1.2804268912443733
0.8054753767420445
1.1347703189862355
0.8509494595384166
1.0082402048297638
0.8727494641581329
1.2471489484714893
1.315532979976443
0.6412031005732153
1.9342743844696968
1.1955312157721798
0.7416472288839977
1.4062046534901174
1.1291694709920583
1.014682501175645
0.8152569980694981
0.7553128483835005
1.4750714285714286
0.7140313390313389
1.2309233960934751
0.6424558127344503
1.1152237522937303
1.0598249506903354
0.7004989182745376
1.1737308737308734
0.9775233756892833
0.9242005260182385
1.3515570825190697
0.7964310042818218
0.699492619926199
1.4440261125294898
0.8596579657965796
0.8421697310399962
0.9781378568263817
1.6949251163732042
1.1170761361730668
1.0738720414201184
1.0816677170055393
1.0603884049692986
0.9067045813586095
1.9773576097105507
0.8528208883253265
0.9109113069447193
0.7571033540817699
1.0396680806925622
1.0411721522084916
0.8320804360082692
0.8748749108646281
0.7028058361391694
0.7431903759194757
0.8787940080415807
0.9290042254644025
1.6031593197071383
1.2662044986263732
0.8214133560549581
1.22409263403717
1.056048134122467
1.076158940397351
1.674185463659148
0.7974916828223356
0.7156732174760435
1.295581320639
0.8244107647092721
1.0369041290093919
0.775653590611715
1.1255239743624417
2.095648505303761
1.3470656624374466
1.1667784484685895
1.028500190462998
0.8677892234548336
1.021895904059782
1.0259010436472722
1.0577213858391952
0.9768110035659705
0.8114216070340385
1.9828891580860089
0.7144183900089415
1.1747627814757118
1.098724489795918
0.9384833916083917
0.9445933636955105
1.1099047632926982
1.518949917165796
1.1604619565217391
0.720164046479836
1.7555696583052205
1.1024055213079602
1.195578089934336
1.3793962804897046
1.0320247155451736
1.2345162019782407
1.1891795462285721
0.7671562183074785
0.8749860475499495
1.3455590863327462
0.6744694243536299
0.7878383838383839
1.0432479738213918
1.0853553719008264
0.7647557123863273
1.5678522493720026
1.702118564369133
1.4232755078341346
0.9781399391568883
0.7957068837897853
0.6289369410166423
0.8689089417555371
0.675068710359408
0.9907916852221629
1.234909208676515
1.675189822952721
0.9580838323353292
0.7784369571126367
0.958958205695107
1.0587917731019407
1.2270505484024796
1.3441803366188663
1.0234653233364572
0.9216054521868767
0.9075813935652108
0.7186660746772937
0.8502884907379291
1.4037947742607435
0.9385192633101992
0.7831093616949285
1.2373983395459163
1.0576782844480315
0.9681619157098018
1.3551005044041258
0.9966529080675421
0.9090552468126841
1.0093215295342952
1.405693641390517
0.7520215633423183
1.3596163069544362
1.2793215948586791
1.326904532304725
1.1070050528249886
1.0835418613765866
1.06709538189692
1.1563492063492065
1.1257689678742313
0.9472267536704729
1.3612058868462593
5.084299413195936
4.172377183669531
1.3931983845547673
1.1302237230899115
1.1990221746488652
0.955330903961443
0.8041739542880857
0.9396259963212753
0.7705167825564426
1.7663258963972657
1.1340790662127425
0.9117616679700757
0.5955981103158428
1.0178315459757912
1.058554262826626
0.9059722222222221
1.0569626796236946
1.1360969696969698
1.7524866745958327
1.1425760037131587
1.1366381203337725
1.0113850246354867
1.2359996878414232
0.6730693005667026
0.951793122757006
0.9134713086261299
0.9225323280613239
1.0011155022947476
0.9733152419719583
1.1102586733654696
0.9723720371006527
0.6536035570261608
1.568030560778345
0.8174216027874565
0.8420964850102155
1.015376275510204
1.356266525647806
1.4784370808002965
1.0070361145703612
1.0165752900675762
0.929398063461867
1.1948632824708472
1.1688587108175983
0.8478039557882491
1.0798734943812667
1.0359091709206125
0.819442531110805
1.0688987290658598
0.6850817286162114
0.6003028964472769
1.0141283524904214
1.5004091360476661
1.105222501172511
1.0557206912187014
0.8818953683461286
0.7886982808857809
0.6884571865687102
1.0918180303282787
0.9415656909462214
0.6778372289495915
0.885410064646977
0.8813624802807382
0.9485527429705118
1.0904724125495853
2.686073934746437
0.9974929803449659
2.066983484684515
0.9457581482205286
1.286519814883002
0.9627256442055946
0.7960478219452218
1.314280935437764
0.8885316506410255
0.9111879347819507
0.8225100748416811
0.895118708452042
0.9956560502304761
1.3592373713788821
0.8264505660745657
1.6311494315997586
0.9199315858557736
1.2327347335913874
0.8402983938494332
1.0906291154521512
nan
nan
0.8406487351704224
0.9376562760460077
nan
0.7507132768361581
1.2768959435626104
0.9502252735464491
1.139361228656404
0.9951484273992242
nan
0.7350112192542411
1.1611344764369675
0.9211932488207547
