Case Count:
 [0, 381, 509, 484, 525, 96, 230, 545, 427, 442, 358, 418, 455, 244, 193, 337, 453, 424, 500, 401, 126, 516, 317, 558, 379, 430, 455, 148, 449, 514, 302, 345, 610, 103, 254, 369, 434, 573, 415, 563, 169, 356, 401, 409, 634, 333, 219, 288, 530, 220, 382, 379, 508, 478, 246, 629, 463, 211, 215, 464, 364, 304, 171, 337, 315, 533, 548, 387, 319, 469, 678, 592, 657, 562, 324, 448, 162, 253, 630, 143, 460, 340, 576, 634, 352, 487, 513, 421, 277, 541, 590, 319, 675, 670, 331, 169, 279, 179, 331, 175, 399, 475, 370, 411, 658, 381, 519, 258, 132, 277, 383, 607, 564, 296, 362, 175, 372, 599, 172, 338, 621, 583, 339, 317, 436, 653, 631, 143, 430, 558, 301, 264, 376, 280, 404, 540, 472, 450, 313, 207, 466, 567, 454, 534, 446, 267, 553, 326, 379, 643, 86, 466, 365, 562, 496, 700, 60, 385, 57, 388, 92, 455, 486, 102, 98, 310, 407, 168, 581, 439, 532, 72, 68, 351, 0, 0, 81, 593, 358, 174, 262, 566, 86, 460, 594, 391, 66, 0, 0, 343, 0, 0, 0, 0, 0, 58, 0, 321]

Control Count:
 [0, 282, 361, 317, 456, 96, 128, 345, 276, 206, 210, 349, 337, 150, 155, 284, 299, 274, 389, 351, 81, 365, 265, 378, 249, 366, 304, 145, 283, 425, 216, 241, 388, 72, 228, 207, 378, 402, 225, 324, 160, 288, 192, 365, 433, 235, 197, 245, 459, 200, 315, 303, 399, 349, 141, 495, 251, 195, 90, 177, 251, 202, 149, 280, 207, 412, 455, 344, 136, 309, 482, 474, 460, 448, 225, 356, 146, 176, 530, 109, 370, 233, 401, 399, 307, 380, 336, 299, 241, 353, 444, 198, 390, 461, 265, 119, 205, 149, 283, 137, 247, 312, 239, 305, 438, 232, 371, 178, 26, 132, 291, 441, 484, 209, 265, 159, 278, 438, 124, 239, 437, 434, 235, 176, 371, 442, 430, 110, 281, 454, 179, 207, 272, 230, 275, 404, 310, 393, 290, 110, 383, 469, 265, 427, 235, 175, 436, 229, 344, 470, 59, 318, 216, 427, 306, 459, 43, 313, 69, 268, 55, 346, 357, 87, 72, 203, 296, 159, 453, 273, 374, 51, 60, 279, 0, 0, 71, 450, 271, 130, 105, 420, 55, 307, 431, 257, 46, 0, 0, 202, 0, 0, 0, 0, 0, 43, 0, 234]

Cluster Number:
 [2, 3, 4, 5, 6, 7, 8, 9, 10, 11, 12, 13, 14, 15, 16, 17, 18, 19, 20, 21, 22, 23, 24, 25, 26, 27, 28, 29, 31, 32, 33, 34, 35, 36, 37, 38, 39, 40, 41, 42, 43, 44, 45, 46, 47, 48, 49, 50, 51, 52, 53, 54, 55, 56, 57, 58, 59, 60, 61, 62, 63, 64, 65, 66, 67, 68, 69, 70, 71, 72, 73, 74, 75, 76, 77, 78, 79, 80, 81, 82, 83, 84, 85, 86, 87, 88, 89, 90, 91, 92, 93, 94, 95, 96, 97, 98, 99, 100, 101, 102, 103, 104, 105, 106, 107, 108, 109, 110, 111, 112, 113, 114, 115, 116, 117, 118, 119, 120, 121, 122, 123, 124, 125, 126, 127, 128, 129, 130, 131, 132, 133, 134, 135, 136, 137, 138, 139, 140, 141, 142, 143, 144, 145, 146, 147, 148, 149, 150, 151, 152, 153, 154, 155, 156, 157, 158, 159, 160, 161, 162, 163, 164, 165, 166, 167, 168, 169, 170, 171, 172, 173, 174, 175, 178, 179, 180, 181, 182, 183, 184, 185, 186, 187, 188, 191, 197, 199]

Odds Ratio:

nan
0.9837125330020191
1.0742646088906478
1.2488994435189449
0.6412031005732153
0.7022809123649459
1.421562052932761
1.3822463768115942
1.2481595357699637
2.092761308586352
1.4062046534901174
0.7781584510398736
0.979854511763012
1.2609635036496354
0.8898842917251053
0.7957568043395509
1.21585958798235
1.2471489484714893
0.8748749108646281
0.7140313390313389
1.1623080116230802
1.0816677170055393
0.8131212233321
1.2056218713900655
1.1955312157721798
0.7416472288839977
1.190421663335554
0.7004989182745376
1.315532979976443
0.7460467753366407
1.0369041290093919
1.0785539703291085
1.4440261125294898
1.054731638418079
0.7476413255360624
1.508850931677019
0.7028058361391694
1.1170761361730668
1.6363164721141372
1.6949251163732042
0.7240871710526317
0.8478039557882491
1.9342743844696968
0.6809483667017915
1.2309233960934751
1.0603884049692986
0.7578179738328447
0.7995670030882867
0.6424558127344503
0.746262341325811
0.8114216070340385
0.8596579657965796
0.8528208883253265
1.0082402048297638
1.3793962804897046
0.7878383838383839
1.702118564369133
0.7324191129205058
1.9773576097105507
2.8413340623291417
1.1036914289743682
1.1533940594059409
0.8054753767420445
0.8152569980694981
1.1747627814757118
0.8787940080415807
0.7144183900089415
0.699492619926199
2.095648505303761
1.227437737441959
1.1152237522937303
0.7671562183074785
1.1604619565217391
0.7964310042818218
1.0853553719008264
0.8502884907379291
0.7739636727331176
1.0738720414201184
0.6003028964472769
0.954735392301048
0.8244107647092721
1.1099047632926982
1.139361228656404
1.518949917165796
0.7431903759194757
0.8727494641581329
1.2662044986263732
1.0587917731019407
0.775653590611715
1.295581320639
0.9290042254644025
1.2756830601092897
1.9828891580860089
1.2345162019782407
0.8689089417555371
1.0501769128704115
0.9966529080675421
0.8521521252796418
0.7784369571126367
0.9216054521868767
1.3227866473149492
1.2373983395459163
1.22409263403717
0.9781378568263817
1.3470656624374466
1.3455590863327462
1.0577213858391952
1.0865386225489375
4.172377183669531
1.7669757389849412
0.9401080019636723
1.0259010436472722
0.6289369410166423
1.056048134122467
1.0022428538151806
0.7619738751814222
0.9681619157098018
1.0070361145703612
1.0206247070354115
1.0576782844480315
1.1257689678742313
0.958958205695107
1.0904724125495853
1.4862318033273918
0.7389709299464743
1.2793215948586791
1.2359996878414232
0.9444020356234094
1.226652593443114
0.7520215633423183
1.3441803366188663
0.9090552468126841
1.0223912349750028
0.8459837877671333
1.1360969696969698
0.951793122757006
1.236055622220654
0.6884571865687102
0.6850817286162114
1.4882523293880634
0.7831093616949285
0.7080069266925041
1.5004091360476661
0.8041739542880857
1.7524866745958327
1.1661804056970222
0.8264505660745657
1.06709538189692
0.675068710359408
1.0093215295342952
1.0754971148239743
1.1489058233831857
1.3931983845547673
0.9109113069447193
1.4037947742607435
1.4784370808002965
1.0244333235207534
0.8320804360082692
0.5797766254487435
1.105222501172511
1.2510481155642443
0.929398063461867
0.9956560502304761
0.8420964850102155
0.9974929803449659
1.1792419045496871
1.0141283524904214
0.7247663203828131
0.8402983938494332
1.3389549226283919
1.0999878769918772
1.0378200288283341
0.8174216027874565
0.8749860475499495
nan
nan
0.8206550624501726
0.9059722222222221
0.9485527429705118
0.9768110035659705
2.1548083101306488
0.9689492325855964
1.1611344764369675
1.1948632824708472
1.028500190462998
1.1990221746488652
1.0557206912187014
nan
nan
1.3879718176595819
nan
nan
nan
nan
nan
0.9880116412570421
nan
1.0085399797570846
