Case Count:
 [463, 419, 331, 431, 215, 317, 167, 453, 486, 381, 281, 219, 426, 337, 470, 261, 295, 357, 404, 649, 597, 230, 418, 407, 534, 455, 545, 288, 531, 558, 298, 352, 404, 244, 473, 427, 422, 490, 437, 535, 175, 415, 358, 478, 331, 514, 500, 528, 333, 379, 464, 657, 472, 473, 209, 193, 317, 170, 136, 670, 345, 204, 356, 382, 418, 573, 459, 440, 409, 430, 434, 333, 337, 401, 379, 579, 401, 541, 525, 313, 527, 516, 288, 169, 273, 143, 449, 487, 148, 629, 335, 508, 388, 373, 646, 562, 305, 532, 329, 246, 288, 634, 133, 387, 347, 96, 564, 319, 295, 382, 253, 289, 350, 302, 251, 563, 610, 678, 385, 301, 513, 517, 211, 492, 325, 459, 614, 548, 486, 325, 266, 399, 460, 340, 352, 196, 381, 630, 554, 331, 564, 530, 303, 315, 448, 590, 389, 325, 627, 428, 370, 411, 349, 343, 562, 533, 617, 546, 455, 607, 338, 319, 385, 351, 598, 634, 480, 307, 334, 541, 675, 344, 463, 592, 357, 214, 292, 379, 653, 277, 576, 588, 421, 658, 296, 519, 356, 137, 264, 660, 174, 130, 114, 594, 368, 475, 621, 413, 326, 651, 301, 531, 246, 153, 279, 481, 223, 466, 95, 258, 508, 494, 372, 184, 210, 331, 466, 175, 344, 678, 558, 100, 258, 643, 353, 365, 161, 457, 238, 528, 101, 470, 469, 264, 392, 454, 134, 634, 538, 505, 234, 553, 103, 313, 593, 81, 376, 559, 599, 281, 570, 373, 583, 316, 460, 66, 102, 635, 339, 119, 593, 269, 576, 86, 700, 450, 177, 313, 98, 506, 631, 47, 557, 309, 540, 88, 453, 76, 710, 567, 362, 534, 0, 465, 627, 388, 340, 487, 381, 567, 102, 475, 71, 580, 708, 67, 367, 161, 220, 446, 391, 727, 240, 489, 544, 387, 161, 153, 404, 180, 372, 455, 571, 353, 350, 55, 663, 133, 314, 599, 604, 407, 505, 585, 150, 479, 129, 588, 340, 590, 80, 414, 603, 664, 0, 344, 425, 190, 0, 588, 75, 439, 749, 503, 173, 409, 576, 522, 150, 505, 368, 0, 0, 461, 728, 256, 430, 0, 0, 358, 667, 576, 742, 0, 701, 504, 0, 0, 501, 0, 598, 79]

Control Count:
 [325, 237, 215, 189, 183, 176, 161, 299, 317, 282, 192, 164, 248, 284, 346, 204, 261, 297, 324, 462, 320, 128, 309, 337, 464, 337, 345, 209, 368, 378, 240, 253, 250, 150, 363, 276, 171, 430, 371, 446, 159, 225, 210, 349, 288, 425, 389, 449, 176, 249, 177, 460, 418, 360, 146, 155, 265, 140, 127, 461, 241, 115, 288, 315, 349, 402, 315, 350, 365, 366, 378, 235, 280, 351, 303, 360, 192, 353, 456, 205, 363, 365, 245, 160, 229, 124, 283, 380, 145, 495, 234, 399, 278, 225, 451, 427, 97, 374, 283, 141, 205, 433, 95, 344, 258, 82, 393, 243, 145, 232, 176, 197, 294, 216, 202, 324, 388, 482, 313, 247, 336, 359, 195, 340, 174, 393, 426, 455, 338, 227, 254, 247, 370, 233, 307, 171, 326, 530, 422, 283, 484, 459, 197, 207, 356, 444, 259, 229, 461, 321, 239, 305, 265, 267, 448, 412, 451, 324, 331, 441, 239, 136, 268, 323, 383, 399, 397, 210, 171, 355, 390, 173, 350, 474, 272, 141, 141, 344, 442, 241, 401, 386, 299, 438, 209, 371, 261, 128, 242, 438, 130, 106, 20, 431, 283, 312, 437, 250, 229, 397, 179, 371, 157, 110, 205, 350, 198, 310, 65, 153, 336, 363, 278, 124, 154, 265, 384, 137, 248, 446, 454, 41, 202, 470, 180, 216, 30, 281, 173, 392, 66, 309, 341, 207, 275, 265, 90, 468, 401, 370, 155, 436, 58, 290, 450, 68, 272, 389, 438, 217, 407, 262, 434, 240, 307, 78, 87, 483, 235, 79, 446, 201, 422, 77, 459, 393, 137, 235, 72, 401, 430, 30, 382, 183, 404, 58, 388, 52, 459, 469, 227, 427, 0, 355, 454, 268, 264, 344, 297, 423, 65, 335, 57, 445, 534, 79, 221, 130, 191, 235, 257, 517, 208, 362, 386, 272, 143, 131, 275, 126, 302, 346, 402, 262, 233, 39, 539, 101, 236, 432, 452, 296, 359, 448, 125, 258, 82, 488, 251, 388, 57, 286, 467, 536, 0, 270, 316, 135, 0, 399, 17, 273, 482, 344, 126, 325, 408, 405, 31, 384, 269, 0, 0, 333, 505, 174, 331, 0, 0, 271, 458, 390, 519, 0, 538, 365, 0, 0, 391, 0, 445, 53]

Cluster Number:
 [1, 4, 5, 7, 9, 10, 11, 12, 13, 14, 15, 16, 17, 19, 20, 21, 22, 23, 24, 25, 26, 27, 28, 29, 31, 32, 33, 34, 35, 36, 37, 38, 39, 40, 41, 42, 43, 44, 45, 46, 47, 48, 49, 50, 51, 52, 53, 54, 56, 57, 58, 59, 60, 61, 62, 63, 64, 65, 66, 67, 68, 69, 70, 71, 73, 74, 75, 76, 77, 78, 79, 80, 81, 82, 83, 84, 85, 86, 87, 89, 90, 91, 92, 93, 94, 95, 96, 97, 98, 99, 100, 101, 102, 103, 104, 105, 106, 107, 108, 109, 110, 111, 112, 113, 114, 115, 116, 117, 118, 119, 120, 121, 122, 123, 124, 125, 126, 127, 128, 129, 130, 131, 132, 133, 134, 135, 136, 137, 138, 139, 140, 141, 142, 143, 144, 145, 146, 147, 148, 149, 150, 151, 152, 153, 154, 155, 156, 157, 158, 159, 160, 161, 162, 163, 164, 165, 166, 167, 168, 169, 170, 171, 172, 173, 174, 175, 176, 177, 178, 179, 180, 181, 182, 183, 184, 186, 187, 188, 189, 190, 191, 192, 193, 194, 195, 196, 197, 198, 199, 200, 201, 202, 203, 204, 205, 206, 207, 208, 209, 210, 211, 212, 213, 214, 215, 216, 217, 219, 220, 221, 222, 223, 224, 225, 226, 227, 228, 229, 231, 232, 233, 234, 235, 236, 237, 238, 239, 240, 242, 243, 244, 245, 246, 247, 248, 249, 250, 251, 252, 253, 254, 255, 256, 257, 258, 259, 260, 261, 262, 263, 264, 265, 266, 267, 268, 269, 270, 271, 272, 273, 274, 275, 276, 277, 278, 279, 280, 281, 282, 283, 284, 285, 286, 287, 288, 289, 290, 291, 292, 293, 294, 295, 297, 298, 299, 300, 301, 302, 303, 305, 306, 307, 308, 310, 311, 312, 313, 314, 315, 316, 317, 318, 319, 320, 321, 322, 323, 324, 325, 326, 327, 328, 329, 330, 333, 334, 335, 336, 338, 339, 340, 341, 342, 343, 344, 345, 346, 347, 349, 350, 351, 352, 353, 356, 357, 358, 361, 362, 363, 364, 365, 366, 367, 368, 369, 370, 371, 372, 377, 378, 379, 380, 383, 386, 388, 389, 391, 392, 395, 397, 398]

Odds Ratio:

1.0883327830967315
1.5391412261106976
1.1997044411604572
2.252948301141073
0.819442531110805
1.4862318033273918
0.707846301820968
1.21585958798235
1.259721856285293
0.9837125330020191
1.1044319058641976
0.9723720371006527
1.4786923619572885
0.7957568043395509
0.9914113365320442
0.9135919337794999
0.7487581130570361
0.8069506251324433
0.8479012345679016
1.098724489795918
2.028586219879518
1.421562052932761
0.9847814109019059
0.7958889002580803
0.6322457442164995
0.979854511763012
1.3822463768115942
1.014682501175645
1.1347703189862355
1.2056218713900655
0.8677892234548336
1.0320247155451736
1.3266590476190476
1.2609635036496354
0.9086921850079747
1.2481595357699637
2.482438838714143
0.6515336123324682
0.7421712357285297
0.7154685757210171
0.7619738751814222
1.6363164721141372
1.4062046534901174
1.0082402048297638
0.7553128483835005
0.7460467753366407
0.8748749108646281
0.6803481274541932
1.6031593197071383
1.1955312157721798
2.8413340623291417
1.1604619565217391
0.6498382419147134
0.9249086257309944
1.0636891171993912
0.8898842917251053
0.8131212233321
0.8655185394315829
0.7481208606805613
1.2345162019782407
1.0785539703291085
1.3848755622188904
0.8478039557882491
0.8114216070340385
0.7781584510398736
1.1170761361730668
1.1347112462006081
0.8509494595384166
0.6809483667017915
0.7416472288839977
0.7028058361391694
1.0603884049692986
0.8152569980694981
0.7140313390313389
0.8596579657965796
1.4750714285714286
1.9342743844696968
1.295581320639
0.6412031005732153
1.1798226164079821
1.1484313967353317
1.0816677170055393
0.7995670030882867
0.7240871710526317
0.8214133560549581
0.8172350816711811
1.315532979976443
0.8727494641581329
0.7004989182745376
0.7878383838383839
1.077333160666494
0.8528208883253265
1.0396680806925622
1.3596163069544362
1.1641189974379664
0.9109113069447193
2.9427702881311135
1.0999878769918772
0.7711542991755006
1.3793962804897046
1.0432479738213918
1.2309233960934751
1.0306532663316583
0.699492619926199
0.9775233756892833
0.8418586946973912
1.1323643208198264
0.9426027120016192
1.7200043511367344
1.3515570825190697
1.0738720414201184
1.1094225888324871
0.7957068837897853
1.0369041290093919
0.8778658839335263
1.6949251163732042
1.4440261125294898
1.1152237522937303
0.8320804360082692
0.8421697310399962
1.2662044986263732
1.1255239743624417
0.7324191129205058
1.1291694709920583
1.5678522493720026
0.7156732174760435
1.1667784484685895
0.7144183900089415
1.113294241788772
1.076158940397351
0.6744694243536299
1.3227866473149492
0.8244107647092721
1.1099047632926982
0.7431903759194757
0.7974916828223356
0.7571033540817699
0.6003028964472769
0.9067045813586095
0.7784369571126367
0.6289369410166423
0.6424558127344503
1.1891795462285721
1.1747627814757118
0.8502884907379291
0.9290042254644025
1.1737308737308734
1.062060788339744
0.9907916852221629
0.9580838323353292
1.22409263403717
0.9781378568263817
0.9445933636955105
0.9075813935652108
0.7964310042818218
0.8787940080415807
1.0085138438796974
1.5707861908906302
1.0150165079607891
1.0259010436472722
1.0576782844480315
2.095648505303761
1.0906291154521512
0.6730693005667026
1.405693641390517
1.518949917165796
0.7647557123863273
1.1070050528249886
1.674185463659148
1.2804268912443733
1.9828891580860089
1.7267131070599282
0.9396259963212753
0.7671562183074785
0.9384833916083917
1.146257997321827
1.7555696583052205
0.675068710359408
1.2793215948586791
0.775653590611715
1.139361228656404
1.3178247458708765
1.0587917731019407
1.3470656624374466
1.056048134122467
1.0577213858391952
0.9997793424404727
0.7473267834595961
0.720164046479836
1.3612058868462593
0.9768110035659705
0.8825890854133706
4.622944785276074
1.028500190462998
0.9225323280613239
1.2373983395459163
1.1257689678742313
1.3798682170542638
1.06709538189692
1.675189822952721
1.3441803366188663
1.114805835105446
1.2021150600106314
1.0234653233364572
0.9966529080675421
1.015376275510204
0.7705167825564426
1.2045286699644675
1.0795056262682163
1.326904532304725
1.2389718357651849
0.9948513346632466
0.9681619157098018
1.1094176228620913
0.9994942470603112
0.8689089417555371
0.7784489740820733
0.9216054521868767
1.0266887234629172
1.4232755078341346
0.7520215633423183
1.88296213480832
0.9117616679700757
1.0093215295342952
1.7057581018518517
1.3931983845547673
4.5490885416666655
1.3782495928584355
1.0113850246354867
0.9707364242455088
1.1366381203337725
1.2327347335913874
1.0165752900675762
0.9090552468126841
1.077717961740308
1.5004091360476661
1.1068343815513628
0.9781399391568883
0.9607694319189238
1.0011155022947476
1.1425760037131587
0.8264505660745657
1.3394213909994157
0.6850817286162114
0.9059722222222221
0.861074500554939
1.0223912349750028
1.1340790662127425
1.0070361145703612
0.9272344541161747
1.0688987290658598
1.0728691855675765
0.958958205695107
0.9472267536704729
1.1948632824708472
0.5912291648096978
0.8420964850102155
0.885410064646977
1.0904724125495853
1.1195186747929362
0.9299260623531924
0.9733152419719583
1.001463421183357
0.8002341667822095
1.4784370808002965
0.6884571865687102
0.9346171765802141
0.9643409781707653
0.9974929803449659
0.8352640856487623
1.2359996878414232
1.1563492063492065
1.1719796768563868
1.356266525647806
0.951793122757006
1.1239493214153922
0.7186660746772937
1.077734692037154
1.568030560778345
0.7080069266925041
1.2768959435626104
0.8041739542880857
nan
0.9202889752306942
1.0380794701986755
1.105222501172511
0.9117919432011112
1.0793894033463116
0.8989161689891618
0.955330903961443
1.1688587108175983
1.0806101650338613
0.9059011164274322
0.8813624802807382
0.8818953683461286
0.5922934594261211
1.3592373713788821
0.8885316506410255
0.7960478219452218
1.7524866745958327
1.1990221746488652
1.1416588467357374
0.7921178966171709
0.9793508287292817
1.0798734943812667
1.073658291729976
0.7886982808857809
0.827791768316676
1.1360969696969698
1.058554262826626
0.8381466465335823
0.929398063461867
1.106958225631618
0.9800877332485157
1.1622821647505317
1.0359091709206125
0.6566462538535576
0.9595004726603312
0.9627256442055946
1.0462331649831649
0.9415656909462214
1.0141283524904214
1.068284543017817
0.8844541632059802
0.8564826700898588
1.745193798449612
1.1779115853658535
0.6819624056535741
0.9889136154871179
1.314280935437764
1.031554150393652
1.1102586733654696
0.8476110403173897
0.6778372289495915
nan
0.895118708452042
0.9740117038376531
1.0398436325364608
nan
1.2187065905232288
3.4302245488359286
1.3389549226283919
1.717969110189028
1.1567242602904244
1.0079680020156212
0.8615621301775149
1.0918180303282787
0.8740376740376742
4.0374342622882935
0.9211932488207547
1.0046849425812907
nan
nan
1.0294140294140293
1.2622826461750654
1.1083670646103396
0.9111879347819507
nan
nan
0.9485527429705118
1.239549651655055
1.2175201568969274
1.2385397669314702
nan
0.8172161351333722
1.0266817082997586
nan
nan
0.868190835862992
nan
0.9581316405852204
1.1012652608213098
