Case Count:
 [245, 259, 161, 0, 0, 200, 193, 23, 252, 137, 0, 144, 239, 129, 33, 114, 31, 0, 269, 97, 147, 3, 243, 174, 0, 147, 65, 236, 300, 0, 189, 0, 176, 53, 291, 77, 212, 43, 38, 236, 168, 173, 122, 152, 133, 69, 143, 174, 81, 110, 148, 142, 254, 73, 115, 166, 44, 186, 78, 175, 186, 322, 157, 201, 268, 255, 189, 141, 135, 234, 227, 161, 159, 37, 158, 0, 211, 197, 151, 132, 75, 0, 181, 140, 47, 229, 48, 230, 62, 79, 68, 194, 138, 77, 37, 62, 69, 219, 27, 97, 46, 47, 121, 36, 35, 211, 147, 183, 259, 23, 46, 159, 248, 131, 207, 118, 172, 50, 85, 139, 182, 225, 140, 187, 95, 126, 69, 136, 181, 61, 42, 158, 0, 171, 187, 204, 93, 106, 298, 40, 68, 128, 51, 109, 226, 45, 117, 31, 0, 219, 117, 25, 120, 32, 0, 0, 0, 314, 272, 0, 0, 118, 41, 232, 157, 299, 0, 88, 27, 150, 25, 208, 188, 79, 187, 136, 161, 123, 78, 105, 0, 0, 134, 243, 0, 176, 219, 62, 261, 91, 203, 209, 188, 186, 0, 133]

Control Count:
 [390, 359, 309, 0, 0, 299, 398, 59, 420, 179, 0, 218, 481, 227, 74, 264, 53, 0, 446, 188, 303, 14, 386, 200, 0, 266, 183, 436, 480, 0, 236, 0, 234, 115, 387, 143, 319, 106, 83, 435, 310, 312, 187, 278, 307, 146, 288, 353, 138, 226, 252, 272, 464, 135, 242, 308, 99, 164, 177, 328, 303, 496, 291, 363, 450, 384, 356, 286, 175, 299, 416, 198, 266, 62, 320, 0, 349, 322, 281, 279, 127, 0, 408, 192, 100, 359, 42, 379, 133, 186, 122, 282, 254, 135, 82, 105, 148, 395, 53, 194, 96, 95, 260, 79, 84, 323, 165, 330, 446, 53, 125, 337, 371, 197, 394, 247, 169, 100, 146, 296, 277, 351, 227, 320, 213, 245, 27, 169, 322, 150, 72, 210, 0, 317, 310, 316, 170, 198, 462, 82, 136, 164, 104, 216, 370, 21, 102, 94, 0, 416, 192, 50, 232, 61, 0, 0, 0, 428, 431, 0, 0, 235, 105, 309, 271, 467, 0, 180, 43, 210, 52, 383, 279, 99, 230, 238, 221, 250, 185, 204, 0, 0, 181, 359, 0, 262, 383, 68, 326, 194, 374, 414, 329, 357, 0, 215]

Cluster Number:
 [1, 2, 3, 6, 7, 8, 9, 10, 12, 13, 14, 15, 16, 17, 19, 20, 21, 22, 23, 24, 26, 27, 28, 29, 31, 33, 34, 35, 36, 37, 38, 39, 40, 41, 42, 43, 44, 45, 46, 47, 48, 49, 50, 51, 52, 53, 54, 55, 56, 57, 58, 59, 60, 61, 62, 63, 64, 65, 66, 67, 68, 69, 70, 71, 72, 73, 74, 75, 77, 78, 79, 80, 81, 83, 84, 85, 86, 87, 88, 89, 90, 91, 92, 93, 94, 95, 96, 97, 98, 99, 100, 101, 102, 103, 104, 105, 106, 107, 108, 109, 110, 111, 112, 113, 114, 115, 116, 117, 118, 119, 120, 121, 122, 123, 124, 125, 126, 127, 128, 129, 130, 131, 132, 134, 135, 136, 137, 138, 139, 140, 141, 142, 143, 144, 145, 146, 147, 148, 150, 151, 152, 153, 154, 158, 159, 162, 163, 164, 165, 166, 168, 169, 170, 171, 172, 173, 174, 175, 176, 177, 178, 179, 180, 183, 184, 186, 187, 188, 189, 190, 191, 192, 193, 194, 196]

Odds Ratio:

1.0945017182130583
1.4789693593314759
0.7853018556028962
nan
nan
1.200654902674186
0.6505086407647999
0.626914928292047
0.9882352941176472
1.3913389322579455
nan
1.1419685896439125
0.6136486486486488
0.9184169390365213
0.7183464252429769
0.6165034965034965
0.9676748057713651
nan
1.000501187021894
0.8146696528555432
0.7061236945612368
0.3509174311926605
1.0984720312995664
1.7334339622641508
nan
0.8743691420331651
0.5175915373601004
0.7785962850815746
1.1151079136690647
nan
1.5760677966101695
nan
1.4127587663709336
0.7318990763685516
1.7325057615755293
0.8701657458563535
1.1974093049590544
0.6371736230226795
0.7364119820929603
0.7830587169469454
0.8359004880371383
0.8671679197994986
1.1134128443462272
0.8572932594690799
0.5960379808818207
0.7433913365420215
0.738081831831832
0.6975252552247581
0.967330580519796
0.7426634747289992
0.960672012218404
0.8015448603683898
0.7811742777260019
0.8761181946974297
0.7128099173553721
0.8291708291708292
0.7077355836849508
2.5282946110093514
0.6726137377341659
0.8083887657058387
1.031190075529292
1.287289771160739
0.8360629767736588
0.8491909160358359
0.9682131254061075
1.2415081521739126
0.7899775280898877
0.7312385600976208
1.4032894736842108
1.6377518557794275
0.8030660377358493
1.5502143739553813
0.9862781954887218
0.9886856042368801
0.7169039145907473
nan
1.004989192178153
1.0264103485447358
0.8340376631079477
0.6919547476445657
0.9750584061607684
nan
0.5502355981152149
1.307134894091416
0.7529591836734695
1.1208515718265022
2.0051150895140664
1.013369355266314
0.7357252547815161
0.6394563918757468
0.9104325924616677
1.2523375307569835
0.8555732858974026
0.9343359934520155
0.7250940419851959
0.9757736516357208
0.7308254200146093
0.8392059838895284
0.8346308847774319
0.780701754385965
0.770568278201866
0.7988990332975295
0.6849056603773586
0.7338631152432704
0.6641914191419142
1.1603796643311066
1.7177459526774594
0.8621448863636366
0.909790732436472
0.7041455007256894
0.5646412213740458
0.6588490885968631
1.2494319865652475
1.1464335157228562
0.7563670575879574
0.7158550582062633
2.1307980409104004
0.8071979434447301
0.9571627583004413
0.6762162162162162
1.1530152130244842
1.1292834890965733
1.0334006158560842
0.9461309523809525
0.6677175455835789
0.7936102236421724
4.8417417417417425
1.4846407717694847
0.8845635321873947
0.6218342151675486
0.9638958858102435
1.3869513641755633
nan
0.827263524648053
1.000588837685612
1.1318071640183138
0.8822509350561033
0.852064185397519
1.216849344508919
0.7897793263646923
0.7978436657681941
1.4154183985569757
0.7886597938144331
0.7829405162738495
1.026620987184368
3.845177664974619
2.2299963463646333
0.5124634960367126
nan
0.7465909090909093
1.0143633540372672
0.8188405797101448
0.8042373797427306
0.85970918757804
nan
nan
nan
1.7607476635514012
1.122358531197466
nan
nan
0.7711804865115662
0.6112227805695143
1.5197536075543674
0.9388526863992043
1.1936219027225448
nan
0.7632795188350743
1.0439715511402123
1.2802768166089966
0.785024154589372
0.8110949103116205
1.2053863399448799
1.3942480359147025
1.606728778467909
0.9240924092409243
1.3286077020736353
0.7442278481012659
0.6341843228269822
0.807502641775273
nan
nan
1.3277420523503303
1.274330623614348
nan
1.1902591936841496
0.8966888203180633
1.5961928537993446
1.8081271110498378
0.7197831496622823
0.8141711229946524
0.6892039487502628
0.9083665338645421
0.7640083701464776
nan
1.0370725034199726
