Case Count:
 [54, 13, 97, 37, 48, 142, 0, 299, 119, 147, 0, 147, 322, 144, 186, 138, 134, 117, 69, 291, 45, 224, 0, 159, 68, 97, 91, 189, 208, 36, 230, 0, 83, 89, 0, 174, 33, 132, 157, 139, 206, 0, 82, 243, 134, 60, 159, 117, 153, 154, 138, 187, 96, 0, 0, 86, 62, 103, 0, 46, 78, 121, 45, 163, 57, 17, 43, 0, 65, 93, 0, 76, 16, 117, 120, 0, 103, 135, 114, 0, 41, 62, 106, 105, 12, 13, 229, 42, 0, 78, 196, 35, 78, 219, 219, 259, 51, 3]

Control Count:
 [142, 18, 208, 62, 69, 272, 0, 467, 236, 303, 0, 165, 496, 250, 357, 314, 181, 219, 148, 387, 95, 368, 0, 266, 161, 194, 194, 356, 383, 75, 380, 0, 218, 140, 0, 353, 69, 279, 291, 201, 316, 0, 141, 359, 279, 124, 337, 102, 207, 215, 254, 230, 132, 0, 0, 159, 129, 87, 0, 96, 138, 159, 103, 226, 156, 45, 119, 0, 117, 170, 0, 168, 45, 236, 234, 0, 207, 169, 264, 0, 92, 133, 186, 204, 29, 31, 359, 72, 0, 175, 316, 53, 185, 383, 416, 359, 104, 1]

Cluster Number:
 [1, 2, 3, 4, 5, 6, 8, 9, 10, 12, 13, 14, 15, 16, 17, 18, 19, 20, 21, 22, 24, 25, 26, 27, 28, 29, 30, 31, 33, 34, 36, 37, 38, 39, 40, 41, 43, 44, 45, 46, 47, 48, 49, 50, 51, 52, 53, 56, 57, 58, 60, 61, 62, 63, 64, 65, 66, 67, 69, 70, 72, 73, 74, 75, 77, 78, 79, 81, 82, 83, 84, 85, 86, 87, 88, 90, 91, 92, 93, 94, 95, 96, 97, 98]

Odds Ratio:

0.5788183647338576
1.2037037037037037
0.7090643274853802
0.9886856042368801
1.1724674747025465
0.8015448603683898
nan
1.1936219027225448
0.7752648305084746
0.7061236945612368
nan
1.7177459526774594
1.287289771160739
0.9333152542372881
0.7640083701464776
0.6044818757009544
1.3277420523503303
0.8445077852463202
0.7308254200146093
1.7325057615755293
0.7610205717339033
1.0192113245702734
nan
0.9862781954887218
0.6454939646079927
0.780701754385965
0.7197831496622823
0.7899775280898877
0.8110949103116205
0.7777667493796526
1.0078065978342987
nan
0.545433460467993
1.0679999999999998
nan
0.6975252552247581
0.7762904262154636
0.6919547476445657
0.8360629767736588
1.2148092868988392
1.1527136415494104
nan
0.9562349762600078
1.274330623614348
0.7070450672777483
0.7711294578261978
0.6588490885968631
2.2299963463646333
1.3464578899361508
1.2893023255813951
0.8555732858974026
1.606728778467909
1.2637158759607738
nan
nan
0.8718442104512979
0.7636378590668886
2.258586480569239
nan
0.770568278201866
0.9237624954835602
1.3616747755231204
0.693041249815189
1.3118186481980247
0.5471204188481675
0.6114270668773039
0.555704099821747
nan
0.9076054664289956
0.8822509350561033
nan
0.6978879706152432
0.5741003414762279
0.7575007895567956
0.7941483803552768
nan
0.7715522199217851
1.4688765182186236
0.6165034965034965
nan
0.7121476949967228
0.7357252547815161
0.927572734024347
0.807502641775273
0.6773802794153275
0.6861275177949417
1.1208515718265022
0.9638958858102435
nan
0.682770083102493
1.0516226493722975
1.1033532598542872
0.6341843228269822
0.8966888203180633
0.7465909090909093
1.4789693593314759
0.7886597938144331
5.002293577981651
