Case Count:
 [0, 0, 175, 278, 76, 202, 41, 270, 114, 0, 195, 227, 186, 0, 236, 272, 239, 164, 9, 75, 164, 123, 311, 0, 79, 181, 63, 0, 259, 30, 256, 79, 186, 174, 85, 46, 168, 209, 322, 261, 296, 124, 187, 203, 147, 0, 125, 47, 29, 333, 197, 135, 0, 235, 201, 191, 300, 157, 243, 299, 245, 79, 288, 144, 190, 71, 209, 46, 261, 223, 202, 78, 84, 307, 100, 154, 275, 65, 160, 191, 189, 195, 144, 150, 94, 132, 251, 251, 0, 33, 245, 175, 189, 158, 218, 41, 0, 172, 93, 71, 193, 64, 0, 151, 115, 136, 254, 240, 33, 235, 81, 225, 39, 229, 43, 207, 138, 4, 341, 54, 37, 202, 0, 157, 141, 217, 221, 174, 168, 89, 149, 150, 51, 0, 95, 132, 187, 50, 40, 228, 181, 118, 183, 229, 55, 0, 0, 0, 244, 238, 2, 57, 26, 184, 115, 129, 89, 256, 81, 99, 264, 58, 96, 62, 160, 159, 31, 222, 269, 193, 144, 137, 49, 213, 69, 288, 66, 48, 185, 301, 0, 151, 139, 338, 152, 266, 255, 111, 107, 48, 158, 133, 47, 182, 172, 92, 176, 91, 166, 248, 0, 0, 30, 174, 236, 67, 192, 0, 45, 172, 99, 78, 129, 120, 161, 161, 0, 158, 187, 37, 199, 180, 153, 166, 265, 0, 76, 198, 187, 324, 79, 21, 181, 164, 64, 126, 100, 58, 31, 37, 141, 259, 79, 116, 0, 125, 131, 109, 67, 0, 0, 73, 181, 138, 42, 212, 219, 107, 8, 106, 303, 171, 44, 0, 55, 64, 0, 291, 159, 151, 0, 138, 216, 0, 172, 170, 13, 27, 40, 0, 216, 90, 243, 65, 228, 29, 208, 120, 185, 0, 168, 0, 165, 29, 210, 239, 212, 184, 68, 250, 152, 79, 23, 65, 148, 159, 82, 134, 56, 90, 5, 118, 243, 74, 25, 205, 15, 22, 133, 60, 276, 155, 34, 35, 0, 122, 93, 32, 149, 117, 207, 31, 245, 275, 247, 0, 249, 142, 197, 302, 158, 101, 128, 0, 51, 151, 190, 147, 6]

Control Count:
 [0, 0, 382, 447, 73, 362, 75, 452, 264, 0, 377, 416, 288, 0, 436, 436, 481, 334, 14, 140, 241, 250, 484, 0, 97, 250, 110, 0, 446, 63, 366, 186, 357, 200, 150, 85, 310, 414, 496, 326, 461, 191, 335, 290, 303, 0, 82, 102, 72, 485, 323, 226, 0, 372, 363, 367, 480, 301, 386, 467, 391, 99, 488, 199, 269, 151, 343, 22, 423, 279, 392, 107, 164, 518, 75, 258, 427, 114, 282, 403, 356, 421, 218, 289, 191, 236, 408, 416, 0, 67, 472, 328, 422, 320, 419, 64, 0, 360, 180, 35, 398, 158, 0, 213, 242, 238, 427, 499, 74, 380, 138, 351, 68, 359, 106, 309, 247, 19, 437, 110, 58, 344, 0, 291, 249, 384, 397, 353, 211, 158, 252, 292, 97, 0, 213, 279, 365, 106, 84, 331, 408, 179, 330, 353, 101, 0, 0, 0, 331, 379, 9, 114, 69, 262, 170, 165, 90, 387, 159, 159, 442, 132, 159, 133, 318, 266, 47, 353, 446, 304, 240, 267, 91, 388, 132, 463, 132, 105, 318, 487, 0, 217, 280, 561, 239, 395, 384, 209, 183, 103, 226, 288, 95, 277, 169, 123, 358, 160, 308, 371, 0, 0, 62, 271, 435, 151, 287, 0, 97, 369, 214, 177, 222, 191, 309, 198, 0, 265, 310, 62, 320, 349, 199, 185, 346, 0, 188, 294, 320, 495, 141, 46, 320, 300, 119, 245, 168, 99, 85, 82, 224, 458, 154, 61, 0, 170, 236, 167, 148, 0, 0, 94, 263, 288, 92, 444, 416, 206, 10, 198, 495, 317, 72, 0, 107, 141, 0, 387, 225, 337, 0, 255, 353, 0, 270, 283, 36, 9, 76, 0, 331, 155, 427, 143, 336, 67, 356, 185, 354, 0, 329, 0, 273, 66, 327, 356, 319, 167, 49, 389, 278, 169, 59, 125, 237, 337, 105, 181, 120, 215, 9, 179, 359, 157, 42, 369, 53, 60, 215, 95, 473, 303, 73, 80, 0, 187, 170, 31, 273, 102, 394, 62, 390, 421, 342, 0, 333, 172, 247, 490, 210, 223, 209, 0, 97, 281, 367, 230, 8]

Cluster Number:
 [3, 4, 5, 6, 7, 8, 9, 11, 12, 13, 15, 16, 17, 18, 19, 20, 21, 22, 23, 25, 26, 27, 29, 30, 31, 32, 33, 34, 35, 36, 37, 38, 39, 40, 41, 42, 43, 44, 45, 47, 48, 49, 50, 51, 52, 54, 55, 56, 57, 58, 59, 60, 61, 62, 63, 64, 65, 66, 67, 68, 69, 70, 71, 72, 73, 74, 75, 76, 77, 78, 79, 80, 81, 82, 83, 84, 85, 86, 87, 88, 90, 91, 92, 93, 94, 95, 96, 98, 99, 100, 101, 102, 104, 105, 106, 107, 108, 109, 110, 111, 112, 113, 114, 115, 116, 117, 118, 119, 120, 121, 122, 124, 125, 126, 127, 128, 129, 130, 131, 132, 133, 135, 136, 137, 138, 139, 140, 141, 142, 143, 144, 145, 149, 150, 151, 152, 153, 154, 155, 156, 157, 158, 159, 160, 161, 162, 163, 164, 165, 166, 167, 168, 169, 170, 171, 172, 173, 174, 175, 176, 177, 178, 179, 180, 182, 183, 184, 185, 186, 187, 188, 189, 190, 191, 192, 193, 194, 195, 196, 197, 198, 199, 200, 203, 204, 205, 206, 207, 209, 210, 211, 212, 213, 214, 215, 216, 218, 219, 220, 221, 222, 223, 224, 225, 227, 228, 229, 230, 231, 232, 233, 234, 235, 236, 237, 238, 239, 240, 241, 242, 243, 244, 246, 247, 248, 249, 252, 253, 254, 255, 256, 257, 258, 259, 260, 261, 262, 263, 265, 266, 268, 269, 270, 272, 273, 275, 276, 277, 278, 279, 281, 282, 283, 284, 285, 286, 287, 288, 289, 291, 293, 294, 295, 296, 297, 298, 299, 300, 301, 302, 303, 304, 305, 306, 307, 308, 309, 310, 311, 312, 313, 314, 315, 316, 317, 318, 319, 320, 321, 322, 323, 324, 326, 327, 328, 329, 330, 331, 332, 333, 334, 335, 337, 338, 339, 340, 341, 342, 343, 345, 346, 347, 348, 349]

Odds Ratio:

nan
nan
0.6004085356179596
1.0854697291814304
1.8785614551492509
0.8617385831177005
0.8969179229480738
0.9755458972613501
0.6165034965034965
nan
0.7440644431882418
0.8030660377358493
1.1231884057971018
nan
0.7785962850815746
1.0908092072735267
0.6136486486486488
0.7034948285247689
1.0674418604651161
0.8653846153846153
1.205099962278386
0.7442278481012659
1.2248837809917354
nan
1.427520045819015
1.341364341085271
0.9413442940038685
nan
0.909790732436472
0.7742461287693561
1.3836185015975393
0.6394563918757468
0.7640083701464776
1.7334339622641508
0.9252354048964221
0.8854363119293519
0.8359004880371383
0.6892039487502628
1.287289771160739
1.8081271110498378
1.1988532075299971
1.106756419845425
0.8705401563610521
1.2991525423728816
0.7061236945612368
nan
3.1361659157992854
0.7358443377350942
0.6444444444444445
1.5739933865006812
1.0207123301691272
0.9864054494643689
nan
1.1024140839131353
0.8491909160358359
0.7575700975652633
1.1151079136690647
0.7897905327395679
1.0984720312995664
1.1936219027225448
1.0884725920847946
1.3942480359147025
0.9380089023993055
1.2976066774550723
1.3020110180498947
0.7372408580477972
1.0199645075421475
3.75618783252371
1.0572555582118093
1.6614728527810967
0.7305605786618445
1.2539933207342016
0.8137409824802475
0.9428746928746926
2.5683382497541793
0.9843601251189988
1.1820271891243503
0.9360634205835444
0.9069879763084981
0.6210978147762747
0.7899775280898877
0.5827752034578092
1.1419685896439125
0.7884244680978438
0.7660368768495335
0.8963727709380002
1.047142261159783
1.0013297872340425
nan
0.8018895669436069
0.6849554429495018
0.8083887657058387
0.5481895734597155
0.7169039145907473
0.7274592598192207
1.0687814070351758
nan
0.6585101955888473
0.8183044315992293
3.820108695652173
0.6505086407647999
0.6156962025316455
nan
1.2676871413667186
0.7128099173553721
0.9240924092409243
0.9678334071776693
0.5534687465383028
0.7183464252429769
1.054953560371517
0.967330580519796
1.1292834890965733
0.9463235294117648
1.1208515718265022
0.6371736230226795
1.2098677602946097
0.8928134289211401
0.3431336963097398
2.3170737402512493
0.7880047225501772
1.0632183908045978
0.9514277303503091
nan
0.8360629767736588
0.9102045766960459
0.8756569069069069
0.8452268157973797
0.6975252552247581
1.518966090134835
0.9173598553345388
0.9704980842911878
0.7749917049817507
0.8550589860771601
nan
0.6677175455835789
0.6919547476445657
0.7379973907371168
0.7542319445118105
0.7685881370091896
1.2960295528414545
0.5502355981152149
1.1274473972745784
0.8621448863636366
1.1584378794010524
0.8891553217821783
nan
nan
nan
1.5007823998760554
1.090352984418278
0.3656242054411391
0.8036649214659687
0.6012562725900973
1.2834006885196827
1.1650326797385622
1.419882697947214
1.8026031746031745
1.2326287400629756
0.8096869400231896
1.0420088790233073
0.9761344537815126
0.687345899944325
1.0015952472633258
0.7357252547815161
0.7393882013480312
0.9862781954887218
1.1009073842302877
1.0868004334147074
1.000501187021894
1.0942447582370558
0.9925423728813562
0.7832552025200289
0.8794871794871795
0.825882674938418
0.8420147420147421
1.0916424699269094
0.7989276139410186
0.7283887468030692
0.9390630416480958
1.079382793202988
nan
1.2346550179211468
0.7413333333333333
0.9962055029032313
1.0836091146326885
1.296231799224409
1.2415081521739126
0.8403693546504846
0.959822898149977
0.7449159486504606
1.2489528548483606
0.6640341321713872
0.7988990332975295
1.1530152130244842
2.1307980409104004
1.304093156205337
0.6916328568090574
0.9283045977011494
0.8291708291708292
1.2494319865652475
nan
nan
0.7879170281567949
1.1072617141265753
0.7830587169469454
0.6882254504023355
1.1944307297323988
nan
0.7429745146266157
0.6267369040731607
0.6993677844969762
0.6726137377341659
0.9484742807323451
1.0576244481281492
0.7853018556028962
1.5502143739553813
nan
0.9823944134828443
1.000588837685612
0.9886856042368801
1.0571875
0.7547211558672876
1.4220929823944901
1.784734184734185
1.6814497375589659
nan
0.6013715491471777
1.2128037937166567
0.9461309523809525
1.3261660079051385
0.9135736800630415
0.7448512585812357
0.8944767441860464
0.8508121212121216
0.8734117647058823
0.7936102236421724
0.9832841691248768
0.9672048569686367
0.5747693194925029
0.7250940419851959
1.0645973154362416
0.8482532751091703
0.8179292929292928
3.9269146830431914
nan
1.306669164481079
0.8866938146599164
1.1095808383233534
0.7058267945364719
nan
nan
1.3452505522613647
1.2403837651428065
0.7004429678848285
0.7313547256598402
0.5973727030995751
0.7465909090909093
0.8166744648496901
1.3327146171693736
0.852064185397519
1.0487076648841351
0.827263524648053
1.0149085794655415
nan
0.8312646028037384
0.7105059101654846
nan
1.7325057615755293
1.2694761904761904
0.6083189086712825
nan
0.8504201680672271
1.028976485981783
nan
1.0927451796365655
0.993734154767691
0.5865936358894106
5.235436893203885
0.8600448489645167
nan
1.1617465758064298
0.9533228579351142
0.8739544998327199
0.7109868740884784
1.2606635071090049
0.6978157990535129
0.940901794834379
1.104126069643311
0.7694959740201966
nan
0.7518253905943316
nan
1.0036496350364963
0.7094604582409462
1.1245543047153561
1.2487078651685395
1.1974093049590544
2.4239520958083838
2.539853677319985
1.152731872526217
0.8572932594690799
0.7258547008547007
0.626914928292047
0.8383957219251336
1.053663346238056
0.6588490885968631
1.362838468720822
1.3277420523503303
0.7408181026979984
0.615312854001466
0.9203789042498721
1.1274473972745784
1.274330623614348
0.7373527615391327
0.9863123993558776
0.8523266856600189
0.45056069775720897
0.5873701039168665
1.0370725034199726
1.0548534925704762
0.912852306774407
0.7655254962115928
0.7532555386436666
0.7017326732673268
nan
1.1134128443462272
0.8822509350561033
1.7677736387413807
0.8563218390804598
2.2299963463646333
0.7563670575879574
0.8161764705882353
1.0945017182130583
1.2227709866172296
1.4519675925925923
nan
1.5545282124229494
1.5455328478584291
1.5852544584601997
1.0706986444212718
1.3869513641755633
0.6766922280892614
1.0220464930229696
nan
0.8550589860771601
0.8340376631079477
0.750577240843483
1.090023823704586
1.2471131639722863
