Case Count:
 [0, 288, 168, 0, 167, 200, 157, 178, 161, 0, 147, 168, 114, 76, 314, 296, 227, 168, 60, 228, 65, 188, 93, 178, 114, 0, 173, 186, 245, 0, 123, 17, 33, 161, 79, 269, 236, 109, 174, 157, 151, 0, 186, 0, 147, 181, 302, 169, 27, 191, 63, 239, 166, 247, 202, 90, 243, 83, 150, 291, 207, 187, 75, 0, 120, 201, 38, 134, 85, 177, 148, 210, 202, 261, 79, 288, 73, 43, 133, 168, 175, 81, 172, 33, 0, 245, 0, 144, 251, 54, 189, 197, 31, 151, 136, 159, 144, 148, 140, 157, 0, 91, 249, 213, 52, 82, 0, 229, 141, 254, 217, 129, 132, 238, 174, 211, 37, 158, 40, 0, 20, 176, 244, 28, 132, 189, 81, 183, 223, 203, 184, 0, 186, 59, 99, 255, 75, 95, 62, 160, 37, 6, 0, 152, 69, 93, 248, 333, 225, 31, 230, 0, 150, 219, 112, 266, 135, 57, 0, 259, 78, 0, 36, 129, 27, 172, 182, 139, 180, 151, 38, 61, 99, 47, 193, 37, 62, 324, 76, 0, 251, 194, 231, 152, 50, 187, 161, 147, 204, 0, 55, 180, 272, 199, 30, 0, 181, 116, 126, 8, 138, 140, 64, 187, 0, 158, 112, 135, 272, 77, 219, 76, 45, 0, 0, 171, 157, 39, 204, 24, 166, 78, 186, 159, 32, 132, 141, 170, 48, 117, 78, 111, 197, 299, 56, 254, 226, 159, 322, 0, 161, 269, 0, 220, 45, 209, 0, 145, 202, 193, 40, 148, 120, 341, 120, 300, 223, 101, 127, 83, 143, 196, 134, 207, 181, 122, 56, 0, 21, 40, 118, 212, 187, 13, 243, 62, 12, 74, 60, 149, 133]

Control Count:
 [0, 463, 211, 0, 224, 299, 128, 301, 309, 0, 126, 329, 264, 73, 428, 461, 416, 310, 117, 336, 114, 279, 180, 327, 66, 0, 312, 237, 390, 0, 250, 56, 73, 294, 186, 446, 436, 278, 200, 301, 281, 0, 357, 0, 303, 250, 488, 226, 56, 367, 131, 481, 308, 413, 269, 204, 386, 153, 289, 387, 309, 335, 140, 0, 216, 363, 83, 248, 150, 306, 252, 281, 392, 326, 99, 488, 135, 106, 307, 250, 328, 138, 360, 74, 0, 472, 0, 218, 408, 110, 356, 247, 52, 213, 238, 266, 269, 253, 265, 291, 0, 174, 333, 312, 108, 142, 0, 359, 286, 427, 384, 165, 279, 379, 353, 349, 62, 320, 84, 0, 58, 358, 331, 54, 236, 311, 130, 330, 279, 374, 262, 0, 303, 164, 159, 384, 166, 213, 133, 318, 82, 5, 0, 239, 132, 170, 371, 485, 351, 57, 399, 7, 261, 395, 208, 395, 228, 113, 0, 446, 177, 0, 79, 222, 63, 169, 277, 296, 269, 217, 45, 125, 214, 95, 289, 79, 105, 495, 188, 0, 416, 282, 401, 278, 100, 310, 198, 169, 316, 0, 101, 349, 431, 320, 59, 0, 322, 61, 245, 10, 288, 227, 119, 320, 0, 210, 171, 226, 436, 135, 416, 177, 21, 0, 0, 317, 303, 81, 379, 69, 185, 130, 403, 225, 87, 268, 174, 283, 94, 102, 107, 209, 290, 467, 120, 464, 380, 337, 496, 0, 243, 453, 0, 378, 73, 343, 0, 217, 326, 398, 78, 237, 191, 437, 232, 480, 401, 223, 228, 170, 292, 379, 181, 394, 408, 187, 103, 0, 44, 94, 247, 319, 230, 36, 359, 158, 44, 157, 101, 273, 215]

Cluster Number:
 [2, 3, 5, 6, 7, 8, 9, 11, 12, 13, 14, 15, 16, 17, 18, 19, 20, 21, 22, 23, 24, 25, 27, 28, 29, 31, 32, 33, 34, 35, 36, 37, 38, 39, 40, 41, 43, 45, 46, 47, 48, 49, 50, 51, 52, 53, 54, 55, 56, 57, 58, 59, 60, 61, 62, 63, 65, 66, 67, 68, 69, 70, 71, 72, 73, 74, 75, 76, 77, 78, 79, 80, 81, 82, 83, 84, 86, 88, 89, 90, 91, 92, 93, 94, 95, 96, 97, 98, 99, 100, 102, 103, 104, 105, 106, 108, 109, 110, 111, 112, 113, 114, 115, 116, 117, 118, 119, 121, 122, 123, 124, 125, 126, 127, 128, 129, 130, 131, 133, 134, 135, 136, 137, 138, 139, 140, 141, 142, 144, 145, 146, 147, 148, 149, 150, 151, 153, 154, 155, 156, 157, 158, 160, 161, 163, 164, 165, 166, 167, 168, 169, 170, 171, 172, 173, 174, 175, 176, 177, 178, 179, 181, 182, 183, 184, 185, 186, 187, 188, 189, 191, 192, 193, 194, 195, 197, 198, 199, 200, 201, 202, 203, 204, 206, 207, 208, 209, 210, 211, 212, 213, 216, 217, 218, 219, 220, 221, 222, 223, 224, 225, 226, 227, 228, 229, 230, 231, 232, 233, 234, 235, 236, 237, 238, 239, 241, 242, 244, 245, 246, 248, 249, 250, 251, 252, 253, 254, 255, 256, 257, 258, 259, 260, 261, 262, 263, 264, 265, 266, 267, 269, 270, 271, 272, 273, 274, 275, 276, 277, 278, 279, 280, 281]

Odds Ratio:

nan
1.0916424699269094
1.518966090134835
nan
1.3814338235294115
1.200654902674186
2.60970744680851
0.967477501559298
0.7853018556028962
nan
2.4052511415525117
0.7518253905943316
0.6165034965034965
1.8785614551492509
1.7607476635514012
1.1988532075299971
0.8030660377358493
0.8359004880371383
0.8267370272647317
1.2606635071090049
0.9360634205835444
1.2053863399448799
0.8183044315992293
0.8363269945047863
3.5183216783216786
nan
0.8671679197994986
1.5230900085055288
1.0945017182130583
nan
0.7442278481012659
0.4834123222748815
0.7293002226870909
0.854916067146283
0.6394563918757468
1.000501187021894
0.7785962850815746
0.5346631785480707
1.7334339622641508
0.7897905327395679
0.8340376631079477
nan
0.7640083701464776
nan
0.7061236945612368
1.341364341085271
1.0841210960871128
1.3903310390036052
0.7864077669902914
0.7575700975652633
0.7635821016728925
0.6136486486486488
0.8291708291708292
0.9811970338983051
1.4543315608677234
0.6623967638631383
1.0984720312995664
0.8762025409414702
0.7884244680978438
1.7325057615755293
1.2098677602946097
0.8705401563610521
0.8653846153846153
nan
0.891675374433995
0.8491909160358359
0.7364119820929603
0.8503437334743519
0.9252354048964221
0.9316719054033824
0.960672012218404
1.4587639279553686
0.7305605786618445
1.8081271110498378
1.3942480359147025
0.9380089023993055
0.8761181946974297
0.6371736230226795
0.5960379808818207
1.1852988929889299
0.8083887657058387
0.967330580519796
0.6585101955888473
0.7183464252429769
nan
0.6849554429495018
nan
1.1419685896439125
1.047142261159783
0.7880047225501772
0.7899775280898877
1.5852544584601997
0.987745098039216
1.2676871413667186
0.9240924092409243
0.9862781954887218
0.8329153802532921
0.9548646482756747
0.8180728213541996
0.8360629767736588
nan
0.832573655700885
1.5545282124229494
1.256637168141593
0.7713656809264045
0.9478833787035942
nan
1.1208515718265022
0.7312385600976208
0.9678334071776693
0.8756569069069069
1.419882697947214
0.6919547476445657
1.090352984418278
0.6975252552247581
1.004989192178153
0.9886856042368801
0.7169039145907473
0.7685881370091896
nan
0.5513949469179492
0.6916328568090574
1.5007823998760554
0.8503199062809769
0.8963727709380002
1.0136720257234728
1.040782122905028
0.8621448863636366
1.6614728527810967
0.8141711229946524
1.2834006885196827
nan
1.031190075529292
0.5339537869062901
1.0420088790233073
1.2415081521739126
0.6975705017873692
0.6677175455835789
0.7357252547815161
0.7393882013480312
0.7250940419851959
2.0036951501154734
nan
1.0836091146326885
0.8420147420147421
0.8822509350561033
1.2494319865652475
1.5739933865006812
1.1292834890965733
0.8944358445132441
0.9074120708469738
0.0
0.9286879051823568
0.8392059838895284
0.8562691131498471
1.296231799224409
0.9738573407202218
0.812097484131029
nan
0.909790732436472
0.6726137377341659
nan
0.7338631152432704
0.9484742807323451
0.691747572815534
2.1307980409104004
1.1530152130244842
0.6762162162162162
1.1858592527737508
1.2346550179211468
1.4382931559988916
0.7784761904761904
0.6993677844969762
0.7988990332975295
1.1917602047992801
0.7561244410857106
0.9757736516357208
1.3261660079051385
0.6013715491471777
nan
1.0013297872340425
1.2523375307569835
0.9056325532323037
0.8572932594690799
0.8071979434447301
1.000588837685612
1.5502143739553813
1.6651738672286613
1.1318071640183138
nan
0.8891553217821783
0.7547211558672876
1.122358531197466
1.0571875
0.8317102482284199
nan
0.8845635321873947
3.9269146830431914
0.7936102236421724
1.3327146171693736
0.7004429678848285
1.0334006158560842
0.8734117647058823
0.9461309523809525
nan
1.3869513641755633
1.1156535579519644
0.9864054494643689
1.0908092072735267
0.9343359934520155
0.7465909090909093
0.6517563928966087
3.845177664974619
nan
nan
0.827263524648053
0.7809025583409404
0.7787962962962963
0.7993712457194181
0.5523310633839706
1.784734184734185
0.9939058171745151
0.5928853754940712
1.2694761904761904
0.5792877517015447
0.7380037921143466
1.5064799814857672
0.993734154767691
0.8279915111280404
2.2299963463646333
1.2539933207342016
0.8403693546504846
1.229495582787119
1.1936219027225448
0.7408181026979984
0.7811742777260019
0.9716827279466272
0.6588490885968631
1.287289771160739
nan
1.155890102732629
0.9605895338267759
nan
0.9301538981904279
1.024789653014394
1.0199645075421475
nan
1.161400043888523
1.0510212005901995
0.6505086407647999
0.8354218880534673
1.053663346238056
1.0576244481281492
2.3170737402512493
0.8042373797427306
1.1151079136690647
0.8418883347187586
0.6766922280892614
0.8926563202878992
0.7652676801057502
0.7213532025175861
0.7427386342660456
1.3277420523503303
0.7563670575879574
0.5502355981152149
1.1134128443462272
0.8872214758295522
nan
0.78099173553719
0.6761584813096572
0.7158550582062633
1.1974093049590544
1.606728778467909
0.5865936358894106
1.274330623614348
0.5932914750025181
0.436874600809027
0.7373527615391327
0.9827842942605606
0.8563218390804598
1.0370725034199726
