Case Count:
 [231, 61, 19, 72, 207, 93, 265, 136, 68, 0, 31, 159, 212, 60, 304, 32, 188, 236, 272, 144, 30, 59, 91, 299, 196, 72, 296, 257, 238, 0, 256, 63, 163, 282, 29, 41, 227, 124, 261, 275, 187, 338, 7, 181, 203, 209, 322, 98, 261, 211, 280, 174, 212, 78, 79, 187, 245, 125, 193, 198, 243, 151, 300, 157, 106, 123, 191, 102, 312, 85, 0, 307, 78, 0, 294, 202, 158, 201, 94, 251, 171, 120, 154, 79, 150, 164, 185, 163, 100, 0, 239, 192, 218, 245, 82, 189, 0, 39, 193, 44, 333, 93, 43, 317, 311, 0, 115, 171, 81, 67, 67, 275, 207, 302, 341, 190, 136, 217, 175, 0, 154, 268, 123, 254, 33, 71, 132, 157, 158, 200, 197, 150, 54, 89, 162, 4, 60, 208, 132, 166, 37, 236, 126, 0, 137, 0, 46, 183, 194, 99, 141, 50, 143, 202, 223, 186, 14, 107, 0, 272, 181, 26, 34, 244, 233, 89, 67, 195, 149, 66, 229, 9, 49, 141, 224, 248, 279, 175, 105, 288, 0, 160, 34, 192, 152, 168, 230, 41, 72, 271, 35, 185, 266, 49, 111, 172, 135, 313, 89, 17, 131, 47, 259, 144, 308, 222, 130, 53, 326, 139, 48, 47, 200, 222, 174, 107, 136, 95, 0, 227, 107, 57, 264, 225, 24, 129, 41, 47, 0, 256, 99, 158, 232, 34, 39, 0, 161, 231, 148, 79, 187, 153, 147, 64, 74, 240, 247, 67, 305, 41, 187, 161, 37, 45, 199, 180, 14, 0, 31, 253, 0, 35, 144, 0, 235, 76, 127, 41, 147, 71, 158, 5, 0, 167, 2, 139, 66, 0, 0, 239, 109, 126, 28, 0, 324, 0, 160, 138, 22, 103, 102, 0, 171, 5, 100, 303, 291, 157, 114, 125, 62, 234, 76, 273, 170, 0, 183, 330, 13, 144, 0, 13, 147, 0, 268, 65, 177, 239, 168, 0, 23, 40, 108, 79, 285, 168, 0, 25, 0, 0, 56, 186, 75, 275, 184, 0, 129, 52, 152, 138, 91, 141, 69, 227, 8, 173, 186, 51, 86, 34, 51, 0, 301, 210, 186, 131, 56, 190, 60, 68, 53, 0, 250, 174, 249, 42, 0, 152, 251, 260, 145, 133, 223, 42, 0, 52, 205, 18, 40, 14, 67, 239, 0, 180, 53, 42, 129, 246, 195, 151, 272, 228, 189, 276, 34, 60, 9, 8, 75, 132, 0, 202, 36, 47, 275, 117, 60, 0, 59, 61, 288, 330]

Control Count:
 [279, 125, 33, 93, 394, 170, 346, 169, 114, 0, 72, 337, 377, 127, 509, 11, 329, 436, 436, 218, 61, 148, 143, 467, 379, 125, 461, 388, 379, 0, 366, 110, 307, 511, 66, 64, 386, 191, 326, 465, 335, 561, 20, 250, 290, 414, 496, 136, 423, 344, 424, 272, 319, 177, 97, 247, 390, 219, 304, 346, 386, 217, 480, 301, 212, 190, 367, 145, 504, 150, 0, 518, 107, 0, 458, 392, 287, 363, 191, 408, 323, 191, 258, 186, 292, 241, 350, 257, 75, 0, 433, 272, 419, 472, 142, 356, 0, 68, 398, 116, 485, 180, 51, 524, 484, 0, 170, 307, 138, 140, 151, 490, 309, 498, 437, 269, 238, 384, 382, 0, 229, 450, 182, 427, 74, 35, 236, 291, 320, 388, 323, 207, 110, 182, 258, 19, 95, 344, 279, 308, 58, 435, 210, 0, 267, 0, 85, 330, 315, 159, 249, 73, 191, 326, 279, 303, 29, 225, 0, 452, 408, 69, 74, 331, 432, 90, 158, 281, 252, 132, 353, 11, 103, 224, 358, 371, 443, 343, 91, 463, 0, 318, 74, 287, 239, 211, 399, 75, 158, 423, 80, 318, 395, 91, 209, 169, 226, 497, 193, 29, 236, 94, 446, 146, 522, 353, 229, 105, 507, 296, 103, 95, 296, 410, 348, 176, 229, 213, 0, 326, 183, 114, 442, 351, 49, 222, 89, 22, 0, 387, 214, 265, 441, 73, 83, 0, 198, 457, 267, 154, 310, 199, 230, 119, 143, 499, 342, 148, 494, 75, 320, 283, 62, 97, 320, 349, 33, 0, 47, 490, 0, 80, 240, 0, 380, 188, 221, 49, 165, 151, 210, 8, 0, 304, 5, 251, 134, 0, 0, 356, 167, 245, 61, 0, 495, 0, 84, 288, 28, 156, 119, 0, 317, 6, 168, 528, 387, 253, 264, 170, 54, 297, 177, 443, 283, 0, 287, 523, 36, 301, 0, 20, 303, 0, 420, 143, 279, 481, 310, 0, 15, 82, 203, 99, 434, 329, 0, 33, 0, 0, 120, 403, 121, 421, 268, 0, 227, 82, 278, 255, 194, 241, 119, 416, 10, 273, 274, 97, 178, 54, 84, 0, 487, 327, 357, 229, 89, 367, 117, 49, 107, 0, 480, 353, 333, 67, 0, 233, 416, 417, 201, 215, 379, 92, 0, 72, 369, 56, 84, 42, 145, 414, 0, 295, 70, 111, 234, 317, 421, 281, 449, 331, 422, 477, 17, 72, 24, 4, 140, 116, 0, 323, 65, 107, 431, 102, 107, 0, 109, 46, 488, 483]

Cluster Number:
 [1, 2, 3, 4, 5, 6, 7, 8, 9, 11, 12, 13, 14, 15, 16, 17, 18, 19, 20, 21, 22, 23, 24, 26, 27, 28, 29, 30, 32, 33, 34, 35, 36, 37, 38, 39, 40, 41, 42, 43, 44, 45, 46, 47, 48, 49, 50, 51, 52, 53, 54, 55, 56, 57, 58, 59, 60, 61, 62, 63, 64, 65, 66, 67, 68, 69, 70, 71, 73, 74, 76, 77, 78, 79, 80, 81, 82, 83, 84, 85, 86, 87, 88, 89, 90, 92, 93, 94, 95, 96, 97, 99, 100, 101, 102, 103, 104, 105, 107, 109, 110, 111, 112, 113, 114, 115, 116, 117, 118, 119, 120, 121, 123, 124, 125, 126, 127, 128, 129, 130, 131, 132, 133, 134, 135, 136, 137, 138, 139, 140, 141, 142, 143, 144, 145, 147, 149, 150, 151, 152, 153, 154, 155, 156, 157, 158, 159, 160, 162, 163, 164, 165, 166, 167, 168, 169, 170, 171, 172, 173, 174, 175, 176, 177, 178, 179, 180, 181, 182, 184, 185, 186, 187, 188, 189, 190, 191, 192, 193, 194, 195, 196, 197, 198, 199, 200, 201, 202, 203, 204, 205, 206, 207, 208, 209, 210, 211, 212, 213, 214, 215, 216, 217, 218, 219, 220, 222, 223, 224, 225, 226, 227, 228, 229, 230, 232, 233, 234, 235, 236, 237, 239, 240, 241, 242, 243, 244, 245, 246, 247, 248, 249, 250, 251, 252, 253, 254, 255, 256, 257, 258, 259, 261, 262, 264, 265, 267, 268, 269, 270, 271, 272, 273, 274, 276, 277, 278, 279, 282, 283, 284, 285, 287, 289, 290, 291, 292, 293, 295, 296, 297, 298, 299, 300, 301, 302, 304, 305, 306, 307, 308, 310, 311, 312, 313, 315, 316, 318, 319, 320, 321, 322, 324, 325, 326, 327, 328, 329, 331, 334, 335, 336, 337, 338, 340, 341, 342, 343, 344, 345, 346, 347, 348, 349, 350, 351, 352, 353, 354, 356, 357, 358, 359, 360, 361, 362, 363, 364, 366, 367, 368, 369, 371, 372, 373, 374, 375, 376, 377, 379, 380, 382, 383, 384, 385, 386, 388, 389, 390, 391, 392, 393, 394, 395, 396, 397, 398, 399, 400, 401, 402, 403, 404, 406, 407, 408, 409, 410, 411, 413, 414, 415, 416]

Odds Ratio:

1.7872725392886684
0.7784761904761904
0.9527417027417028
1.3395446954381651
0.7563670575879574
0.8822509350561033
1.6814497375589659
1.4846407717694847
0.9871849434908025
nan
0.6922657952069717
0.6588490885968631
0.8695123803736896
0.7491741632559782
0.9688714254529579
5.12486039758767
0.9083665338645421
0.7785962850815746
1.0908092072735267
1.1419685896439125
0.8020361537536576
0.6084637268847796
1.0697492163009403
1.1936219027225448
0.7427386342660456
0.9463978201634877
1.1988532075299971
1.237396623994562
1.090352984418278
nan
1.3836185015975393
0.9413442940038685
0.8098829249870179
0.7627606666084987
0.7094604582409462
1.0687814070351758
0.9486997751490861
1.106756419845425
1.8081271110498378
0.9484002098085501
0.8705401563610521
0.9962055029032313
0.5736111111111111
1.341364341085271
1.2991525423728816
0.6892039487502628
1.287289771160739
1.2509918923581163
1.0572555582118093
1.0330477356181154
1.2626082829002014
1.1007769145394006
1.1974093049590544
0.6726137377341659
1.427520045819015
1.4450710108604847
1.0945017182130583
0.9252392170549399
1.0942447582370558
0.9070587388770297
1.0984720312995664
1.2346550179211468
1.1151079136690647
0.7897905327395679
0.7747747747747746
1.1021652231845436
0.7575700975652633
1.2169446434053006
1.0918635170603672
0.9252354048964221
nan
0.9428746928746926
1.2539933207342016
nan
1.195301912362596
0.7305605786618445
0.8639875010849754
0.8491909160358359
0.7660368768495335
1.047142261159783
0.8000438981562774
1.0576244481281492
0.9843601251189988
0.6394563918757468
0.7749917049817507
1.205099962278386
0.7866141732283465
1.0823464726780576
2.5683382497541793
nan
0.8141454965357969
1.3031674208144797
0.7274592598192207
0.6849554429495018
0.9478833787035942
0.7899775280898877
nan
0.9463235294117648
0.6505086407647999
0.5876909646442603
1.5739933865006812
0.8183044315992293
1.4414240443652209
1.0115755224627703
1.2248837809917354
nan
1.1650326797385622
0.8749939228936747
0.967330580519796
0.7564516129032256
0.6882254504023355
0.8144599303135888
1.2098677602946097
1.0180869463254476
2.3170737402512493
1.3020110180498947
0.9240924092409243
0.8756569069069069
0.6004085356179596
nan
1.1774457979008657
0.9682131254061075
1.1677215189873418
0.9678334071776693
0.7183464252429769
3.820108695652173
0.8963727709380002
0.8360629767736588
0.7169039145907473
0.7332959496182546
1.0207123301691272
1.3063537435434531
0.7880047225501772
0.7628571428571428
1.0654017294937452
0.3431336963097398
1.0548534925704762
1.0051344004832377
0.6919547476445657
0.8291708291708292
1.0632183908045978
0.7830587169469454
0.9929712460063898
nan
0.7832552025200289
nan
0.8854363119293519
0.8621448863636366
1.038185941043084
1.0420088790233073
0.9102045766960459
1.1532908405817515
1.3582672987123248
1.0510212005901995
1.6614728527810967
1.031190075529292
0.7939959432048683
0.7204953145917001
nan
0.9945418896719836
0.5502355981152149
0.6012562725900973
0.741941941941942
1.5007823998760554
0.7749910104279037
1.8026031746031745
0.6497550020416495
1.2712939735137971
0.9704980842911878
0.7989276139410186
1.1584378794010524
1.3642706131078226
0.7623848643266119
1.0645973154362416
1.076783162271015
1.2494319865652475
1.1218256207674948
0.7440476190476191
2.2005988023952097
1.0916424699269094
nan
0.7393882013480312
0.741941941941942
1.1944307297323988
1.0836091146326885
1.518966090134835
0.9074120708469738
0.8969179229480738
0.7077570448039182
1.1631064955533041
0.7017326732673268
0.9390630416480958
1.296231799224409
0.8794871794871795
0.8403693546504846
2.1307980409104004
0.9864054494643689
1.1545942320590203
0.7048852701702443
0.9709919921555811
0.8866938146599164
0.8086734693877551
0.909790732436472
1.9458555839331322
0.9278465093153168
1.0868004334147074
0.916747926117494
0.8146804835924009
1.2575448150669395
0.6762162162162162
0.7449159486504606
0.7988990332975295
1.2213049869953636
0.7934809486343714
0.7169811320754715
1.010815991237678
0.978050643492297
0.6677175455835789
nan
1.3203785160319486
0.959822898149977
0.8036649214659687
0.9761344537815126
1.1292834890965733
0.8013769363166954
0.9484742807323451
0.7396250917508893
3.847634508348794
nan
1.2326287400629756
0.6993677844969762
0.9823944134828443
0.7293919177977152
0.7532555386436666
0.7576807228915662
nan
1.5502143739553813
0.6585696852381755
0.8781291426953421
0.8179292929292928
1.000588837685612
1.4220929823944901
1.090023823704586
0.8734117647058823
0.8293897882938979
0.5534687465383028
1.4519675925925923
0.7058267945364719
1.078161822466614
0.8969179229480738
0.9461309523809525
0.9106566337036379
0.9886856042368801
0.7429745146266157
1.0571875
0.7547211558672876
0.6937611408199644
nan
1.1009073842302877
0.6606758832565282
nan
0.7017326732673268
0.9925423728813562
nan
1.054953560371517
0.6013715491471777
0.9338235294117647
1.4274946159368271
1.7177459526774594
0.7372408580477972
1.3869513641755633
1.0368663594470047
nan
0.8563273993808047
0.6617848970251716
0.8805179282868527
0.7843623704533631
nan
nan
1.2487078651685395
1.1095808383233534
0.7936102236421724
0.7449244146623589
nan
1.3261660079051385
nan
4.396654719235365
0.7004429678848285
1.3189448441247
1.1240079365079363
1.5489614243323442
nan
0.827263524648053
1.3863287250384024
0.9832841691248768
0.8439171122994652
1.7325057615755293
1.0452583186163205
0.6165034965034965
1.306669164481079
2.0526574319677766
1.656467110125647
0.6517563928966087
1.0580244227474236
0.993734154767691
nan
1.0984184451219516
1.186696370621152
0.5865936358894106
0.6924714229404809
nan
1.0802816901408452
0.7061236945612368
nan
1.149317738791423
0.7109868740884784
1.0872116884182876
0.6136486486486488
0.8359004880371383
nan
2.628044871794872
0.7897793263646923
0.8438378997812271
1.3942480359147025
1.2536656891495603
0.7518253905943316
nan
1.2717757282974675
nan
nan
0.7408181026979984
0.5928853754940712
1.0336254654436472
1.2227709866172296
1.2385133157740709
nan
0.9184169390365213
1.0585491901430641
0.8572932594690799
0.8504201680672271
0.7197831496622823
0.956125205380267
0.9543720190779015
0.8030660377358493
1.3327146171693736
1.0839598997493733
1.2181414269640232
0.8550589860771601
0.752777158863036
1.047828074988569
1.0077319587628866
nan
1.079382793202988
1.1245543047153561
0.7640083701464776
0.9267991833494017
1.0497843752750318
0.750577240843483
0.8267370272647317
2.539853677319985
0.7968863493293303
nan
0.6834215167548502
0.6975252552247581
1.5545282124229494
1.0437234482499342
nan
1.1251514109255134
1.0013297872340425
1.0832897927468084
1.2931092835144007
1.0370725034199726
0.9506865044463989
0.7313547256598402
nan
1.2242319839219065
0.8523266856600189
0.5130641330166271
0.7685881370091896
0.5380392156862744
0.7241564701520208
0.906352657004831
nan
1.0200903082259014
1.2906735751295337
0.5880590918374293
0.8784946236559139
1.652571876889884
0.5827752034578092
0.8340376631079477
1.012069402397877
1.2960295528414545
0.5481895734597155
0.8909981865185015
3.5111111111111115
1.442392260334213
0.613953488372093
3.3596287703016237
0.8653846153846153
2.268448837470515
nan
1.0686992985068777
0.9111662531017369
0.6958563799351516
1.1554948786146797
2.2299963463646333
0.9187976228639063
nan
0.881723804925157
2.392569588221762
0.9380089023993055
1.5357000398883132
