Case Count:
 [0, 64, 118, 140, 86, 128, 94, 185, 151, 127, 155, 186, 115, 195, 157, 103, 56, 191, 176, 138, 260, 140, 167, 187, 141, 210, 95, 220, 219, 260, 220, 165, 157, 201, 170, 111, 169, 223, 222, 205, 196, 299, 142, 204, 137, 223, 215, 273, 184, 242, 272, 204, 215, 131, 209, 235, 200, 224, 154, 227, 215, 214, 162, 169, 224, 245, 203, 230, 214, 211, 216, 215, 195, 248, 180, 198, 197, 262, 263, 263, 254, 191, 241, 201, 210, 192, 279, 181, 192, 211, 210, 253, 211, 264, 263, 262, 201, 222, 247, 177, 199, 223, 234, 218, 271, 266, 243, 319, 272, 246, 234, 243, 205, 269, 279, 258, 210, 275, 168, 243, 249, 248, 176, 228, 247, 217, 211, 276, 231, 261, 179, 248, 246, 217, 283, 309, 248, 244, 243, 242, 327, 299, 259, 288, 155, 290, 290, 275, 298, 233, 259, 239, 265, 251, 249, 269, 229, 269, 261, 314, 266, 247, 240, 206, 218, 250, 281, 232, 219, 244, 275, 283, 221, 257, 258, 241, 290, 234, 236, 235, 245, 224, 248, 304, 328, 259, 305, 303, 254, 295, 328, 270, 279, 316, 283, 266, 259, 226, 299, 237, 323, 314, 255, 302, 304, 310, 289, 281, 290, 313, 293, 301, 244, 278, 262, 286, 266, 284, 317, 264, 246, 297, 278, 294, 291, 278, 263, 266, 236, 251, 285, 263, 283, 290, 277, 281, 266, 284, 274, 258, 267, 281, 273, 272, 279, 260, 271, 258, 246, 262, 266, 243, 279, 261, 273, 248, 241, 266, 238, 243, 261, 226, 278, 248, 248, 292, 270, 250, 246, 260, 248, 242, 246, 247, 268, 239, 243, 260, 236, 246, 251, 231, 227, 228, 244, 223, 265, 212, 215, 251, 224, 239, 222]

Control Count:
 [0, 112, 221, 197, 148, 242, 206, 290, 234, 203, 252, 301, 219, 318, 274, 167, 109, 339, 253, 233, 407, 225, 254, 293, 260, 370, 156, 389, 352, 390, 344, 258, 258, 347, 317, 235, 300, 399, 400, 305, 358, 453, 259, 353, 241, 361, 393, 487, 291, 390, 441, 312, 348, 250, 375, 383, 321, 357, 348, 378, 422, 338, 249, 291, 383, 375, 403, 405, 378, 337, 350, 411, 367, 405, 257, 325, 314, 444, 326, 421, 426, 285, 439, 333, 326, 359, 438, 283, 333, 370, 351, 417, 340, 433, 422, 380, 338, 400, 405, 301, 313, 379, 430, 460, 469, 461, 417, 524, 451, 398, 415, 386, 338, 444, 477, 449, 399, 479, 311, 425, 446, 409, 367, 348, 360, 358, 362, 452, 363, 417, 316, 398, 393, 431, 420, 542, 398, 435, 392, 404, 523, 500, 437, 531, 337, 490, 485, 448, 502, 391, 433, 486, 456, 388, 447, 453, 409, 476, 411, 428, 395, 397, 427, 372, 409, 416, 454, 406, 482, 399, 421, 370, 411, 406, 423, 411, 374, 395, 413, 383, 336, 399, 409, 462, 563, 443, 501, 526, 433, 467, 522, 410, 459, 393, 471, 429, 444, 389, 468, 405, 495, 510, 435, 500, 518, 491, 470, 477, 497, 536, 450, 487, 409, 437, 416, 490, 375, 467, 483, 413, 399, 519, 483, 458, 370, 414, 415, 489, 426, 397, 467, 439, 445, 463, 475, 462, 445, 449, 455, 450, 462, 451, 416, 448, 452, 472, 456, 451, 424, 470, 466, 427, 429, 422, 423, 424, 464, 413, 402, 432, 391, 391, 430, 413, 450, 491, 406, 428, 410, 417, 419, 428, 454, 399, 420, 426, 359, 395, 399, 417, 402, 401, 426, 403, 394, 378, 394, 407, 424, 394, 423, 399, 389]

Cluster Number:
 [2, 3, 4, 5, 6, 7, 8, 9, 10, 11, 12, 13, 14, 15, 16, 17, 18, 19, 20, 21, 22, 23, 24, 25, 26, 27, 28, 29, 30, 31, 32, 33, 34, 35, 36, 37, 38, 39, 40, 41, 42, 43, 44, 45, 46, 47, 48, 49, 50, 51, 52, 53, 54, 55, 56, 57, 58, 59, 60, 61, 62, 63, 64, 65, 66, 67, 68, 69, 70, 71, 72, 73, 74, 75, 76, 77, 78, 79, 80, 81, 82, 83, 84, 85, 86, 87, 88, 89, 90, 91, 92, 93, 94, 95, 96, 97, 98, 99, 100, 101, 102, 103, 104, 105, 106, 107, 108, 109, 110, 111, 112, 113, 114, 115, 116, 117, 118, 119, 120, 121, 122, 123, 124, 125, 126, 127, 128, 129, 130, 131, 132, 133, 134, 135, 136, 137, 138, 139, 140, 141, 142, 143, 144, 145, 146, 147, 148, 149, 150, 151, 152, 153, 154, 155, 156, 157, 158, 159, 160, 161, 162, 163, 164, 165, 166, 167, 168, 169, 170, 171, 172, 173, 174, 175, 176, 177, 178, 179, 180, 181, 182, 183, 184, 185, 186, 187, 188, 189, 190, 191, 192, 193, 194, 195, 196, 197, 198, 199, 200, 201, 202, 203, 204, 205, 206, 207, 208, 209, 210, 211, 212, 213, 214, 215, 216, 217, 218, 219, 220, 221, 222, 223, 224, 225, 226, 227, 228, 229, 230, 231, 232, 233, 234, 235, 236, 237, 238, 239, 240, 241, 242, 243, 244, 245, 246, 247, 248, 249, 250, 251, 252, 253, 254, 255, 256, 257, 258, 259, 260, 261, 262, 263, 264, 265, 266, 267, 268, 269, 270, 271, 272, 273, 274, 275, 276, 277, 278, 279, 280, 281, 282, 283, 284, 285, 286, 287, 288, 289, 290, 291, 292, 293]

Odds Ratio:

nan
0.9386666666666665
0.8433205057724025
1.262074936760437
0.9547507847791136
0.8265525763333422
0.690417897847193
1.1000543035568833
1.1068672839506173
1.0527188328912467
1.0309076682316118
1.0429267395900361
0.8249478550087379
1.030389730900093
0.9224776103949888
1.0297797262617623
0.8303351139004
0.883754400989628
1.2564060175235578
0.9740065304492894
1.1455945534157823
1.0467484206614641
1.1457561371005096
1.1016983585242972
0.8516778523489932
0.8872890357606514
1.0125968992248062
0.875444589217171
1.0633264462809917
1.2588454376163871
1.1213762344695766
1.0970123917840773
1.0142118863049094
0.9272879180490637
0.8193683815510185
0.7099507005708356
0.8929876543209877
0.8512833008447043
0.83889400921659
1.2150063051702396
0.8336207094742165
1.2965152948596657
0.8657748657748656
0.9221867277439573
0.9166964359319615
1.0495665332922952
0.8181683933115234
0.8138467628213061
1.0835927498147024
1.0646362098138749
1.0599752875201982
1.1574468085106382
1.0480808702791462
0.8132207792207792
0.8553855072463773
1.037667025034557
1.0610148724566273
1.0827177382580941
0.5900383141762451
0.9914395527603074
0.6959842586323629
1.097435897435897
1.1250489321908574
0.9399643629884178
0.9384904972979539
1.1887972508591067
0.6936850738108253
0.877665544332211
0.8806584362139915
1.0737284606174191
1.0460986547085198
0.7403002259297882
0.7861147094295797
1.0355374571779457
1.2736805732914682
1.0187551867219917
1.073301047533821
0.9468112179976583
1.8426868377021748
1.0896809544374861
0.9733282578352999
1.197127900396152
0.8012816087986933
1.0017790900143841
1.1308168349987944
0.7989805239475375
1.1545376712328772
1.1031446024050182
0.9220556588977643
0.8954243717401615
0.9849587578845218
1.0144529537660194
1.0560887512899897
1.0277796106895412
1.0835577337354585
1.35557537912578
0.9744667097608273
0.83889400921659
1.0259902263374485
0.9583703177702823
1.099374334398296
0.9506865044463989
0.791060692002269
0.5746999803265788
0.8908137882018479
0.890524494376387
0.9246439583027457
1.0349236641221378
1.0003584848042275
1.0568385971307317
0.8609109609168384
1.0984720312995664
1.0108481262327416
1.0121356650768416
0.9175707547169812
0.8857251842646026
0.7561480119512755
0.8716711645195786
0.8312193732869805
0.8839015606242496
0.8286287467547792
1.0127113762336948
0.6582608965924515
1.1799313613335511
1.315046296296296
1.0102420856610803
0.9356644373364351
1.0339323524621316
1.1166958041958044
1.0935655969606337
0.8976144109055498
1.0765871241021867
1.0865008108215009
0.6735749670784474
1.3303418803418807
0.8156968492761848
1.0765871241021867
0.8428175655761863
1.0626822157434404
0.98517364426798
1.144410680142038
0.9738857142857142
0.9581617086193744
0.7075990571332362
0.6332281522965686
0.9453499520613613
0.9751608662561407
1.048018292682927
0.9514848407787291
0.974859086733047
0.9803053630998203
0.5950411522633746
0.9084492841298647
1.1699385830225926
0.8238431649593781
0.9605895338267759
0.8505181045523346
0.8377162629757788
1.1309357828262117
1.7607476635514012
1.296231799224409
1.0725886859781697
0.8501524013510174
0.846093497623333
0.7693635287479671
0.9920634920634921
1.0733563820888865
0.8888888888888891
0.5080535646925689
1.0317588843904633
1.2227709866172296
1.7552668052668055
0.7819036139199539
1.1199317923455854
1.0277810430625756
0.9387918110545848
1.842228044359904
0.9622970052485338
0.8866995073891626
1.037667025034557
1.4733676975945016
0.8590779273765808
1.0127113762336948
1.2965207631874298
0.8660169939033172
0.9256960120391272
1.0312956177197843
0.8555971818385149
0.9353972910554896
1.1449411134903638
1.1661316488902698
1.2391398470197723
1.0219362745098042
2.1899501437762465
0.9898606347650933
1.0716412681730598
0.9203703703703702
0.9246533183677904
1.1865079365079363
0.9357169050238356
1.3106757227446884
1.073756862745098
0.933470764617691
1.0051970802919707
0.9129129129129127
1.1599488466821386
1.0576170212765956
0.9358464028872436
0.9046223650628603
0.8898365316275759
1.239786910197869
1.079382793202988
0.9759388126136292
1.149821624003298
1.1101694915254237
0.9079365079365078
1.447368015414258
1.024024314429785
1.3180090282727486
1.150605326876513
1.0509953640578125
0.8422616624603109
0.8758664146187778
1.195301912362596
1.9024470416362314
1.3096288294776008
1.1270399780941949
0.7514923697057815
0.8241633710307823
1.1131491505439737
1.0343029561444976
0.983731103748188
1.1536876980697204
1.1139779958542917
0.9107342430149449
1.0239739163789798
0.9778268493862436
1.1385300668151448
0.9963636363636366
0.880589318600368
0.8937632135306554
1.0923264756237896
1.2334337349397593
1.0179640718562875
1.0647676991150443
0.7878041852097338
0.9621971595655808
0.8754762283936247
0.9138723237853161
0.8125495852866929
0.864471954154159
0.8739544998327199
1.215340909090909
1.0632355290484048
1.1858070580193112
0.9309493233231254
0.6925287356321841
1.1727246007641814
0.960223756837702
0.8494897959183675
1.263786315698727
0.9144963557989028
1.1966488516539073
0.9903274469784364
0.8021407795229782
0.9588095930836691
1.2670883493164662
0.927162142115413
0.9886010362694301
1.0832897927468084
0.9575528870784342
0.8610465392096399
0.7692588619296524
1.0607638888888886
1.149317738791423
0.8471596244131454
1.274330623614348
1.2245244325012377
0.9586034050643851
0.9506094606180341
1.082698211072298
0.9056325532323037
0.7590796350429622
0.8714263874025377
1.0607314850969676
0.9559327846364883
1.2910613221308125
0.7365811947309744
0.6881738544474393
1.1317906901393238
0.7512232668096103
0.9853508771929823
0.8915451411512447
