Case Count:
 [0, 64, 94, 187, 185, 204, 127, 155, 186, 128, 225, 115, 51, 217, 187, 191, 138, 154, 260, 220, 147, 194, 210, 95, 211, 219, 256, 260, 201, 146, 220, 146, 190, 157, 203, 158, 170, 224, 212, 223, 222, 205, 115, 197, 299, 204, 194, 211, 224, 162, 198, 267, 228, 199, 193, 154, 126, 213, 211, 213, 215, 273, 272, 238, 204, 215, 215, 209, 235, 238, 245, 154, 227, 215, 214, 169, 245, 203, 214, 211, 177, 217, 264, 215, 223, 242, 259, 195, 248, 197, 262, 263, 263, 254, 241, 201, 210, 192, 279, 181, 211, 264, 263, 262, 201, 222, 247, 199, 223, 234, 271, 220, 210, 272, 246, 239, 234, 243, 205, 231, 269, 298, 245, 279, 210, 275, 168, 245, 224, 243, 249, 248, 228, 247, 217, 211, 276, 205, 231, 236, 261, 228, 248, 246, 234, 283, 266, 283, 309, 317, 248, 301, 244, 242, 327, 299, 288, 290, 290, 275, 298, 233, 257, 259, 259, 238, 254, 239, 267, 265, 251, 249, 269, 272, 229, 269, 261, 314, 266, 239, 247, 240, 206, 218, 234, 241, 250, 281, 232, 219, 244, 275, 283, 221, 257, 258, 241, 229, 290, 234, 236, 235, 198, 245, 224, 248, 304, 328, 259, 232, 305, 303, 320, 295, 327, 328, 270, 279, 298, 283, 266, 259, 226, 259, 299, 251, 237, 323, 295, 314, 255, 302, 304, 310, 289, 273, 281, 248, 290, 313, 293, 301, 244, 278, 262, 286, 266, 284, 317, 264, 246, 297, 278, 294, 291, 278, 266, 236, 256, 251, 285, 263, 283, 225, 290, 266, 277, 281, 266, 284, 258, 267, 281, 273, 272, 279, 260, 271, 258, 246, 262, 243, 266, 243, 279, 261, 238, 273, 248, 241, 267, 266, 238, 243, 261, 226, 278, 248, 248, 248, 292, 270, 250, 246, 260, 248, 242, 246, 247, 268, 239, 243, 260, 236, 246, 251, 231, 227, 228, 244, 223, 265, 212, 215, 251, 224, 239, 222]

Control Count:
 [0, 112, 206, 350, 290, 352, 203, 252, 301, 263, 385, 219, 100, 407, 331, 339, 233, 296, 407, 389, 238, 295, 370, 156, 194, 352, 382, 390, 347, 243, 344, 232, 311, 258, 332, 280, 317, 324, 348, 399, 400, 305, 182, 437, 453, 353, 332, 339, 383, 249, 318, 438, 395, 362, 340, 346, 251, 389, 337, 381, 348, 487, 441, 178, 312, 342, 348, 375, 383, 367, 382, 348, 378, 422, 338, 291, 375, 403, 378, 431, 304, 431, 460, 411, 401, 417, 436, 367, 405, 314, 444, 326, 421, 426, 439, 333, 326, 359, 438, 283, 370, 433, 422, 380, 338, 400, 405, 313, 379, 430, 469, 369, 338, 451, 398, 418, 415, 386, 338, 386, 444, 318, 409, 477, 399, 479, 311, 424, 385, 425, 446, 409, 348, 360, 358, 362, 452, 365, 363, 368, 417, 375, 398, 393, 372, 512, 422, 420, 542, 522, 398, 516, 435, 404, 523, 500, 531, 490, 485, 448, 502, 391, 390, 433, 408, 396, 397, 486, 442, 456, 388, 447, 453, 414, 409, 476, 411, 428, 395, 390, 397, 427, 372, 409, 368, 399, 416, 454, 406, 482, 399, 421, 370, 411, 406, 423, 411, 398, 374, 395, 413, 383, 427, 336, 399, 409, 462, 563, 443, 398, 501, 526, 530, 467, 519, 522, 410, 459, 509, 471, 429, 444, 389, 453, 468, 410, 405, 495, 507, 510, 435, 500, 518, 491, 470, 467, 477, 484, 497, 536, 450, 487, 409, 437, 416, 490, 375, 467, 483, 413, 399, 519, 483, 458, 370, 414, 489, 426, 446, 397, 467, 439, 445, 382, 463, 464, 475, 462, 445, 449, 450, 462, 451, 416, 448, 452, 472, 456, 451, 424, 470, 392, 466, 427, 429, 422, 409, 423, 424, 464, 413, 413, 402, 432, 391, 391, 430, 409, 413, 450, 491, 406, 428, 410, 417, 419, 428, 454, 399, 420, 426, 359, 395, 399, 417, 402, 401, 426, 403, 394, 378, 394, 407, 424, 394, 423, 399, 389]

Cluster Number:
 [2, 3, 4, 5, 6, 7, 8, 9, 10, 11, 12, 13, 14, 15, 16, 17, 18, 19, 20, 21, 22, 23, 24, 25, 26, 27, 28, 29, 30, 31, 32, 33, 34, 35, 36, 37, 38, 39, 40, 41, 42, 43, 44, 45, 46, 47, 48, 49, 50, 51, 52, 53, 54, 55, 56, 57, 58, 59, 60, 61, 62, 63, 64, 65, 66, 67, 68, 69, 70, 71, 72, 73, 74, 75, 76, 77, 78, 79, 80, 81, 82, 83, 84, 85, 86, 87, 88, 89, 90, 91, 92, 93, 94, 95, 96, 97, 98, 99, 100, 101, 102, 103, 104, 105, 106, 107, 108, 109, 110, 111, 112, 113, 114, 115, 116, 117, 118, 119, 120, 121, 122, 123, 124, 125, 126, 127, 128, 129, 130, 131, 132, 133, 134, 135, 136, 137, 138, 139, 140, 141, 142, 143, 144, 145, 146, 147, 148, 149, 150, 151, 152, 153, 154, 155, 156, 157, 158, 159, 160, 161, 162, 163, 164, 165, 166, 167, 168, 169, 170, 171, 172, 173, 174, 175, 176, 177, 178, 179, 180, 181, 182, 183, 184, 185, 186, 187, 188, 189, 190, 191, 192, 193, 194, 195, 196, 197, 198, 199, 200, 201, 202, 203, 204, 205, 206, 207, 208, 209, 210, 211, 212, 213, 214, 215, 216, 217, 218, 219, 220, 221, 222, 223, 224, 225, 226, 227, 228, 229, 230, 231, 232, 233, 234, 235, 236, 237, 238, 239, 240, 241, 242, 243, 244, 245, 246, 247, 248, 249, 250, 251, 252, 253, 254, 255, 256, 257, 258, 259, 260, 261, 262, 263, 264, 265, 266, 267, 268, 269, 270, 271, 272, 273, 274, 275, 276, 277, 278, 279, 280, 281, 282, 283, 284, 285, 286, 287, 288, 289, 290, 291, 292, 293, 294, 295, 296, 297, 298, 299, 300, 301, 302, 303, 304, 305, 306, 307, 308, 309, 310, 311, 312, 313, 314, 315, 316, 317, 318, 319, 320, 321, 322, 323, 324, 325, 326, 327, 328]

Odds Ratio:

nan
0.9386666666666665
0.690417897847193
0.8014285714285715
1.1000543035568833
0.927272727272727
1.0527188328912467
1.0309076682316118
1.0429267395900361
0.727690633672808
0.9367034834324555
0.8249478550087379
0.8254639175257731
0.770934324988379
0.8900278137438259
0.883754400989628
0.9740065304492894
0.7886201991465149
1.1455945534157823
0.875444589217171
1.0364625302175665
1.1622552749913526
0.8872890357606514
1.0125968992248062
2.5473412913727627
1.0633264462809917
1.2670729265013017
1.2588454376163871
0.9272879180490637
0.9945364401185413
1.1213762344695766
1.0653171707661528
1.0231278813001201
1.0142118863049094
1.0259852971206862
0.899644128113879
0.8193683815510185
1.2991099626758544
1.0197984708086485
0.8512833008447043
0.83889400921659
1.2150063051702396
1.0648148148148149
0.5420787866180002
1.2965152948596657
0.9221867277439573
0.9444799606589626
1.0619339647052735
0.9384904972979539
1.1250489321908574
1.0592656384561183
1.0277954762663268
0.9109604655348253
0.8383287292817679
0.8953132472501195
0.5965723557448535
0.7650166108728026
0.8213367609254502
1.0737284606174191
0.8583722388683717
1.0480808702791462
0.8138467628213061
1.0599752875201982
3.658672927497345
1.1574468085106382
1.083307226399332
1.0480808702791462
0.8553855072463773
1.037667025034557
1.1647213523662343
1.1438711070329786
0.5900383141762451
0.9914395527603074
0.6959842586323629
1.097435897435897
0.9399643629884178
1.1887972508591067
0.6936850738108253
0.8806584362139915
0.6377152277445355
0.942245881880273
0.6735749670784474
0.8789068322981366
0.7403002259297882
0.8418883347187586
0.9161645303046905
0.9636595310907237
0.7861147094295797
1.0355374571779457
1.073301047533821
0.9468112179976583
1.8426868377021748
1.0896809544374861
0.9733282578352999
0.8012816087986933
1.0017790900143841
1.1308168349987944
0.7989805239475375
1.1545376712328772
1.1031446024050182
0.8954243717401615
1.0277796106895412
1.0835577337354585
1.35557537912578
0.9744667097608273
0.83889400921659
1.0259902263374485
1.099374334398296
0.9506865044463989
0.791060692002269
0.8908137882018479
0.9773421935132596
1.0581121934833726
1.0003584848042275
1.0568385971307317
0.8862440191387563
0.8609109609168384
1.0984720312995664
1.0108481262327416
0.9839826624153049
1.0121356650768416
2.7249208260850173
0.9849897915458876
0.9175707547169812
0.7561480119512755
0.8716711645195786
0.8312193732869805
0.9054658626726317
0.9282029598308669
0.8839015606242496
0.8286287467547792
1.0127113762336948
1.1799313613335511
1.315046296296296
1.0102420856610803
0.9356644373364351
1.0339323524621316
0.8712680014049877
1.1166958041958044
1.137288498607839
1.0935655969606337
1.0171753554502372
1.0765871241021867
1.0865008108215009
1.0923682140047208
0.765324519230769
1.1149220612004487
1.3303418803418807
0.8156968492761848
1.025406695559324
1.0765871241021867
0.8961352657004829
0.8428175655761863
0.98517364426798
1.144410680142038
0.9738857142857142
0.7075990571332362
0.9453499520613613
0.9751608662561407
1.048018292682927
0.9514848407787291
0.974859086733047
1.2238095238095237
0.9803053630998203
1.128540305010893
0.9927132016684258
1.1447205391789774
0.5950411522633746
1.0044459644322845
0.9084492841298647
1.1699385830225926
0.8238431649593781
0.9605895338267759
1.2353264485521716
0.8505181045523346
0.8377162629757788
1.1309357828262117
1.7607476635514012
1.296231799224409
1.0356666666666667
1.0725886859781697
0.8501524013510174
0.846093497623333
0.7693635287479671
1.1166489925768825
1.003632819422293
0.9920634920634921
1.0733563820888865
0.8888888888888891
0.5080535646925689
1.0317588843904633
1.2227709866172296
1.7552668052668055
0.7819036139199539
1.1199317923455854
1.0277810430625756
0.9387918110545848
0.9041636755204596
1.842228044359904
0.9622970052485338
0.8866995073891626
1.037667025034557
0.5791442758995986
1.4733676975945016
0.8590779273765808
1.0127113762336948
1.2965207631874298
0.8660169939033172
0.9256960120391272
0.9292841016677594
1.0312956177197843
0.8555971818385149
1.0045980656413513
1.1449411134903638
1.1757328654004955
1.1661316488902698
1.2391398470197723
1.0219362745098042
0.9093341136145133
0.9898606347650933
1.0716412681730598
0.9203703703703702
0.9246533183677904
0.8734976698552857
1.1865079365079363
1.0355215360664245
0.9357169050238356
1.3106757227446884
0.8929843304843306
1.073756862745098
0.933470764617691
1.0051970802919707
0.9129129129129127
1.1599488466821386
1.0576170212765956
0.9191326333169938
0.9358464028872436
0.6545800700964909
0.9046223650628603
0.8898365316275759
1.239786910197869
1.079382793202988
0.9759388126136292
1.149821624003298
1.1101694915254237
0.9079365079365078
1.447368015414258
1.024024314429785
1.3180090282727486
1.150605326876513
1.0509953640578125
0.8422616624603109
0.8758664146187778
1.195301912362596
1.9024470416362314
1.3096288294776008
0.7514923697057815
0.8241633710307823
0.884510769683158
1.1131491505439737
1.0343029561444976
0.983731103748188
1.1536876980697204
0.9523168762538534
1.1139779958542917
0.8748255929838549
0.9107342430149449
1.0239739163789798
0.9778268493862436
1.1385300668151448
0.880589318600368
0.8937632135306554
1.0923264756237896
1.2334337349397593
1.0179640718562875
1.0647676991150443
0.7878041852097338
0.9621971595655808
0.8754762283936247
0.9138723237853161
0.8125495852866929
1.0626822157434404
0.864471954154159
0.8739544998327199
1.215340909090909
1.0632355290484048
0.9235241883492076
1.1858070580193112
0.9309493233231254
0.6925287356321841
1.1839771383523847
1.1727246007641814
0.960223756837702
0.8494897959183675
1.263786315698727
0.9144963557989028
1.1966488516539073
1.0127113762336948
0.9903274469784364
0.8021407795229782
0.9588095930836691
1.2670883493164662
0.927162142115413
0.9886010362694301
1.0832897927468084
0.9575528870784342
0.8610465392096399
0.7692588619296524
1.0607638888888886
1.149317738791423
0.8471596244131454
1.274330623614348
1.2245244325012377
0.9586034050643851
0.9506094606180341
1.082698211072298
0.9056325532323037
0.7590796350429622
0.8714263874025377
1.0607314850969676
0.9559327846364883
1.2910613221308125
0.7365811947309744
0.6881738544474393
1.1317906901393238
0.7512232668096103
0.9853508771929823
0.8915451411512447
