Case Count:
 [0, 96, 53, 98, 224, 240, 118, 176, 70, 138, 171, 356, 96, 152, 222, 169, 129, 246, 200, 191, 409, 173, 203, 169, 220, 214, 149, 163, 258, 159, 248, 127, 253, 198, 228, 179, 286, 212, 211, 227, 242, 212, 191, 396, 271, 198, 99, 174, 261, 172, 260, 183, 207, 212, 117, 232, 185, 154, 364, 150, 226, 223, 214, 166, 240, 260, 198, 259, 230, 205, 226, 258, 180, 203, 225, 247, 314, 232, 282, 264, 230, 297, 215, 261, 205, 210, 158, 420, 243, 295, 329, 130, 220, 163, 243, 214, 225, 254, 209, 296, 288, 299, 174, 252, 214, 192, 294, 243, 318, 220, 222, 145, 199, 226, 208, 267, 216, 411, 314, 246, 245, 221, 262, 224, 275, 272, 355, 234, 338, 268, 271, 252, 183, 225, 259, 180, 313, 364, 246, 228, 218, 222, 214, 268, 225, 334, 245, 296, 276, 382, 319, 293, 258, 265, 215, 296, 277, 254, 268, 265, 317, 316, 236, 231, 183, 266, 280, 273, 398, 218, 272, 280, 213, 272, 337, 280, 328, 389, 272, 291, 274, 275, 264, 279, 289, 294, 279, 248, 261, 285, 228, 248, 280, 387, 266, 238, 276, 265, 418, 338, 251, 362, 257, 315, 324, 331, 307, 258, 350, 282, 277, 316, 318, 336, 297, 302, 327, 382, 229, 299, 333, 266, 289, 252, 294, 286, 255, 348, 290, 270, 280, 259, 282, 304, 296, 271, 268, 324, 291, 424, 266, 288, 212, 247, 269, 276, 249, 298, 314, 364, 424, 267, 240, 242, 239, 263, 219, 255, 261, 275, 289, 221, 258, 256, 290, 250, 370, 322, 328, 342, 303, 281, 325, 292, 320, 262, 328, 304, 287, 377, 278, 283, 324, 389, 292, 302, 304, 270, 315, 375, 290, 301, 284, 317, 310, 280, 254, 278, 294, 266, 334, 265, 283, 311, 272, 426, 296, 270, 283, 307, 279, 290, 429, 273, 281, 350, 261, 366, 274, 266, 264, 281, 273, 272, 264, 275, 260, 245, 271, 258, 246, 271, 287, 262, 423, 417, 314, 263, 291, 266, 429, 259, 422, 259, 243, 268, 279, 239, 253, 287, 265, 248, 256, 241, 428, 246, 265, 274, 254, 263, 271, 266, 245, 261, 247, 260]

Control Count:
 [0, 181, 116, 165, 410, 388, 185, 338, 121, 224, 308, 598, 169, 262, 393, 291, 248, 365, 333, 321, 667, 272, 345, 284, 382, 341, 221, 307, 388, 263, 391, 262, 363, 363, 415, 255, 454, 338, 377, 397, 396, 346, 320, 651, 460, 330, 176, 275, 455, 262, 407, 287, 351, 365, 203, 374, 345, 296, 609, 311, 367, 357, 342, 283, 452, 455, 340, 466, 383, 373, 366, 448, 280, 362, 419, 391, 532, 461, 491, 419, 417, 484, 368, 430, 326, 346, 280, 697, 419, 491, 546, 235, 357, 296, 388, 360, 379, 443, 370, 475, 521, 453, 299, 441, 338, 333, 502, 372, 497, 372, 393, 251, 237, 384, 418, 438, 327, 674, 532, 413, 407, 426, 458, 380, 444, 441, 602, 415, 559, 414, 474, 468, 291, 405, 400, 387, 508, 603, 414, 348, 370, 400, 378, 471, 382, 550, 381, 456, 458, 615, 524, 461, 415, 409, 340, 485, 454, 426, 413, 436, 491, 499, 377, 365, 395, 418, 439, 409, 669, 455, 434, 409, 364, 470, 566, 505, 539, 627, 451, 492, 469, 490, 437, 459, 465, 458, 477, 407, 461, 463, 318, 409, 495, 631, 386, 431, 452, 456, 704, 546, 436, 596, 450, 514, 535, 541, 518, 451, 568, 453, 456, 510, 513, 540, 465, 518, 523, 631, 414, 500, 545, 426, 508, 506, 466, 484, 444, 573, 485, 460, 502, 433, 433, 516, 436, 439, 453, 534, 434, 698, 421, 482, 386, 400, 476, 442, 433, 489, 428, 574, 694, 442, 427, 409, 401, 459, 482, 432, 423, 421, 503, 411, 423, 431, 374, 389, 615, 559, 563, 531, 519, 489, 537, 390, 530, 467, 522, 500, 492, 620, 494, 471, 535, 647, 494, 500, 518, 474, 536, 631, 497, 487, 467, 483, 545, 439, 464, 483, 458, 489, 504, 418, 458, 525, 461, 706, 477, 448, 445, 492, 443, 463, 690, 456, 462, 555, 455, 589, 445, 462, 443, 451, 416, 448, 442, 450, 472, 472, 456, 451, 424, 444, 463, 470, 696, 697, 509, 440, 387, 466, 707, 446, 694, 423, 427, 426, 429, 423, 419, 443, 439, 424, 446, 464, 714, 436, 428, 435, 387, 443, 434, 413, 391, 391, 411, 429]

Cluster Number:
 [2, 3, 4, 5, 6, 7, 8, 9, 10, 11, 12, 13, 14, 15, 16, 17, 18, 19, 20, 21, 22, 23, 24, 25, 26, 27, 28, 29, 30, 31, 32, 33, 34, 35, 36, 37, 38, 39, 40, 41, 42, 43, 44, 45, 46, 47, 48, 49, 50, 51, 52, 53, 54, 55, 56, 57, 58, 59, 60, 61, 62, 63, 64, 65, 66, 67, 68, 69, 70, 71, 72, 73, 74, 75, 76, 77, 78, 79, 80, 81, 82, 83, 84, 85, 86, 87, 88, 89, 90, 91, 92, 93, 94, 95, 96, 97, 98, 99, 100, 101, 102, 103, 104, 105, 106, 107, 108, 109, 110, 111, 112, 113, 114, 115, 116, 117, 118, 119, 120, 121, 122, 123, 124, 125, 126, 127, 128, 129, 130, 131, 132, 133, 134, 135, 136, 137, 138, 139, 140, 141, 142, 143, 144, 145, 146, 147, 148, 149, 150, 151, 152, 153, 154, 155, 156, 157, 158, 159, 160, 161, 162, 163, 164, 165, 166, 167, 168, 169, 170, 171, 172, 173, 174, 175, 176, 177, 178, 179, 180, 181, 182, 183, 184, 185, 186, 187, 188, 189, 190, 191, 192, 193, 194, 195, 196, 197, 198, 199, 200, 201, 202, 203, 204, 205, 206, 207, 208, 209, 210, 211, 212, 213, 214, 215, 216, 217, 218, 219, 220, 221, 222, 223, 224, 225, 226, 227, 228, 229, 230, 231, 232, 233, 234, 235, 236, 237, 238, 239, 240, 241, 242, 243, 244, 245, 246, 247, 248, 249, 250, 251, 252, 253, 254, 255, 256, 257, 258, 259, 260, 261, 262, 263, 264, 265, 266, 267, 268, 269, 270, 271, 272, 273, 274, 275, 276, 277, 278, 279, 280, 281, 282, 283, 284, 285, 286, 287, 288, 289, 290, 291, 292, 293, 294, 295, 296, 297, 298, 299, 300, 301, 302, 303, 304, 305, 306, 307, 308, 309, 310, 311, 312, 313, 314, 315, 316, 317, 318, 319, 320, 321, 322, 323, 324, 325, 326, 327, 328, 329, 330, 331, 332, 333, 334, 335, 336, 337, 338, 339, 340, 341, 342, 343, 344, 345, 346, 347, 348, 349, 350, 351, 352, 353, 354, 355, 356, 357, 358, 359, 360, 361, 362, 363, 364, 365, 366]

Odds Ratio:

nan
0.8458354138814168
0.7244059317491515
0.9806096152137209
0.8080771412365289
1.056830544474952
1.0789593331649405
0.7721556010529393
0.9516450536406194
1.0315614617940199
0.8700814111261871
0.9324253535882661
0.9257681094415788
0.9419900523977975
0.8720582544763784
0.9399643629884178
0.805411030176899
1.2676272269146143
0.9926244235867668
0.9764973369510603
1.2468265867066464
1.0903361344537814
0.9549127978383689
0.9785602503912363
0.9098950488895265
1.0794134897360703
1.1787018255578092
0.8098829249870179
1.2490744432420116
1.0040059750135797
1.1191066000723076
0.7239919749461734
1.3677093515803191
0.826103357223689
0.8149831553702965
1.2770286576168925
1.1281564020615589
1.0776008132836326
0.8616152450090745
0.8927451166769643
1.0298928369994362
1.031091645234397
0.9819556451612904
1.0892723180795192
0.9398033126293999
0.9908713692946058
0.913235294117647
1.081605488850772
0.8797752808988761
1.1457815135660576
1.1455945534157823
1.0984184451219516
0.958333333333333
0.9288033311206325
0.9397087170700366
1.0608385646748821
0.8085701243866257
0.7886201991465149
0.9483524904214554
0.6959356468140501
1.0436862775197966
1.0728939724037765
1.0734762833008447
0.9561345603748433
0.7364254902832748
0.871508379888268
0.9375640712716621
0.8089890319504053
0.991292615588342
0.8337916179739236
1.0494368762667081
0.8908839779005523
1.111969111969112
0.869674126790898
0.775377512100462
1.10878889599318
0.9254736842105263
0.6491244616303563
0.8669944348593147
1.1125264234572112
0.8207405367571974
1.0544174135723432
0.9389557453416152
1.0161745492552912
1.0803051753972
1.0124441527627028
0.899644128113879
0.9831609152004833
0.9143125030441773
0.9888408010862184
0.9969696969696972
0.8826000137712592
1.0439609633807863
0.8619271445358402
1.0864191037239639
0.9722469135802468
0.9681774467980173
0.8832896101519128
0.8792244418331377
1.1025101214574897
0.7577887658730663
1.2965152948596657
0.9420836751435603
0.877005347593583
1.097435897435897
0.9220556588977643
0.9128176947382882
1.186471362738644
1.2215108834827146
0.9613590612264941
0.8720582544763784
0.9372713228717783
1.717809423347398
0.9505086071987483
0.667785165392821
1.0277954762663268
1.1878059818159377
1.1760279779567597
0.9254736842105263
0.9721612364977607
0.9960358671698877
0.7186759701942542
0.8726223077492412
0.9541248470012239
1.0725664689079322
1.0599752875201982
0.8845514950166115
0.8609109609168384
1.011743034768593
1.1886883069186653
0.8644012457303598
0.7486631016042778
1.0734938788659794
0.8385254413291798
1.1798888888888883
0.6123731705127053
1.0758030246219221
1.006080707573244
0.9667342494555832
1.1799313613335511
0.9544331661978721
0.83889400921659
0.8806584362139915
0.8551669336114522
0.9523168762538534
1.0294718614718616
1.1501880563898583
1.2346951294319717
0.9982050526428593
1.2313792611610328
1.0349236641221378
1.1623183668617956
1.0750715569460163
1.187856560717196
1.0953256302521008
1.0370989834907363
1.0319519225539784
0.9733282578352999
1.1953612845673502
1.0199831277022038
1.2541985242562848
1.1790084233507663
1.0823849159164258
1.1044915700737619
0.60264042721519
1.140304781923279
1.1592957120958154
1.2826906648599288
0.8561012067519782
0.5918552036199095
1.1033417036893958
1.3734987928833944
0.9424778761061948
0.8940756784303733
0.9456453959675742
0.7776324802291552
1.0361530361530362
1.2532376395534286
1.0003584848042275
0.943144363876071
0.9170511080958842
0.8144599303135888
1.0045635828702189
1.0219362745098042
1.0897060931899645
1.195301912362596
0.9175707547169812
1.0240683329688565
0.8492407809110628
1.0592269501556761
1.3931860860234286
1.0127113762336948
0.8289181119369798
1.144063147628916
1.3623049507322769
0.8159434844339786
1.0339323524621316
0.9084492841298647
0.6785714285714292
1.1155115511551155
0.8941538161233651
1.041227229146692
0.8723565323565322
1.0576440316304752
1.0163673303535148
1.0593722187992058
0.9428746928746926
0.8754762283936247
1.1077702168064565
1.0903952419116718
1.0199263591076457
1.098166746373346
1.1014450727369387
1.1357065803667745
1.182962289868242
0.8936673900177547
1.144410680142038
1.0302221480801845
0.827076144467449
0.9738857142857142
1.0548554613120997
1.0900160112893156
0.8343832020997377
0.5912367102787935
1.1399733609590057
0.9423648247177661
0.886457109283196
1.0344629192796733
0.9751608662561407
0.9307949575508107
0.7928036282542786
0.9803053630998203
1.2237242759006195
0.9251794430089001
1.386283441329313
1.0619237444408292
0.9514219691981975
1.0235466536394728
1.3319529206625982
1.214899713467049
1.1212225227575408
0.9734274958094036
0.8274634224281572
1.054895833333333
0.8377162629757788
1.0956333453626854
0.8928528017503342
1.032966395451711
1.7607476635514012
1.302113821138211
1.3848222862632082
1.0044459644322845
0.8501524013510174
0.9581125190820745
0.9744763092269324
0.8757551000198058
0.5080535646925689
0.9495772946859903
1.0572555582118093
1.2227709866172296
0.8618290258449305
0.7819036139199539
1.0277810430625756
0.9639800692252101
1.842228044359904
1.152731872526217
0.9852715918463536
0.8320413436692506
0.8660169939033172
1.3080552157959116
0.8971863311798706
0.8692371411560667
1.0139991505766277
1.721541950113379
1.0045980656413513
0.8272783362973176
1.1661316488902698
1.0268444444444442
0.9057017543859648
1.0592091571279922
0.8179143510951291
0.9898606347650933
1.0163673303535148
0.9740030911901087
0.940923737916219
1.0051970802919707
0.9129129129129127
0.8561156467680324
0.909966297544535
0.9007280110935023
0.9046223650628603
1.079382793202988
1.024024314429785
1.3180090282727486
0.8069127373586514
1.1592957120958154
0.7811742777260019
0.8758664146187778
1.195301912362596
0.7514923697057815
1.413756613756614
1.1294890832095912
1.069449109842123
0.9394791666666665
0.9433280943535924
1.0211375027239062
1.0892084854349005
0.9985207100591716
1.1536876980697204
1.1156072924365603
1.1218256207674948
1.1139779958542917
2.362608695652178
0.980976537729867
1.0239739163789798
1.225832574147181
0.8797752808988761
1.1831988278251975
1.0560708205652025
0.8852688737081801
0.9705256368913254
1.0923264756237896
1.2334337349397593
1.0179640718562875
0.9761344537815126
1.0359078590785908
0.7878041852097338
0.6849554429495018
0.9621971595655808
0.8754762283936247
0.9138723237853161
1.0317996567996568
1.0806951233375017
0.8125495852866929
1.2155172413793103
0.8430285639754794
1.0808015717092339
0.978099173553719
1.7325057615755293
0.864471954154159
1.2742574257425758
0.909790732436472
1.2161383285302592
1.0374967165747304
0.8739544998327199
1.1110562007522713
1.215340909090909
0.8616430260047281
1.0031180229424899
1.2147291196388266
1.0026051894326184
0.9309493233231254
0.884510769683158
0.6925287356321841
0.7629233511586477
0.8536388268289206
1.067515307766677
1.1185231626610939
1.2097772190795444
0.9613559408988304
1.0927419354838712
1.1727246007641814
1.0884725920847946
1.263786315698727
0.9922318532035685
1.0123582190621294
