Case Count:
 [0, 43, 208, 163, 199, 194, 182, 100, 223, 156, 177, 187, 179, 166, 164, 140, 173, 128, 167, 183, 227, 116, 199, 117, 176, 186, 186, 192, 236, 191, 213, 164, 207, 185, 203, 172, 222, 184, 208, 214, 305, 200, 258, 191, 217, 153, 206, 175, 215, 210, 224, 165, 220, 217, 250, 230, 185, 211, 187, 187, 209, 174, 248, 210, 243, 207, 221, 190, 150, 218, 211, 199, 221, 233, 266, 223, 269, 200, 229, 208, 205, 213, 215, 209, 199, 246, 203, 240, 254, 223, 204, 211, 195, 239, 203, 226, 255, 226, 244, 233, 199, 221, 175, 201, 257, 258, 241, 163, 227, 235, 232, 236, 230, 211, 198, 218, 209, 225, 239, 214, 223, 209, 204, 201, 202, 250, 266, 262, 214, 284, 246, 280, 265, 279, 219, 251, 283, 264, 290, 281, 190, 284, 229, 274, 273, 260, 246, 287, 216, 225, 236, 267, 279, 241, 253, 248, 233, 241, 266, 245, 249, 234, 248, 270, 236, 250, 250, 248, 201, 247, 194, 192, 238, 235, 220, 204, 260, 236, 246, 229, 212, 238, 227, 196, 244, 265, 215, 224, 245, 222, 224, 220, 190, 236, 224, 247, 245, 215, 242, 207, 161, 181, 226, 248, 235, 200, 188, 208, 251, 210, 235, 222, 220, 229, 240, 253, 245, 185, 217, 218, 250, 215, 224, 221, 225, 226, 202, 245, 224, 209, 196, 221, 194, 201]

Control Count:
 [0, 76, 339, 243, 242, 308, 304, 145, 346, 250, 352, 305, 293, 280, 284, 234, 269, 234, 267, 380, 358, 203, 347, 215, 379, 306, 327, 340, 318, 325, 365, 254, 322, 307, 321, 296, 350, 317, 328, 416, 319, 306, 318, 321, 343, 271, 347, 311, 334, 399, 357, 267, 364, 377, 414, 360, 286, 386, 364, 343, 371, 403, 398, 343, 383, 353, 397, 387, 309, 413, 334, 310, 358, 399, 423, 372, 453, 356, 409, 346, 346, 372, 366, 318, 382, 391, 304, 427, 427, 382, 351, 352, 336, 401, 401, 395, 432, 358, 399, 418, 313, 411, 324, 381, 406, 423, 411, 286, 359, 376, 387, 413, 381, 405, 332, 344, 370, 352, 378, 393, 378, 350, 342, 343, 374, 369, 461, 416, 363, 467, 399, 439, 457, 489, 393, 397, 445, 419, 463, 462, 362, 449, 372, 455, 416, 472, 424, 463, 373, 346, 395, 434, 429, 419, 419, 424, 351, 464, 413, 391, 447, 380, 413, 406, 388, 428, 399, 419, 397, 399, 387, 348, 398, 414, 383, 371, 395, 423, 417, 373, 355, 365, 426, 385, 394, 394, 424, 423, 375, 389, 376, 362, 362, 384, 351, 395, 390, 387, 378, 392, 359, 408, 395, 371, 362, 387, 371, 344, 378, 367, 363, 373, 402, 377, 367, 357, 372, 337, 358, 388, 392, 373, 367, 382, 349, 379, 392, 352, 366, 374, 379, 337, 343, 363]

Cluster Number:
 [2, 3, 4, 5, 6, 7, 8, 9, 10, 11, 12, 13, 14, 15, 16, 17, 18, 19, 20, 21, 22, 23, 24, 25, 26, 27, 28, 29, 30, 31, 32, 33, 34, 35, 36, 37, 38, 39, 40, 41, 42, 43, 44, 45, 46, 47, 48, 49, 50, 51, 52, 53, 54, 55, 56, 57, 58, 59, 60, 61, 62, 63, 64, 65, 66, 67, 68, 69, 70, 71, 72, 73, 74, 75, 76, 77, 78, 79, 80, 81, 82, 83, 84, 85, 86, 87, 88, 89, 90, 91, 92, 93, 94, 95, 96, 97, 98, 99, 100, 101, 102, 103, 104, 105, 106, 107, 108, 109, 110, 111, 112, 113, 114, 115, 116, 117, 118, 119, 120, 121, 122, 123, 124, 125, 126, 127, 128, 129, 130, 131, 132, 133, 134, 135, 136, 137, 138, 139, 140, 141, 142, 143, 144, 145, 146, 147, 148, 149, 150, 151, 152, 153, 154, 155, 156, 157, 158, 159, 160, 161, 162, 163, 164, 165, 166, 167, 168, 169, 170, 171, 172, 173, 174, 175, 176, 177, 178, 179, 180, 181, 182, 183, 184, 185, 186, 187, 188, 189, 190, 191, 192, 193, 194, 195, 196, 197, 198, 199, 200, 201, 202, 203, 204, 205, 206, 207, 208, 209, 210, 211, 212, 213, 214, 215, 216, 217, 218, 219, 220, 221, 222, 223, 224, 225, 226, 227, 228, 229, 230, 231, 232, 233, 234]

Odds Ratio:

nan
0.931552365762892
1.0332401128861304
1.178729051112304
1.6651859504132234
1.0797773654916512
0.9877124718410811
1.186044146068559
1.1398255191607796
1.053964664310954
0.7216342817487853
1.0291569086651053
1.0221186663166184
0.9728937728937731
0.9323431498079389
0.9884801189149016
1.1097492802638564
0.8688817434798141
1.060076558713373
0.6546463815789474
1.1066459365447456
0.9287925696594428
0.9104106628242074
0.8669796331070345
0.6162304242703933
1.0138727427729985
0.9015483917757552
0.8870683496070493
1.4989001456145243
0.9550000000000001
0.9373136137713663
1.112899069434503
1.1249999999999998
0.9988073559209008
1.090619884893606
0.9401761311873671
1.1048847926267282
0.9355353497866024
1.0980889029669518
0.7133333333333334
2.9182847517896406
1.1540459977575408
1.8377983946627747
0.9764973369510603
1.0971685971685972
0.9021366087786751
0.9707486611173636
0.8888117509500144
1.1322444396920448
0.7561480119512755
1.0827177382580941
1.0397359140490445
1.0045662100456623
0.9100652376514444
1.003246172328298
1.1249335459861776
1.1256263421617756
0.8199481865284977
0.7420634920634921
0.8329284094590218
0.8744052502050864
0.5295191722458916
1.0765871241021867
1.0293200249532128
1.1167874460489158
0.9478484907687796
0.8452268157973797
0.6723534966740347
0.7037995095239695
0.7523583096863257
1.0916850509507305
1.1180376344086018
1.0477422992158272
0.9326349855220574
1.1086513890597025
0.9880027877339709
0.9605895338267759
0.8744299750834469
0.8505181045523346
0.9941195605935491
0.9672199990119065
0.9019411932629178
0.9493315768930525
1.1715887339349196
0.751025305410122
1.0985781111273074
1.1997100802854592
0.8501524013510174
0.9678334071776693
0.935112468489432
0.9323877068557918
0.9885366826156301
0.9323770491803278
0.9744763092269324
0.7014349718923029
0.8944909966125874
0.9495772946859903
1.0965982112413775
1.0317588843904633
0.8388303061271895
1.099374334398296
0.7819036139199539
0.8265525626636737
0.7691722358234631
1.1199317923455854
1.0277810430625756
0.9387918110545848
0.9127140974967062
1.1005807536658434
1.0784313725490196
0.9875544570522664
0.8866995073891626
1.0022730412286982
0.7380658436213993
0.979953007048943
1.1011259602230874
0.8792244418331377
1.123088360237893
1.1064814814814814
0.8107435679954764
0.9559327846364883
0.9813913043478262
0.9797685703620753
0.9479506088149545
0.8067420293779194
1.2869044034355688
0.890524494376387
1.1101694915254237
0.956351392715029
1.024024314429785
1.0509953640578125
1.1592957120958154
0.9031288513292587
0.8522622699386506
0.8485426786953507
1.1131491505439737
1.1536876980697204
1.1125264234572112
1.1139779958542917
1.0239739163789798
0.7714837249550689
1.1385300668151448
1.0435739887352793
0.9963636363636366
1.2334337349397593
0.7878041852097338
0.9138723237853161
1.0806951233375017
0.9218672982363337
1.1607962832910164
0.9800835567749583
1.051575393848462
1.215340909090909
0.8976278296087368
1.0031180229424899
0.9309493233231254
1.2148507731032003
0.6925287356321841
1.1727246007641814
1.0884725920847946
0.8238431649593781
1.0453401797175867
0.9903274469784364
1.2670883493164662
1.0187395256716267
0.927162142115413
1.0906896871809149
0.9575528870784342
0.7041360624854476
1.0607638888888886
0.6977166060222539
0.8488063660477452
0.9817745443636093
0.8737093871364973
0.9048964555241604
0.8353271778402249
1.2245244325012377
0.8382536188845799
0.9506094606180341
1.0378526745818974
0.981274430725321
1.177591494581885
0.7590796350429622
0.718593340815563
1.0607314850969676
1.2910613221308125
0.6881738544474393
0.7512232668096103
1.1887972508591067
0.8915451411512447
0.9753587333003463
1.015666389162189
0.7714837249550689
1.0414614121510672
1.1190353143841518
1.0845332278481015
1.0945017182130583
0.8457341269841272
1.1374318480917465
0.7647783251231527
0.5952686318911444
0.5502355981152149
0.8944909966125874
1.2494319865652475
1.1646896327591811
0.7373530969911235
0.7207396827783208
1.0051344004832377
1.2362096138691883
0.9020382423283321
1.158307675687355
0.9736721809713251
0.8146482200867807
1.0152709359605911
1.1863130365725085
1.4135568205776934
1.20856889480102
0.8450547909997898
1.0102420856610803
0.8643933386201426
1.1337868480725626
0.9135029682114135
1.024827323997212
0.9182237379316972
1.1417802533272634
0.9770460936241901
0.7305605786618445
1.3489925023430178
1.0304740119456095
0.8601023017902818
0.7427386342660456
1.1762039582936326
0.8887963348604749
0.8491909160358359
