Case Count:
 [0, 194, 96, 47, 95, 84, 184, 91, 124, 158, 129, 193, 152, 102, 223, 214, 112, 139, 139, 111, 177, 148, 258, 220, 204, 129, 153, 253, 197, 193, 127, 204, 171, 259, 225, 242, 187, 250, 171, 204, 271, 124, 109, 200, 183, 231, 236, 219, 208, 212, 117, 154, 231, 229, 199, 178, 230, 214, 296, 244, 420, 223, 225, 142, 240, 203, 199, 225, 159, 284, 230, 215, 235, 168, 230, 242, 180, 237, 158, 296, 270, 191, 247, 184, 187, 238, 268, 294, 259, 264, 215, 220, 357, 180, 176, 201, 299, 158, 222, 267, 179, 130, 318, 222, 168, 204, 235, 208, 267, 270, 252, 238, 280, 329, 210, 266, 214, 262, 253, 272, 215, 283, 259, 215, 271, 154, 225, 313, 214, 228, 222, 217, 339, 214, 247, 276, 233, 277, 268, 265, 289, 305, 369, 226, 227, 236, 231, 266, 247, 262, 247, 289, 273, 218, 352, 272, 268, 270, 359, 213, 295, 319, 280, 272, 278, 246, 232, 271, 275, 382, 279, 253, 243, 248, 293, 387, 238, 276, 280, 265, 217, 365, 251, 362, 414, 257, 224, 242, 315, 354, 324, 261, 260, 307, 258, 350, 274, 342, 298, 321, 282, 248, 316, 297, 296, 302, 327, 281, 279, 229, 299, 251, 255, 285, 252, 273, 294, 286, 328, 255, 348, 290, 270, 259, 282, 278, 304, 296, 271, 239, 278, 267, 291, 266, 288, 212, 269, 314, 286, 267, 240, 242, 239, 219, 255, 261, 244, 275, 289, 221, 258, 229, 290, 274, 250, 370, 305, 348, 322, 328, 342, 336, 325, 320, 289, 313, 321, 287, 377, 278, 283, 281, 292, 301, 279, 302, 304, 270, 315, 375, 290, 313, 327, 317, 310, 277, 280, 254, 267, 294, 266, 334, 265, 311, 272, 296, 270, 283, 245, 279, 290, 281, 266, 264, 281, 273, 272, 275, 260, 245, 271, 258, 246, 287, 262, 423, 266, 429, 314, 263, 291, 266, 413, 429, 259, 243, 268, 279, 239, 253, 248, 241, 246, 265, 254, 263, 266, 245, 249, 261, 260, 275, 241, 253, 255, 248]

Control Count:
 [0, 289, 108, 106, 148, 175, 303, 157, 232, 250, 248, 304, 226, 186, 397, 375, 191, 245, 271, 178, 353, 220, 388, 388, 348, 266, 220, 363, 322, 326, 262, 328, 270, 406, 385, 396, 307, 433, 263, 338, 462, 252, 252, 365, 287, 406, 407, 352, 360, 365, 203, 296, 379, 416, 315, 284, 364, 340, 472, 404, 697, 358, 369, 274, 403, 362, 234, 380, 287, 489, 417, 368, 402, 292, 394, 454, 305, 369, 280, 513, 448, 375, 391, 333, 323, 406, 465, 512, 316, 468, 327, 357, 603, 280, 319, 367, 453, 342, 385, 470, 319, 235, 497, 393, 261, 301, 379, 418, 438, 439, 441, 375, 462, 548, 346, 418, 374, 415, 412, 441, 340, 448, 410, 342, 474, 268, 405, 508, 338, 348, 400, 380, 545, 378, 433, 458, 404, 454, 413, 436, 465, 498, 608, 388, 380, 377, 365, 458, 454, 380, 405, 480, 409, 455, 588, 434, 440, 425, 594, 364, 525, 524, 505, 451, 436, 398, 401, 471, 490, 631, 477, 436, 425, 409, 465, 631, 431, 452, 439, 456, 374, 588, 436, 596, 692, 450, 339, 396, 514, 597, 535, 440, 454, 518, 451, 568, 470, 571, 452, 507, 453, 446, 510, 465, 486, 518, 523, 477, 452, 414, 500, 432, 446, 382, 506, 442, 466, 484, 520, 444, 573, 485, 460, 433, 433, 399, 516, 436, 439, 486, 451, 442, 434, 421, 482, 386, 476, 428, 455, 442, 427, 409, 401, 482, 432, 423, 399, 421, 503, 411, 423, 398, 374, 435, 389, 615, 529, 578, 559, 563, 531, 547, 537, 530, 480, 534, 506, 492, 620, 494, 471, 504, 494, 450, 494, 500, 518, 474, 536, 631, 497, 536, 538, 483, 545, 450, 439, 464, 433, 458, 489, 504, 418, 525, 461, 477, 448, 445, 427, 443, 463, 462, 462, 443, 451, 416, 448, 450, 472, 472, 456, 451, 424, 463, 470, 696, 426, 719, 509, 440, 387, 466, 703, 707, 423, 427, 426, 429, 423, 419, 424, 464, 436, 428, 387, 443, 413, 391, 447, 391, 429, 431, 413, 431, 416, 413]

Cluster Number:
 [2, 3, 4, 5, 6, 7, 8, 9, 10, 11, 12, 13, 14, 15, 16, 17, 18, 19, 20, 21, 22, 23, 24, 25, 26, 27, 28, 29, 30, 31, 32, 33, 34, 35, 36, 37, 38, 39, 40, 41, 42, 43, 44, 45, 46, 47, 48, 49, 50, 51, 52, 53, 54, 55, 56, 57, 58, 59, 60, 61, 62, 63, 64, 65, 66, 67, 68, 69, 70, 71, 72, 73, 74, 75, 76, 77, 78, 79, 80, 81, 82, 83, 84, 85, 86, 87, 88, 89, 90, 91, 92, 93, 94, 95, 96, 97, 98, 99, 100, 101, 102, 103, 104, 105, 106, 107, 108, 109, 110, 111, 112, 113, 114, 115, 116, 117, 118, 119, 120, 121, 122, 123, 124, 125, 126, 127, 128, 129, 130, 131, 132, 133, 134, 135, 136, 137, 138, 139, 140, 141, 142, 143, 144, 145, 146, 147, 148, 149, 150, 151, 152, 153, 154, 155, 156, 157, 158, 159, 160, 161, 162, 163, 164, 165, 166, 167, 168, 169, 170, 171, 172, 173, 174, 175, 176, 177, 178, 179, 180, 181, 182, 183, 184, 185, 186, 187, 188, 189, 190, 191, 192, 193, 194, 195, 196, 197, 198, 199, 200, 201, 202, 203, 204, 205, 206, 207, 208, 209, 210, 211, 212, 213, 214, 215, 216, 217, 218, 219, 220, 221, 222, 223, 224, 225, 226, 227, 228, 229, 230, 231, 232, 233, 234, 235, 236, 237, 238, 239, 240, 241, 242, 243, 244, 245, 246, 247, 248, 249, 250, 251, 252, 253, 254, 255, 256, 257, 258, 259, 260, 261, 262, 263, 264, 265, 266, 267, 268, 269, 270, 271, 272, 273, 274, 275, 276, 277, 278, 279, 280, 281, 282, 283, 284, 285, 286, 287, 288, 289, 290, 291, 292, 293, 294, 295, 296, 297, 298, 299, 300, 301, 302, 303, 304, 305, 306, 307, 308, 309, 310, 311, 312, 313, 314, 315, 316, 317, 318, 319, 320, 321, 322, 323, 324, 325, 326, 327, 328, 329, 330, 331, 332, 333, 334, 335, 336, 337, 338, 339, 340, 341, 342, 343, 344, 345, 346]

Odds Ratio:

nan
1.2028246592754752
1.6067379332685454
0.7035521755872159
1.082259585166562
0.7477183098591549
1.012101210121012
0.9510396075847425
0.8415982484948001
1.0750747330960853
0.805411030176899
1.0942447582370558
1.176405291233696
0.8819756868000383
0.8607729265789722
0.8953125925925927
0.962966520966425
0.9134285714285714
0.7813407134071341
1.0456631953959992
0.7176761888285793
1.1743830053108404
1.2490744432420116
0.8802899778750649
0.9479090242112983
0.7227504244482172
1.2352828989192624
1.3677093515803191
1.0264103485447358
0.9674547358970522
0.7239919749461734
1.058640373637779
1.0823383084577112
1.1411877394636012
0.9367034834324555
1.0298928369994362
1.0176180135463522
0.9011816171169519
1.1281283695590487
1.0016366612111292
0.9287518037518041
0.7435626102292768
0.623905723905724
0.8322347681549837
1.0984184451219516
0.8808023872679045
0.9169097444959513
1.0633264462809917
0.9204425204425203
0.9288033311206325
0.9397087170700366
0.7886201991465149
1.022668459508829
0.8178571428571432
1.0871296296296296
1.066213372187146
1.1004784688995217
1.0853856209150328
1.122673936233258
1.0035034272658034
0.9831609152004833
1.067013242292572
1.0229085935719173
0.7922042812553761
0.9726049602852974
0.869674126790898
1.750462962962963
0.9628627643876047
0.8725609756097563
0.8955208127185174
0.8207405367571974
0.9389557453416152
0.9341771534484439
0.9256432290350302
0.9328929152600007
0.7413850935843824
0.9638584720551933
1.141471464219593
0.899644128113879
0.8675145517250779
0.9985207100591716
0.724978494623656
1.10878889599318
0.8559147382676796
0.930451127819549
0.9390976153714188
0.8864239451675784
0.8553879310344825
1.8760196905766524
0.8380952380952379
1.1770287243337705
1.0439609633807863
0.9024996966387568
1.111969111969112
0.8580044578471221
0.8307306573855701
1.2965152948596657
0.6346173856943663
0.9114369501466277
0.8521276595744678
0.882698336146612
0.8826000137712592
1.2215108834827146
0.8720582544763784
1.1092166094074734
1.2314695695200397
1.0607765533654092
0.667785165392821
1.0277954762663268
1.051744820800367
0.877005347593583
1.1146135986733006
1.01391271202592
0.9824153948241542
1.0124441527627028
1.140304781923279
0.9002495543672014
1.1164114083452452
1.0432717402651634
1.0599752875201982
1.0953256302521008
1.1338141025641024
1.1160162601626016
1.083307226399332
0.8644012457303598
0.9274679235401936
0.8385254413291798
1.0758030246219221
1.097435897435897
1.1799313613335511
0.83889400921659
0.8951635846372689
1.1382935779816514
0.8806584362139915
0.8764554464973057
0.9982050526428593
0.9070941074689993
1.0319519225539784
1.1953612845673502
1.0199831277022038
1.0897060931899645
1.0512198045915002
1.0404135338345866
0.9297710662601039
0.9805858987090368
1.0823849159164258
1.1044915700737619
0.9064290582325768
0.7764087738619677
1.35557537912578
1.0259902263374485
0.9954444444444446
1.2826906648599288
0.5918552036199095
0.9633278598795838
1.1033417036893958
1.0258373205741627
1.1390184476157328
1.0123316498316497
0.9424778761061948
0.7921296296296296
1.0349236641221378
0.7776324802291552
1.0003584848042275
1.1564191691834294
1.0568385971307317
0.9139470165166793
0.8801814781114145
0.8144599303135888
1.0302221480801845
0.9175707547169812
0.9109697149057907
0.8839015606242496
1.0127113762336948
1.1350567093828254
1.144063147628916
0.8159434844339786
1.0339323524621316
1.1592957120958154
0.9084492841298647
0.9252059546177197
1.1743886743886738
0.8941538161233651
1.041227229146692
0.8615028901734104
0.8723565323565322
1.195527200384167
1.0298928369994362
1.0576440316304752
0.9138634348211646
1.0163673303535148
0.9597548518896833
0.876627371840622
0.9428746928746926
0.8754762283936247
1.1077702168064565
0.9115667311411992
0.9694332605123946
1.2905290905667481
1.1857887874837032
1.0903952419116718
0.8209799732350385
1.098166746373346
1.182962289868242
1.0307059195948087
0.8936673900177547
1.144410680142038
0.9358464028872436
1.0647676991150443
0.827076144467449
0.9738857142857142
0.9147951142631993
0.8762673035679468
1.6762426055619772
0.5912367102787935
1.0641389085754789
1.1399733609590057
0.9423648247177661
1.1819819819819821
0.886457109283196
1.0344629192796733
0.9751608662561407
0.9307949575508107
0.9803053630998203
1.2237242759006195
1.4237768333878174
0.9251794430089001
1.386283441329313
1.0619237444408292
0.5950411522633746
1.0605280191706492
1.0044459644322845
1.3319529206625982
1.1212225227575408
0.9734274958094036
0.8274634224281572
0.8377162629757788
1.7607476635514012
1.1215686274509804
1.0044459644322845
0.8501524013510174
0.9581125190820745
0.9744763092269324
0.5080535646925689
0.9495772946859903
1.0572555582118093
1.0317588843904633
1.2227709866172296
0.8618290258449305
0.7819036139199539
1.0277810430625756
0.9041636755204596
1.842228044359904
1.1185231626610939
1.152731872526217
0.9852715918463536
0.8562339531078069
0.9924331723639684
0.8320413436692506
0.8660169939033172
1.3080552157959116
1.0794270602225733
1.0139991505766277
1.0045980656413513
0.9954444444444446
0.9024730991023127
1.1935084075835738
0.9057017543859648
1.0592091571279922
0.8179143510951291
0.9898606347650933
0.7904360056258792
0.940923737916219
1.3474718196457325
0.8259868421052632
1.0051970802919707
0.9129129129129127
0.8561156467680324
0.909966297544535
0.9007280110935023
0.9046223650628603
0.8898365316275759
1.0311006372809346
1.3180090282727486
0.8069127373586514
1.056323731138546
1.1592957120958154
0.7811742777260019
1.0575890219668078
1.195301912362596
0.7514923697057815
1.413756613756614
1.1294890832095912
0.9394791666666665
0.9433280943535924
1.0892084854349005
0.9985207100591716
1.1536876980697204
0.8902315362514788
1.1218256207674948
1.1139779958542917
1.0239739163789798
0.8852688737081801
0.9705256368913254
1.0923264756237896
1.2334337349397593
1.0179640718562875
1.0359078590785908
0.7878041852097338
0.6849554429495018
0.9621971595655808
0.8754762283936247
0.9138723237853161
1.0806951233375017
0.8125495852866929
1.2155172413793103
1.0900160112893156
0.5369958275382463
1.0808015717092339
0.978099173553719
1.7325057615755293
0.864471954154159
0.5648867490972747
1.2742574257425758
1.0374967165747304
0.8739544998327199
1.1110562007522713
1.215340909090909
0.8616430260047281
1.0031180229424899
0.9309493233231254
0.6925287356321841
0.8536388268289206
1.067515307766677
1.2097772190795444
0.9613559408988304
1.1727246007641814
1.0884725920847946
0.8238431649593781
1.263786315698727
1.0123582190621294
1.1554948786146797
0.928351309707242
0.9373175660504452
1.0394021739130435
0.9903274469784364
