Case Count:
 [0, 80, 247, 101, 176, 119, 144, 139, 151, 213, 199, 205, 152, 197, 190, 174, 181, 106, 208, 188, 141, 230, 177, 163, 174, 260, 277, 212, 117, 191, 220, 154, 157, 191, 178, 213, 214, 247, 206, 211, 222, 225, 221, 221, 237, 242, 220, 182, 192, 207, 231, 190, 180, 182, 201, 176, 230, 147, 236, 246, 235, 299, 177, 192, 259, 264, 200, 235, 189, 226, 267, 275, 186, 213, 153, 259, 177, 320, 241, 223, 264, 212, 257, 266, 209, 287, 272, 222, 273, 235, 198, 232, 251, 234, 192, 214, 211, 271, 269, 207, 249, 275, 284, 258, 250, 237, 251, 318, 262, 205, 264, 269, 275, 263, 277, 241, 226, 183, 218, 275, 219, 260, 228, 233, 230, 253, 184, 262, 237, 257, 222, 247, 247, 338, 308, 296, 240, 218, 217, 268, 232, 243, 220, 213, 295, 290, 258, 272, 248, 270, 246, 267, 209, 281, 291, 269, 320, 296, 279, 260, 224, 220, 243, 256, 225, 260, 217, 226, 257, 251, 203, 238, 242, 266, 219, 258, 206, 215, 251, 246, 315, 299, 323, 305, 288, 263, 259, 249, 266, 269, 298, 282, 271, 278, 277, 301, 244, 252, 283, 302, 258, 327, 279, 299, 285, 288, 246, 290, 306, 277, 256, 270, 272, 256, 285, 282, 257, 304, 296, 248, 265, 249, 263, 212, 272, 229, 269, 261, 314, 286, 237, 217, 240, 206, 250, 239, 281, 219, 255, 261, 244, 275, 246, 257, 223, 258, 241, 284, 229, 290, 274, 239, 250, 246, 273, 343, 336, 261, 245, 264, 300, 322, 328, 296, 347, 342, 245, 330, 336, 246, 303, 320, 295, 313, 262, 327, 328, 321, 256, 298, 283, 281, 259, 301, 299, 279, 286, 270, 255, 302, 304, 310, 281, 290, 301, 264, 284, 317, 297, 286, 278, 300, 294, 291, 278, 263, 266, 296, 283, 255, 290, 277, 281, 266, 264, 258, 281, 373, 273, 284, 245, 271, 258, 246, 262, 291, 266, 267, 259, 243, 267, 279, 261, 266, 248, 241, 246, 247, 228, 267, 263, 245, 261, 278, 255, 248, 292, 270, 250, 252, 265, 246, 260, 250, 248, 246, 208, 247, 225, 268, 251, 239, 243, 241]

Control Count:
 [0, 121, 362, 183, 314, 235, 260, 202, 238, 411, 307, 395, 310, 322, 295, 311, 338, 208, 369, 308, 254, 409, 198, 253, 306, 404, 428, 365, 203, 335, 388, 296, 291, 359, 285, 299, 361, 451, 393, 311, 366, 318, 399, 357, 369, 360, 379, 327, 323, 374, 419, 295, 322, 299, 367, 307, 378, 266, 324, 429, 386, 453, 344, 333, 316, 468, 313, 419, 297, 384, 438, 446, 332, 389, 331, 423, 304, 481, 401, 396, 436, 402, 432, 418, 362, 450, 441, 393, 412, 383, 328, 392, 427, 374, 308, 378, 431, 469, 451, 401, 461, 458, 467, 449, 427, 408, 403, 498, 444, 381, 420, 434, 445, 421, 454, 439, 409, 333, 342, 479, 345, 480, 348, 388, 376, 417, 323, 380, 396, 450, 400, 405, 409, 563, 531, 484, 364, 455, 411, 440, 393, 417, 369, 364, 525, 477, 415, 451, 436, 260, 398, 451, 347, 430, 432, 444, 493, 499, 477, 410, 382, 372, 425, 399, 393, 415, 358, 438, 456, 484, 311, 431, 373, 419, 426, 429, 361, 350, 436, 393, 514, 579, 568, 521, 464, 411, 471, 411, 422, 445, 452, 453, 481, 437, 456, 516, 435, 416, 449, 518, 421, 523, 452, 500, 382, 531, 393, 485, 490, 452, 459, 460, 436, 426, 467, 433, 428, 516, 436, 419, 456, 447, 423, 386, 414, 409, 476, 411, 428, 455, 415, 374, 427, 372, 416, 401, 454, 482, 432, 423, 399, 421, 427, 406, 401, 423, 411, 442, 398, 374, 435, 370, 389, 416, 470, 570, 583, 410, 434, 551, 522, 559, 563, 486, 562, 531, 490, 526, 547, 410, 526, 530, 467, 534, 467, 519, 522, 506, 458, 509, 471, 504, 444, 450, 468, 445, 505, 418, 435, 500, 518, 491, 477, 497, 487, 468, 467, 483, 519, 470, 483, 497, 458, 370, 414, 415, 489, 477, 445, 412, 463, 475, 462, 462, 443, 450, 451, 611, 416, 440, 472, 456, 451, 424, 470, 387, 466, 434, 423, 427, 433, 429, 422, 352, 424, 464, 436, 428, 449, 413, 443, 391, 391, 430, 416, 413, 491, 406, 428, 428, 434, 410, 417, 405, 419, 454, 447, 399, 383, 420, 406, 426, 359, 399]

Cluster Number:
 [2, 3, 4, 5, 6, 7, 8, 9, 10, 11, 12, 13, 14, 15, 16, 17, 18, 19, 20, 21, 22, 23, 24, 25, 26, 27, 28, 29, 30, 31, 32, 33, 34, 35, 36, 37, 38, 39, 40, 41, 42, 43, 44, 45, 46, 47, 48, 49, 50, 51, 52, 53, 54, 55, 56, 57, 58, 59, 60, 61, 62, 63, 64, 65, 66, 67, 68, 69, 70, 71, 72, 73, 74, 75, 76, 77, 78, 79, 80, 81, 82, 83, 84, 85, 86, 87, 88, 89, 90, 91, 92, 93, 94, 95, 96, 97, 98, 99, 100, 101, 102, 103, 104, 105, 106, 107, 108, 109, 110, 111, 112, 113, 114, 115, 116, 117, 118, 119, 120, 121, 122, 123, 124, 125, 126, 127, 128, 129, 130, 131, 132, 133, 134, 135, 136, 137, 138, 139, 140, 141, 142, 143, 144, 145, 146, 147, 148, 149, 150, 151, 152, 153, 154, 155, 156, 157, 158, 159, 160, 161, 162, 163, 164, 165, 166, 167, 168, 169, 170, 171, 172, 173, 174, 175, 176, 177, 178, 179, 180, 181, 182, 183, 184, 185, 186, 187, 188, 189, 190, 191, 192, 193, 194, 195, 196, 197, 198, 199, 200, 201, 202, 203, 204, 205, 206, 207, 208, 209, 210, 211, 212, 213, 214, 215, 216, 217, 218, 219, 220, 221, 222, 223, 224, 225, 226, 227, 228, 229, 230, 231, 232, 233, 234, 235, 236, 237, 238, 239, 240, 241, 242, 243, 244, 245, 246, 247, 248, 249, 250, 251, 252, 253, 254, 255, 256, 257, 258, 259, 260, 261, 262, 263, 264, 265, 266, 267, 268, 269, 270, 271, 272, 273, 274, 275, 276, 277, 278, 279, 280, 281, 282, 283, 284, 285, 286, 287, 288, 289, 290, 291, 292, 293, 294, 295, 296, 297, 298, 299, 300, 301, 302, 303, 304, 305, 306, 307, 308, 309, 310, 311, 312, 313, 314, 315, 316, 317, 318, 319, 320, 321, 322, 323, 324, 325, 326, 327, 328, 329, 330, 331, 332, 333, 334, 335, 336, 337, 338, 339, 340, 341, 342, 343, 344, 345, 346, 347, 348, 349, 350, 351, 352, 353, 354, 355, 356, 357, 358, 359, 360, 361, 362, 363, 364]

Odds Ratio:

nan
1.117889454177122
1.3006733425414365
0.889918194457917
0.8823230243878811
0.7801462765957448
0.8786440677966102
1.2065016501650165
1.0794526143790848
0.7269233253665786
1.1370656894679694
0.7385589094449855
0.7141283578734404
1.0264103485447358
1.120005445510857
0.8803979858035552
0.8094812164579605
0.795795795795796
0.8760309248114126
1.021369069177834
0.882973101516673
0.8583193926135633
1.8083506823964839
1.108795898493441
0.9055123936366999
1.1648874384645167
1.1985115957078576
0.9288033311206325
0.9397087170700366
0.9035026480500724
0.8802899778750649
0.7886201991465149
0.8360629767736588
0.7916142510558001
1.060079317066613
1.352250865717584
0.9669190520160047
0.7901307280118255
0.7536393320883705
1.2408613978676597
1.0118606935106145
1.3555810262740258
0.8359085787864156
1.0535168195718656
1.141471464219593
1.2557247602932882
0.9250490957940265
0.8684301336284344
0.9746681540717715
0.8445279365664762
0.8190173489994494
1.120005445510857
0.8762800067147895
1.0160717306716291
0.8307306573855701
0.917699805551083
1.0189615452773348
0.8743691420331651
1.4496138174299096
0.8883655204898727
1.020649192319415
1.2965152948596657
0.7541274631635008
0.9220556588977643
1.8760196905766524
0.8380952380952379
1.1095218361918
0.8495367120595257
1.0970909090909093
0.9505086071987483
1.0277954762663268
1.060237340041562
0.8768988999476167
0.8213367609254502
0.6416348002450722
1.0374967165747304
0.942245881880273
1.3808766749943224
0.9925564875689562
0.8655536849981297
1.0103276539973787
0.7573585815416308
0.9675417175417175
1.140304781923279
0.9187364881095366
1.1664619883040934
1.0599752875201982
0.8720582544763784
1.2613755994853202
1.037667025034557
1.0019228822993624
0.9606625258799174
0.9411405650505754
1.0804225903221603
1.0599926389400074
0.8806584362139915
0.6377152277445355
0.8908137882018479
0.9718664405895397
0.7275883566944704
0.7590250028542072
0.9885238044520186
1.024024314429785
0.8857251842646026
0.9324312603001125
0.9202096680256261
1.0766986959505833
1.2137807428059348
0.9468112179976583
0.7978890459205418
1.1062857142857143
1.0719165085388997
1.0663880515209647
1.0896809544374861
1.0319519225539784
0.8012816087986933
0.827553749555196
0.8479377815315317
1.1133338625598688
0.8716711645195786
1.1050988142292493
0.750465549348231
1.1799313613335511
0.9911420278250427
1.0302351623740202
1.0144529537660194
0.9047532325623749
1.35557537912578
0.983648364836484
0.8723565323565322
0.83889400921659
1.0259902263374485
1.0033745925020374
0.9807783620280321
0.8722703813918719
1.0435184650060685
1.206030150753769
0.5918552036199095
0.7539181517283708
1.0258373205741627
0.955366252412386
0.9246439583027457
0.9773421935132596
0.9424778761061948
0.7921296296296296
1.0241582598173709
1.0750715569460163
1.0003584848042275
0.8695902781113405
2.8757396449704147
1.0568385971307317
0.9534239158459235
0.9977321137702042
1.2325287017957023
1.3472222222222223
1.0121356650768416
1.2818108988017114
0.9499278276833386
0.9175707547169812
1.1265840032702
0.9436746621210278
0.9613590612264941
0.8839015606242496
1.1534848049084454
0.8962331454662199
1.0955105337551323
1.0102420856610803
0.7025103436448219
0.8422980528243685
0.6730701600140673
1.1533462314022562
0.8159434844339786
1.169145765572053
1.1339136672782706
0.7056978233034571
0.9934706177800099
0.898814689762581
1.0366071428571428
0.8941538161233651
1.0865008108215009
1.0576440316304752
0.5496052306933137
0.7843613404565325
0.9043315094393672
1.0851792646723
1.1525519796505197
0.785126209011559
1.010795236265847
1.1149220612004487
1.006305353602115
1.2905290905667481
1.0903952419116718
0.8283462033462036
1.149821624003298
1.0199263591076457
0.8961352657004829
0.8428175655761863
1.0106951871657754
1.1272485866027069
0.8936673900177547
1.0394351780160362
1.144410680142038
1.0647676991150443
0.9738857142857142
1.6762426055619772
0.7075990571332362
1.0865008108215009
0.9751608662561407
1.11750805585392
1.0440839069157655
0.8198388037668012
0.9307949575508107
1.0908092072735267
0.9917134867492751
1.0343029561444976
1.2237242759006195
0.9897812467905924
0.9251794430089001
1.386283441329313
0.9575528870784342
0.9084492841298647
0.8238431649593781
1.077463464431549
0.8274634224281572
1.2353264485521716
0.8505181045523346
0.8377162629757788
1.1309357828262117
1.7607476635514012
1.1215686274509804
0.8848980078730767
0.9252059546177197
0.8501524013510174
0.846093497623333
0.9920634920634921
0.9744763092269324
1.0733563820888865
0.5080535646925689
0.9495772946859903
1.0572555582118093
1.0317588843904633
1.2227709866172296
0.8984965599252527
1.1199317923455854
0.8418883347187586
1.0277810430625756
0.9387918110545848
1.185578747628084
0.9041636755204596
1.842228044359904
1.1185231626610939
1.1562432432432435
1.152731872526217
0.9559585492227979
0.9027685208920789
0.9903874269005848
0.8113374077836432
1.137270485064401
0.8555038244097107
0.4846046149857402
0.851732407177706
0.8320413436692506
0.8660169939033172
1.0307059195948087
1.1140724121924799
1.3080552157959116
0.6134020618556699
1.162660899291869
1.0794270602225733
0.9886010362694301
0.8555971818385149
1.0045980656413513
1.1449411134903638
0.9024730991023127
0.8272783362973176
1.1757328654004955
1.1661316488902698
1.1935084075835738
0.8246832271458229
0.9093341136145133
0.9898606347650933
0.7904360056258792
0.9203703703703702
1.3474718196457325
1.1865079365079363
1.108946629213483
0.8254448974309196
1.1848475411228452
0.933470764617691
1.0051970802919707
0.9129129129129127
1.1599488466821386
0.9358464028872436
0.9046223650628603
1.079382793202988
0.8380952380952379
1.024024314429785
1.3180090282727486
0.8422616624603109
1.026115978306216
0.8758664146187778
1.0031411490525888
1.195301912362596
1.9024470416362314
1.3096288294776008
1.1270399780941949
0.7514923697057815
1.0892084854349005
1.1536876980697204
1.0629485014774167
1.1139779958542917
0.9107342430149449
1.0239739163789798
0.8852688737081801
0.9705256368913254
0.880589318600368
1.0923264756237896
1.0822050290135399
1.2334337349397593
1.1992961876832848
0.6849554429495018
0.9621971595655808
0.8754762283936247
0.9138723237853161
0.8125495852866929
1.7325057615755293
0.864471954154159
1.051575393848462
1.0374967165747304
0.8739544998327199
1.0575890219668078
1.215340909090909
1.0632355290484048
1.6424067262217545
0.9309493233231254
0.6925287356321841
0.8536388268289206
0.9017231308411215
0.6714447059816971
1.1839771383523847
0.9613559408988304
1.0884725920847946
1.263786315698727
1.1966488516539073
1.0394021739130435
0.9903274469784364
0.9588095930836691
1.2670883493164662
0.927162142115413
0.9445749412764254
1.0317018909899887
0.9886010362694301
1.0832897927468084
1.0549350055522893
0.9575528870784342
0.7692588619296524
0.5660439485942841
1.0607638888888886
0.947085234620922
1.149317738791423
1.058877476155539
0.8471596244131454
1.274330623614348
1.003632819422293
