Case Count:
 [0, 231, 80, 91, 200, 182, 176, 119, 199, 205, 152, 168, 176, 174, 200, 208, 256, 219, 173, 230, 373, 168, 163, 223, 191, 260, 188, 212, 224, 220, 208, 154, 329, 224, 296, 231, 153, 220, 213, 213, 214, 247, 206, 234, 201, 210, 221, 204, 237, 175, 256, 242, 186, 182, 241, 201, 147, 235, 182, 246, 249, 299, 196, 177, 177, 259, 264, 197, 212, 200, 199, 235, 189, 226, 267, 418, 270, 263, 209, 224, 186, 236, 213, 153, 259, 246, 222, 233, 320, 241, 223, 264, 212, 217, 257, 270, 287, 272, 265, 222, 209, 245, 198, 232, 251, 228, 214, 177, 211, 271, 207, 249, 275, 284, 250, 289, 237, 257, 282, 262, 264, 275, 277, 183, 192, 279, 218, 275, 219, 260, 228, 233, 253, 350, 264, 184, 266, 262, 237, 242, 257, 222, 247, 247, 338, 358, 308, 218, 268, 232, 243, 220, 213, 258, 272, 248, 270, 246, 267, 275, 250, 234, 209, 281, 272, 269, 320, 296, 279, 258, 260, 224, 243, 256, 248, 225, 260, 217, 240, 251, 238, 242, 266, 219, 258, 215, 200, 251, 246, 315, 273, 323, 273, 288, 263, 259, 249, 266, 269, 298, 282, 271, 278, 277, 244, 271, 252, 283, 273, 302, 258, 327, 279, 299, 277, 285, 289, 288, 266, 246, 290, 306, 277, 256, 270, 272, 256, 285, 259, 282, 257, 252, 304, 296, 239, 248, 265, 249, 263, 212, 272, 229, 269, 261, 314, 286, 237, 217, 240, 206, 234, 250, 239, 281, 219, 255, 261, 244, 275, 246, 221, 257, 223, 258, 241, 284, 229, 290, 274, 239, 250, 246, 359, 372, 343, 297, 336, 357, 261, 245, 287, 264, 300, 386, 322, 328, 296, 347, 342, 307, 313, 330, 336, 246, 320, 295, 313, 262, 327, 328, 321, 256, 283, 281, 274, 259, 292, 301, 299, 279, 286, 270, 318, 255, 302, 304, 310, 275, 377, 281, 290, 313, 301, 280, 264, 284, 317, 288, 297, 286, 286, 277, 278, 300, 294, 291, 278, 263, 266, 334, 296, 251, 283, 255, 290, 277, 281, 266, 264, 258, 281, 373, 273, 284, 245, 271, 258, 246, 262, 260, 291, 266, 267, 259, 243, 267, 279, 261, 266, 248, 241, 246, 247, 228, 267, 263, 245, 261, 278, 255, 248, 292, 270, 250, 252, 265, 246, 260, 250, 248, 246, 208, 247, 225, 268, 251, 239, 243, 241]

Control Count:
 [0, 332, 121, 163, 404, 342, 314, 235, 307, 395, 310, 316, 290, 311, 325, 369, 381, 335, 193, 409, 612, 298, 253, 322, 335, 404, 308, 365, 425, 388, 344, 296, 534, 365, 465, 363, 262, 363, 291, 299, 361, 451, 393, 372, 330, 370, 399, 367, 369, 304, 408, 360, 310, 299, 388, 367, 266, 472, 327, 429, 430, 453, 352, 304, 344, 316, 468, 306, 371, 313, 386, 419, 297, 384, 438, 682, 439, 419, 398, 326, 332, 416, 389, 331, 423, 390, 388, 361, 481, 401, 396, 436, 402, 392, 432, 465, 450, 441, 432, 393, 375, 369, 328, 392, 427, 362, 378, 340, 431, 469, 401, 461, 458, 467, 427, 472, 408, 416, 488, 444, 420, 445, 454, 333, 359, 438, 342, 479, 345, 480, 348, 388, 417, 598, 433, 323, 418, 380, 396, 395, 450, 400, 405, 409, 563, 614, 531, 455, 440, 393, 417, 369, 364, 415, 451, 436, 260, 398, 451, 490, 433, 415, 347, 430, 442, 444, 493, 499, 477, 449, 410, 380, 425, 399, 409, 393, 415, 358, 409, 484, 431, 373, 419, 426, 429, 350, 326, 436, 393, 514, 471, 568, 470, 464, 411, 471, 411, 422, 445, 452, 453, 481, 437, 456, 435, 500, 416, 449, 473, 518, 421, 523, 452, 500, 473, 382, 508, 531, 413, 393, 485, 490, 452, 459, 460, 436, 426, 467, 433, 433, 428, 418, 516, 436, 486, 419, 456, 447, 423, 386, 414, 409, 476, 411, 428, 455, 415, 374, 427, 372, 368, 416, 401, 454, 482, 432, 423, 399, 421, 427, 411, 406, 401, 423, 411, 442, 398, 374, 435, 370, 389, 416, 626, 631, 570, 508, 583, 606, 410, 434, 464, 551, 522, 610, 559, 563, 486, 562, 531, 516, 495, 526, 547, 410, 530, 467, 534, 467, 519, 522, 506, 458, 471, 504, 483, 444, 494, 450, 468, 445, 505, 418, 487, 435, 500, 518, 491, 421, 634, 477, 497, 536, 487, 470, 468, 467, 483, 483, 519, 470, 494, 546, 483, 497, 458, 370, 414, 415, 489, 504, 477, 436, 445, 412, 463, 475, 462, 462, 443, 450, 451, 611, 416, 440, 472, 456, 451, 424, 470, 439, 387, 466, 434, 423, 427, 433, 429, 422, 352, 424, 464, 436, 428, 449, 413, 443, 391, 391, 430, 416, 413, 491, 406, 428, 428, 434, 410, 417, 405, 419, 454, 447, 399, 383, 420, 406, 426, 359, 399]

Cluster Number:
 [2, 3, 4, 5, 6, 7, 8, 9, 10, 11, 12, 13, 14, 15, 16, 17, 18, 19, 20, 21, 22, 23, 24, 25, 26, 27, 28, 29, 30, 31, 32, 33, 34, 35, 36, 37, 38, 39, 40, 41, 42, 43, 44, 45, 46, 47, 48, 49, 50, 51, 52, 53, 54, 55, 56, 57, 58, 59, 60, 61, 62, 63, 64, 65, 66, 67, 68, 69, 70, 71, 72, 73, 74, 75, 76, 77, 78, 79, 80, 81, 82, 83, 84, 85, 86, 87, 88, 89, 90, 91, 92, 93, 94, 95, 96, 97, 98, 99, 100, 101, 102, 103, 104, 105, 106, 107, 108, 109, 110, 111, 112, 113, 114, 115, 116, 117, 118, 119, 120, 121, 122, 123, 124, 125, 126, 127, 128, 129, 130, 131, 132, 133, 134, 135, 136, 137, 138, 139, 140, 141, 142, 143, 144, 145, 146, 147, 148, 149, 150, 151, 152, 153, 154, 155, 156, 157, 158, 159, 160, 161, 162, 163, 164, 165, 166, 167, 168, 169, 170, 171, 172, 173, 174, 175, 176, 177, 178, 179, 180, 181, 182, 183, 184, 185, 186, 187, 188, 189, 190, 191, 192, 193, 194, 195, 196, 197, 198, 199, 200, 201, 202, 203, 204, 205, 206, 207, 208, 209, 210, 211, 212, 213, 214, 215, 216, 217, 218, 219, 220, 221, 222, 223, 224, 225, 226, 227, 228, 229, 230, 231, 232, 233, 234, 235, 236, 237, 238, 239, 240, 241, 242, 243, 244, 245, 246, 247, 248, 249, 250, 251, 252, 253, 254, 255, 256, 257, 258, 259, 260, 261, 262, 263, 264, 265, 266, 267, 268, 269, 270, 271, 272, 273, 274, 275, 276, 277, 278, 279, 280, 281, 282, 283, 284, 285, 286, 287, 288, 289, 290, 291, 292, 293, 294, 295, 296, 297, 298, 299, 300, 301, 302, 303, 304, 305, 306, 307, 308, 309, 310, 311, 312, 313, 314, 315, 316, 317, 318, 319, 320, 321, 322, 323, 324, 325, 326, 327, 328, 329, 330, 331, 332, 333, 334, 335, 336, 337, 338, 339, 340, 341, 342, 343, 344, 345, 346, 347, 348, 349, 350, 351, 352, 353, 354, 355, 356, 357, 358, 359, 360, 361, 362, 363, 364, 365, 366, 367, 368, 369, 370, 371, 372, 373, 374, 375, 376, 377, 378, 379, 380, 381, 382, 383, 384, 385, 386, 387, 388, 389, 390, 391, 392, 393, 394, 395, 396, 397, 398, 399]

Odds Ratio:

nan
1.3246640407784989
1.117889454177122
0.9064064593470135
0.6711131364182442
0.7992809520558855
0.8823230243878811
0.7801462765957448
1.1370656894679694
0.7385589094449855
0.7141283578734404
0.8082582091643701
1.0107250557230893
0.8803979858035552
1.0376569037656902
0.8760309248114126
1.2740702494155443
1.1678018995929447
1.802855584557248
0.8583193926135633
1.0712022182610421
0.8945243814854258
1.108795898493441
1.301731078904992
0.9035026480500724
1.1648874384645167
1.021369069177834
0.9288033311206325
0.7427852257181944
0.8802899778750649
1.0051344004832377
0.7886201991465149
1.0865849506298948
1.0361516406498885
1.1707346417023838
1.1166958041958044
0.9515026957775048
1.0101010101010102
1.415336191953289
1.352250865717584
0.9669190520160047
0.7901307280118255
0.7536393320883705
1.0923682140047208
1.0185637891520245
0.8872890357606514
0.8359085787864156
0.8538929793031479
1.141471464219593
0.9245414673046249
1.0971820422157932
1.2557247602932882
0.9913043478260871
1.0160717306716291
1.06659377277934
0.8307306573855701
0.8743691420331651
0.6247922897972747
0.8684301336284344
0.8883655204898727
0.9082252141982863
1.2965152948596657
0.8615787504676391
0.942245881880273
0.7541274631635008
1.8760196905766524
0.8380952380952379
1.1226435477772376
0.8986784140969164
1.1095218361918
0.7346502590673575
0.8495367120595257
1.0970909090909093
0.9505086071987483
1.0277954762663268
1.342549923195086
1.051744820800367
1.1020150791928833
0.7534411186366619
1.2847481809102586
0.8768988999476167
0.8719211822660101
0.8213367609254502
0.6416348002450722
1.0374967165747304
1.1046632124352331
0.8964796427383724
1.149866874647016
1.3808766749943224
0.9925564875689562
0.8655536849981297
1.0103276539973787
0.7573585815416308
0.837837837837838
0.9675417175417175
0.9036075586944077
1.1664619883040934
1.0599752875201982
1.043529161345253
0.8720582544763784
0.8553855072463773
1.2286620288883303
1.0019228822993624
0.9606625258799174
0.9411405650505754
1.09250870623969
0.8806584362139915
0.7709474629546474
0.6377152277445355
0.8908137882018479
0.7275883566944704
0.7590250028542072
0.9885238044520186
1.024024314429785
0.9324312603001125
1.0449717514124293
0.9202096680256261
1.0590659340659339
0.8833663986634649
0.9468112179976583
1.1062857142857143
1.0663880515209647
1.0319519225539784
0.8479377815315317
0.7989805239475375
1.1545376712328772
1.1133338625598688
0.8716711645195786
1.1050988142292493
0.750465549348231
1.1799313613335511
0.9911420278250427
1.0144529537660194
0.8549096238397655
1.0277796106895412
0.9047532325623749
1.140304781923279
1.35557537912578
0.983648364836484
1.0356101008802934
0.8723565323565322
0.83889400921659
1.0259902263374485
1.0033745925020374
0.9807783620280321
0.8206056219085534
0.8722703813918719
0.5918552036199095
1.0258373205741627
0.955366252412386
0.9246439583027457
0.9773421935132596
0.9424778761061948
1.0750715569460163
1.0003584848042275
0.8695902781113405
2.8757396449704147
1.0568385971307317
0.9534239158459235
0.8144599303135888
0.9011816171169519
0.8609109609168384
0.9977321137702042
1.2325287017957023
1.0538922155688626
1.0121356650768416
1.2818108988017114
0.9499278276833386
0.9175707547169812
0.8857251842646026
1.1265840032702
0.9541248470012239
0.8839015606242496
1.1534848049084454
1.0127113762336948
0.8962331454662199
1.0955105337551323
1.0102420856610803
0.9406445430084409
0.6730701600140673
0.8159434844339786
1.169145765572053
1.1339136672782706
0.7056978233034571
0.9934706177800099
1.0366071428571428
1.0319069743563414
0.8941538161233651
1.0865008108215009
1.0576440316304752
0.8973601412017497
0.7843613404565325
0.9027685208920789
1.0851792646723
1.1525519796505197
0.785126209011559
1.010795236265847
1.1149220612004487
1.006305353602115
1.2905290905667481
1.0903952419116718
0.8283462033462036
1.149821624003298
1.0199263591076457
0.8428175655761863
0.7355714285714288
1.0106951871657754
1.1272485866027069
0.886611987060292
0.8936673900177547
1.0394351780160362
1.144410680142038
1.0647676991150443
0.9738857142857142
0.9218150497220265
1.6762426055619772
0.8343832020997377
0.7075990571332362
1.1727246007641814
1.0865008108215009
0.9751608662561407
1.11750805585392
1.0440839069157655
0.8198388037668012
0.9307949575508107
1.0908092072735267
0.9917134867492751
1.0343029561444976
0.9803053630998203
1.2237242759006195
0.9897812467905924
0.9994115088401607
0.9251794430089001
1.386283441329313
0.5950411522633746
0.9575528870784342
0.9084492841298647
0.8238431649593781
1.077463464431549
0.8274634224281572
1.2353264485521716
0.8505181045523346
0.8377162629757788
1.1309357828262117
1.7607476635514012
1.1215686274509804
0.8848980078730767
0.9252059546177197
0.8501524013510174
0.846093497623333
1.1166489925768825
0.9920634920634921
0.9744763092269324
1.0733563820888865
0.5080535646925689
0.9495772946859903
1.0572555582118093
1.0317588843904633
1.2227709866172296
0.8984965599252527
0.7819036139199539
1.1199317923455854
0.8418883347187586
1.0277810430625756
0.9387918110545848
1.185578747628084
0.9041636755204596
1.842228044359904
1.1185231626610939
1.1562432432432435
1.152731872526217
0.9559585492227979
0.7311900958466447
0.8535137308702133
0.9903874269005848
0.905789065099257
0.8113374077836432
0.8764791113257663
1.137270485064401
0.8555038244097107
1.0742967332123414
0.4846046149857402
0.851732407177706
1.4088462728116302
0.8320413436692506
0.8660169939033172
1.0307059195948087
1.1140724121924799
1.3080552157959116
0.9555438101949727
1.1692961359628022
1.162660899291869
1.0794270602225733
0.9886010362694301
1.0045980656413513
1.1449411134903638
0.9024730991023127
0.8272783362973176
1.1757328654004955
1.1661316488902698
1.1935084075835738
0.8246832271458229
0.9898606347650933
0.7904360056258792
0.8423364075537991
0.9203703703703702
0.940923737916219
1.3474718196457325
1.1865079365079363
1.108946629213483
0.8254448974309196
1.1848475411228452
1.3005583179187814
0.933470764617691
1.0051970802919707
0.9129129129129127
1.1599488466821386
1.2227709866172296
0.9015467589294801
0.9358464028872436
0.9046223650628603
0.8898365316275759
1.079382793202988
0.9666800481734243
0.8380952380952379
1.024024314429785
1.3180090282727486
0.9674632882234381
0.8422616624603109
1.026115978306216
0.8854489164086686
0.5699588477366255
0.8758664146187778
1.0031411490525888
1.195301912362596
1.9024470416362314
1.3096288294776008
1.1270399780941949
0.7514923697057815
1.413756613756614
1.0892084854349005
0.8941538161233651
1.1536876980697204
1.0629485014774167
1.1139779958542917
0.9107342430149449
1.0239739163789798
0.8852688737081801
0.9705256368913254
0.880589318600368
1.0923264756237896
1.0822050290135399
1.2334337349397593
1.1992961876832848
0.6849554429495018
0.9621971595655808
0.8754762283936247
0.9138723237853161
0.8125495852866929
0.956210788867538
1.7325057615755293
0.864471954154159
1.051575393848462
1.0374967165747304
0.8739544998327199
1.0575890219668078
1.215340909090909
1.0632355290484048
1.6424067262217545
0.9309493233231254
0.6925287356321841
0.8536388268289206
0.9017231308411215
0.6714447059816971
1.1839771383523847
0.9613559408988304
1.0884725920847946
1.263786315698727
1.1966488516539073
1.0394021739130435
0.9903274469784364
0.9588095930836691
1.2670883493164662
0.927162142115413
0.9445749412764254
1.0317018909899887
0.9886010362694301
1.0832897927468084
1.0549350055522893
0.9575528870784342
0.7692588619296524
0.5660439485942841
1.0607638888888886
0.947085234620922
1.149317738791423
1.058877476155539
0.8471596244131454
1.274330623614348
1.003632819422293
