Case Count:
 [0, 83, 102, 159, 129, 115, 138, 135, 107, 150, 116, 153, 157, 153, 123, 159, 162, 136, 137, 149, 128, 143, 180, 142, 129, 162, 145, 129, 169, 119, 156, 160, 151, 172, 128, 122, 141, 136, 153, 119, 149, 127, 152, 154, 144, 124, 136, 133, 120]

Control Count:
 [0, 132, 165, 163, 190, 217, 260, 222, 234, 205, 191, 210, 263, 258, 199, 263, 241, 224, 254, 255, 201, 213, 284, 261, 220, 257, 243, 219, 261, 236, 265, 243, 243, 247, 250, 220, 233, 210, 253, 260, 262, 238, 215, 245, 243, 232, 236, 232, 201]

Cluster Number:
 [2, 3, 4, 5, 6, 7, 8, 9, 10, 11, 12, 13, 14, 15, 16, 17, 18, 19, 20, 21, 22, 23, 24, 25, 26, 27, 28, 29, 30, 31, 32, 33, 34, 35, 36, 37, 38, 39, 40, 41, 42, 43, 44, 45, 46, 47, 48, 49]

Odds Ratio:

nan
1.0526898195437522
1.032748853520367
1.9683391761612623
1.17830220713073
0.8358223815213063
0.8252491694352159
1.0121799431009957
0.6803882195448461
1.3241623765718626
1.0097093673512392
1.3195804195804197
0.9843459267049589
0.9745487071068465
1.0347147128045293
1.0040059750135797
1.1818086492802256
1.00990099009901
0.8465609845126977
0.9530358350236647
1.0791060773303895
1.1680782895571626
1.086519114688129
0.8554768631396984
0.9608797653958945
1.0718228939864305
0.9843649393913947
0.967167476800707
1.1199517525188023
0.7752648305084746
0.9631042069471296
1.1445934185878435
1.0464534750800183
1.2544845259215454
0.7869324758842442
0.8886722110696874
1.0051991819569666
1.1071507150715074
1.0043809944995716
0.6693749999999999
0.9138457488812846
0.8380467571644042
1.263690138562515
1.0652631578947367
0.9742623979912118
0.8415982484948001
0.9357274710521901
0.9292314627000227
0.9862911149581247
