Case Count:
 [0, 142, 80, 79, 124, 125, 56, 155, 213, 176, 199, 129, 206, 254, 174, 208, 225, 132, 188, 230, 181, 106, 128, 192, 188, 154, 260, 140, 212, 117, 200, 181, 220, 154, 157, 219, 194, 199, 214, 188, 184, 201, 221, 159, 237, 230, 158, 211, 221, 182, 201, 176, 147, 191, 168, 299, 184, 213, 153, 207, 201, 259, 197, 200, 225, 189, 151, 203, 226, 267, 216, 177, 223, 210, 212, 273, 202, 209, 261, 272, 193, 184, 222, 219, 235, 232, 224, 192, 254, 214, 211, 192, 271, 249, 275, 284, 248, 237, 218, 262, 263, 277, 182, 241, 183, 279, 275, 219, 260, 228, 230, 225, 184, 266, 262, 237, 257, 222, 247, 247, 217, 266, 268, 223, 232, 243, 220, 213, 258, 230, 318, 246, 269, 236, 234, 209, 281, 269, 320, 296, 279, 260, 206, 243, 256, 260, 217, 226, 251, 238, 242, 266, 215, 246, 297, 308, 268, 288, 263, 283, 259, 249, 269, 298, 282, 317, 278, 277, 301, 244, 252, 283, 304, 327, 299, 288, 290, 277, 270, 272, 256, 282, 257, 263, 304, 296, 263, 248, 265, 249, 263, 212, 272, 229, 269, 258, 314, 286, 237, 217, 240, 206, 250, 281, 219, 255, 261, 244, 275, 246, 257, 258, 241, 284, 229, 290, 274, 239, 250, 246, 336, 245, 300, 322, 328, 296, 347, 303, 342, 330, 336, 246, 303, 320, 295, 313, 262, 327, 328, 321, 298, 283, 281, 259, 301, 299, 279, 286, 255, 302, 304, 310, 281, 290, 301, 286, 264, 284, 317, 297, 278, 294, 266, 285, 296, 283, 255, 290, 277, 281, 259, 264, 258, 281, 373, 273, 279, 284, 245, 271, 258, 246, 262, 291, 266, 259, 243, 279, 261, 248, 241, 246, 228, 267, 263, 245, 261, 278, 255, 248, 292, 270, 250, 252, 265, 246, 260, 250, 248, 246, 208, 247, 225, 268, 251, 239, 243, 241]

Control Count:
 [0, 194, 121, 154, 197, 236, 130, 235, 411, 314, 307, 266, 396, 377, 311, 369, 385, 243, 308, 409, 338, 206, 253, 324, 334, 260, 404, 258, 365, 203, 325, 266, 388, 296, 291, 352, 233, 297, 361, 309, 311, 307, 399, 262, 369, 378, 280, 337, 357, 299, 367, 307, 266, 359, 245, 453, 338, 419, 331, 374, 330, 316, 306, 313, 359, 297, 280, 310, 384, 438, 327, 304, 396, 327, 402, 487, 366, 362, 396, 441, 315, 288, 393, 375, 383, 392, 382, 308, 456, 378, 431, 356, 469, 461, 458, 467, 405, 408, 371, 444, 421, 454, 312, 439, 333, 438, 479, 345, 480, 348, 376, 355, 323, 418, 380, 396, 450, 400, 405, 409, 411, 335, 440, 401, 393, 417, 369, 364, 415, 262, 498, 398, 435, 392, 415, 347, 430, 444, 493, 499, 477, 410, 358, 425, 399, 415, 358, 438, 484, 431, 373, 419, 350, 393, 494, 531, 446, 464, 411, 512, 471, 411, 445, 452, 453, 522, 437, 456, 516, 435, 416, 449, 496, 523, 500, 531, 485, 452, 460, 436, 426, 433, 428, 415, 516, 436, 472, 419, 456, 447, 423, 386, 414, 409, 476, 429, 428, 455, 415, 374, 427, 372, 416, 454, 482, 432, 423, 399, 421, 427, 406, 423, 411, 442, 398, 374, 435, 370, 389, 416, 583, 434, 522, 559, 563, 486, 562, 518, 531, 526, 547, 410, 526, 530, 467, 534, 467, 519, 522, 506, 509, 471, 504, 444, 450, 468, 445, 505, 435, 500, 518, 491, 477, 497, 487, 490, 468, 467, 483, 519, 483, 458, 489, 467, 477, 445, 412, 463, 475, 462, 471, 443, 450, 451, 611, 416, 452, 440, 472, 456, 451, 424, 470, 387, 466, 423, 427, 429, 422, 424, 464, 436, 449, 413, 443, 391, 391, 430, 416, 413, 491, 406, 428, 428, 434, 410, 417, 405, 419, 454, 447, 399, 383, 420, 406, 426, 359, 399]

Cluster Number:
 [2, 3, 4, 5, 6, 7, 8, 9, 10, 11, 12, 13, 14, 15, 16, 17, 18, 19, 20, 21, 22, 23, 24, 25, 26, 27, 28, 29, 30, 31, 32, 33, 34, 35, 36, 37, 38, 39, 40, 41, 42, 43, 44, 45, 46, 47, 48, 49, 50, 51, 52, 53, 54, 55, 56, 57, 58, 59, 60, 61, 62, 63, 64, 65, 66, 67, 68, 69, 70, 71, 72, 73, 74, 75, 76, 77, 78, 79, 80, 81, 82, 83, 84, 85, 86, 87, 88, 89, 90, 91, 92, 93, 94, 95, 96, 97, 98, 99, 100, 101, 102, 103, 104, 105, 106, 107, 108, 109, 110, 111, 112, 113, 114, 115, 116, 117, 118, 119, 120, 121, 122, 123, 124, 125, 126, 127, 128, 129, 130, 131, 132, 133, 134, 135, 136, 137, 138, 139, 140, 141, 142, 143, 144, 145, 146, 147, 148, 149, 150, 151, 152, 153, 154, 155, 156, 157, 158, 159, 160, 161, 162, 163, 164, 165, 166, 167, 168, 169, 170, 171, 172, 173, 174, 175, 176, 177, 178, 179, 180, 181, 182, 183, 184, 185, 186, 187, 188, 189, 190, 191, 192, 193, 194, 195, 196, 197, 198, 199, 200, 201, 202, 203, 204, 205, 206, 207, 208, 209, 210, 211, 212, 213, 214, 215, 216, 217, 218, 219, 220, 221, 222, 223, 224, 225, 226, 227, 228, 229, 230, 231, 232, 233, 234, 235, 236, 237, 238, 239, 240, 241, 242, 243, 244, 245, 246, 247, 248, 249, 250, 251, 252, 253, 254, 255, 256, 257, 258, 259, 260, 261, 262, 263, 264, 265, 266, 267, 268, 269, 270, 271, 272, 273, 274, 275, 276, 277, 278, 279, 280, 281, 282, 283, 284, 285, 286, 287, 288, 289, 290, 291, 292, 293, 294, 295, 296, 297, 298, 299, 300, 301, 302, 303, 304, 305, 306, 307, 308, 309, 310, 311, 312, 313, 314, 315, 316, 317, 318]

Odds Ratio:

nan
1.3160470686243884
1.117889454177122
0.8179292929292928
1.0610587382160988
0.82991471445536
0.6725848563968669
1.1449655379083008
0.7269233253665786
0.8823230243878811
1.1370656894679694
0.7227504244482172
0.7412320631204752
1.278285181733457
0.8803979858035552
0.8760309248114126
0.9367034834324555
0.858165440141553
1.021369069177834
0.8583193926135633
0.8094812164579605
0.8066124376803989
0.7727209181144592
0.9692607587344432
0.883555597967412
0.9726315789473682
1.1648874384645167
0.8529724404345232
0.9288033311206325
0.9397087170700366
1.0376569037656902
1.2184822521419827
0.8802899778750649
0.7886201991465149
0.8360629767736588
1.0633264462809917
1.682228256109311
1.2032687991021322
0.9669190520160047
1.0156397065459843
0.9675052014374882
1.1581446911011959
0.8359085787864156
1.0100054525627042
1.141471464219593
1.0189615452773348
0.899644128113879
1.0737284606174191
1.0535168195718656
1.0160717306716291
0.8307306573855701
0.917699805551083
0.8743691420331651
0.7916142510558001
1.222140221402214
1.2965152948596657
0.832579185520362
0.6950493167465734
0.6416348002450722
0.8445279365664762
1.0185637891520245
1.8760196905766524
1.1226435477772376
1.1095218361918
1.08068882930258
1.0970909090909093
0.838888888888889
1.1598414434117001
0.9505086071987483
1.0277954762663268
1.1878059818159377
0.942245881880273
0.8655536849981297
1.1245543047153561
0.7573585815416308
0.8138467628213061
0.8430056950496876
0.9187364881095366
1.2293156281920328
1.0599752875201982
1.0286359530261968
1.1023965141612204
0.8720582544763784
0.9370545454545458
1.037667025034557
0.9606625258799174
0.9436746621210278
1.0599926389400074
0.8189663347558085
0.8806584362139915
0.6377152277445355
0.8122640221989719
0.8908137882018479
0.7590250028542072
0.9885238044520186
1.024024314429785
1.0355374571779457
0.9202096680256261
0.9492017416545718
0.9468112179976583
1.0896809544374861
1.0319519225539784
0.9442282749675746
0.8012816087986933
0.8479377815315317
1.1545376712328772
0.8716711645195786
1.1050988142292493
0.750465549348231
1.1799313613335511
1.0302351623740202
1.1047123864683428
0.9047532325623749
1.140304781923279
1.35557537912578
0.983648364836484
0.8723565323565322
0.83889400921659
1.0259902263374485
1.0033745925020374
0.7539181517283708
1.8037787938918124
1.0258373205741627
0.8418883347187586
0.955366252412386
0.9246439583027457
0.9773421935132596
0.9424778761061948
1.0750715569460163
1.9573395668212865
1.2137807428059348
1.0568385971307317
1.0658147396889794
0.9964813511611543
0.8609109609168384
0.9977321137702042
1.2325287017957023
1.0121356650768416
1.2818108988017114
0.9499278276833386
0.9175707547169812
1.1265840032702
0.9137554846908191
0.8839015606242496
1.1534848049084454
1.0955105337551323
1.0102420856610803
0.7025103436448219
0.6730701600140673
0.8159434844339786
1.169145765572053
1.1339136672782706
1.0366071428571428
1.0865008108215009
0.9907338769458857
0.8722703813918719
0.990952718118165
1.0851792646723
1.1525519796505197
0.765324519230769
0.785126209011559
1.010795236265847
1.006305353602115
1.2905290905667481
1.0903952419116718
1.025406695559324
1.149821624003298
1.0199263591076457
0.8961352657004829
0.8428175655761863
1.0106951871657754
1.1272485866027069
1.053285543608124
1.144410680142038
0.9738857142857142
0.7075990571332362
0.9751608662561407
1.0440839069157655
0.9307949575508107
1.0908092072735267
0.9917134867492751
1.2237242759006195
0.9897812467905924
1.1270399780941949
0.9251794430089001
1.386283441329313
0.8104776579352849
0.9575528870784342
0.9084492841298647
0.8238431649593781
1.077463464431549
0.8274634224281572
1.2353264485521716
0.8505181045523346
0.8377162629757788
0.9934706177800099
1.7607476635514012
1.1215686274509804
0.8848980078730767
0.9252059546177197
0.8501524013510174
0.846093497623333
0.9920634920634921
1.0733563820888865
0.5080535646925689
0.9495772946859903
1.0572555582118093
1.0317588843904633
1.2227709866172296
0.8984965599252527
1.1199317923455854
1.0277810430625756
0.9387918110545848
1.185578747628084
0.9041636755204596
1.842228044359904
1.1185231626610939
1.1562432432432435
1.152731872526217
0.9559585492227979
0.8113374077836432
0.8555038244097107
0.851732407177706
0.8320413436692506
0.8660169939033172
1.0307059195948087
1.1140724121924799
0.9032193958664545
1.3080552157959116
1.162660899291869
1.0794270602225733
0.9886010362694301
0.8555971818385149
1.0045980656413513
1.1449411134903638
0.9024730991023127
0.8272783362973176
1.1757328654004955
1.1661316488902698
1.1935084075835738
0.9093341136145133
0.9898606347650933
0.7904360056258792
0.9203703703703702
1.3474718196457325
1.1865079365079363
1.108946629213483
0.8254448974309196
0.933470764617691
1.0051970802919707
0.9129129129129127
1.1599488466821386
0.9358464028872436
0.9046223650628603
1.079382793202988
0.9079365079365078
0.8380952380952379
1.024024314429785
1.3180090282727486
0.8422616624603109
0.8758664146187778
1.195301912362596
0.7514923697057815
1.0343029561444976
1.0892084854349005
1.1536876980697204
1.0629485014774167
1.1139779958542917
0.9107342430149449
1.0239739163789798
0.785126209011559
0.9705256368913254
0.880589318600368
1.0923264756237896
1.0822050290135399
1.2334337349397593
1.0647676991150443
1.1992961876832848
0.6849554429495018
0.9621971595655808
0.8754762283936247
0.9138723237853161
0.8125495852866929
1.7325057615755293
0.864471954154159
1.0374967165747304
0.8739544998327199
1.215340909090909
1.0632355290484048
0.9309493233231254
0.6925287356321841
0.8536388268289206
0.6714447059816971
1.1839771383523847
0.9613559408988304
1.0884725920847946
1.263786315698727
1.1966488516539073
1.0394021739130435
0.9903274469784364
0.9588095930836691
1.2670883493164662
0.927162142115413
0.9445749412764254
1.0317018909899887
0.9886010362694301
1.0832897927468084
1.0549350055522893
0.9575528870784342
0.7692588619296524
0.5660439485942841
1.0607638888888886
0.947085234620922
1.149317738791423
1.058877476155539
0.8471596244131454
1.274330623614348
1.003632819422293
