Case Count:
 [0, 49, 102, 186, 178, 42, 95, 200, 88, 171, 138, 194, 196, 223, 187, 179, 225, 166, 164, 173, 273, 222, 186, 183, 182, 144, 176, 186, 186, 176, 205, 150, 192, 178, 160, 236, 191, 213, 138, 164, 164, 207, 219, 185, 203, 218, 172, 190, 198, 222, 196, 247, 208, 214, 216, 150, 200, 258, 191, 203, 167, 153, 206, 207, 216, 175, 210, 249, 220, 207, 152, 217, 250, 230, 211, 187, 187, 221, 209, 248, 243, 195, 210, 243, 207, 221, 190, 150, 214, 162, 218, 211, 221, 233, 257, 266, 223, 274, 268, 269, 200, 272, 208, 205, 314, 243, 215, 209, 199, 224, 246, 275, 203, 240, 254, 223, 204, 211, 195, 250, 239, 203, 226, 255, 226, 244, 233, 199, 221, 175, 257, 258, 241, 163, 177, 290, 234, 232, 236, 230, 211, 198, 218, 225, 239, 223, 223, 209, 204, 201, 202, 286, 250, 266, 252, 262, 214, 284, 246, 265, 261, 279, 219, 236, 251, 283, 264, 290, 281, 190, 284, 229, 274, 273, 260, 246, 287, 216, 225, 236, 259, 267, 279, 241, 248, 233, 241, 266, 245, 249, 226, 234, 248, 270, 236, 250, 250, 246, 248, 201, 247, 194, 192, 235, 243, 204, 260, 236, 246, 229, 212, 238, 227, 196, 244, 265, 224, 245, 222, 224, 211, 220, 190, 236, 224, 247, 245, 215, 242, 207, 161, 181, 226, 248, 235, 200, 188, 208, 251, 210, 235, 222, 220, 229, 240, 253, 245, 185, 217, 218, 250, 215, 224, 221, 225, 184, 226, 202, 245, 224, 209, 196, 221, 194, 201]

Control Count:
 [0, 99, 111, 297, 298, 108, 224, 310, 223, 273, 234, 308, 325, 346, 305, 293, 351, 280, 284, 269, 273, 302, 278, 380, 358, 243, 379, 306, 327, 268, 368, 313, 340, 271, 296, 318, 325, 365, 271, 257, 254, 322, 369, 307, 321, 352, 296, 297, 307, 350, 304, 317, 328, 416, 358, 251, 306, 318, 321, 329, 250, 271, 347, 335, 354, 311, 399, 446, 364, 365, 258, 377, 414, 360, 386, 364, 343, 348, 371, 398, 370, 306, 343, 383, 353, 397, 387, 309, 377, 299, 413, 334, 358, 399, 404, 423, 372, 450, 450, 453, 356, 414, 346, 346, 428, 386, 366, 318, 382, 364, 391, 423, 304, 427, 427, 382, 351, 352, 336, 416, 401, 401, 395, 432, 358, 399, 418, 313, 411, 324, 406, 423, 411, 286, 319, 374, 395, 387, 413, 381, 405, 332, 344, 352, 378, 378, 335, 350, 342, 343, 374, 486, 369, 461, 403, 416, 363, 467, 399, 457, 453, 489, 393, 426, 397, 445, 419, 463, 462, 362, 449, 372, 455, 416, 472, 424, 463, 373, 346, 395, 446, 434, 429, 419, 424, 351, 464, 413, 391, 447, 391, 380, 413, 406, 388, 428, 399, 410, 419, 397, 399, 387, 348, 414, 359, 371, 395, 423, 417, 373, 355, 365, 426, 385, 394, 394, 423, 375, 389, 376, 389, 362, 362, 384, 351, 395, 390, 387, 378, 392, 359, 408, 395, 371, 362, 387, 371, 344, 378, 367, 363, 373, 402, 377, 367, 357, 372, 337, 358, 388, 392, 373, 367, 382, 349, 362, 379, 392, 352, 366, 374, 379, 337, 343, 363]

Cluster Number:
 [2, 3, 4, 5, 6, 7, 8, 9, 10, 11, 12, 13, 14, 15, 16, 17, 18, 19, 20, 21, 22, 23, 24, 25, 26, 27, 28, 29, 30, 31, 32, 33, 34, 35, 36, 37, 38, 39, 40, 41, 42, 43, 44, 45, 46, 47, 48, 49, 50, 51, 52, 53, 54, 55, 56, 57, 58, 59, 60, 61, 62, 63, 64, 65, 66, 67, 68, 69, 70, 71, 72, 73, 74, 75, 76, 77, 78, 79, 80, 81, 82, 83, 84, 85, 86, 87, 88, 89, 90, 91, 92, 93, 94, 95, 96, 97, 98, 99, 100, 101, 102, 103, 104, 105, 106, 107, 108, 109, 110, 111, 112, 113, 114, 115, 116, 117, 118, 119, 120, 121, 122, 123, 124, 125, 126, 127, 128, 129, 130, 131, 132, 133, 134, 135, 136, 137, 138, 139, 140, 141, 142, 143, 144, 145, 146, 147, 148, 149, 150, 151, 152, 153, 154, 155, 156, 157, 158, 159, 160, 161, 162, 163, 164, 165, 166, 167, 168, 169, 170, 171, 172, 173, 174, 175, 176, 177, 178, 179, 180, 181, 182, 183, 184, 185, 186, 187, 188, 189, 190, 191, 192, 193, 194, 195, 196, 197, 198, 199, 200, 201, 202, 203, 204, 205, 206, 207, 208, 209, 210, 211, 212, 213, 214, 215, 216, 217, 218, 219, 220, 221, 222, 223, 224, 225, 226, 227, 228, 229, 230, 231, 232, 233, 234, 235, 236, 237, 238, 239, 240, 241, 242, 243, 244, 245, 246, 247, 248, 249, 250, 251, 252, 253, 254, 255, 256, 257, 258, 259, 260, 261, 262, 263, 264, 265]

Odds Ratio:

nan
0.7982646982646984
1.6824123827091184
1.0668742763604424
0.9840829026202783
0.607332773579625
0.6213662790697674
1.1283574031583208
0.5677564421959039
1.0634328358208953
0.9678848283499447
1.0797773654916512
1.000164609053498
1.1398255191607796
1.0291569086651053
1.0221186663166184
1.1292834890965733
0.9728937728937731
0.9323431498079389
1.1097492802638564
2.740963855421687
1.4430982390820033
1.190036113401769
0.6546463815789474
0.731908788557268
0.9742623979912118
0.6162304242703933
1.0138727427729985
0.9015483917757552
1.1486294761931788
0.8570234113712375
0.6881722807521804
0.8870683496070493
1.1500756386874211
0.8369659982563209
1.4989001456145243
0.9550000000000001
0.9373136137713663
0.7731424158095401
1.0929465864874426
1.112899069434503
1.1249999999999998
0.9684774575018481
0.9988073559209008
1.090619884893606
1.0536816125051416
0.9401761311873671
1.107324922585967
1.126657385756957
1.1048847926267282
1.1249729261425165
1.6679317823343849
1.0980889029669518
0.7133333333333334
1.001077235263171
0.9863659548656585
1.1540459977575408
1.8377983946627747
0.9764973369510603
1.0431842769563648
1.1739117647058823
0.9021366087786751
0.9707486611173636
1.0467189912506434
1.0233335866838942
0.8888117509500144
0.7561480119512755
0.8286287467547792
1.0045662100456623
0.88735238545111
0.9648056613456497
0.9100652376514444
1.003246172328298
1.1249335459861776
0.8199481865284977
0.7420634920634921
0.8329284094590218
1.1069809132131183
0.8744052502050864
1.0765871241021867
1.1995863210148925
1.102137576342012
1.0293200249532128
1.1167874460489158
0.9478484907687796
0.8452268157973797
0.6723534966740347
0.7037995095239695
0.8855172413793101
0.8391147386595513
0.7523583096863257
1.0916850509507305
1.0477422992158272
0.9326349855220574
1.1324665433576324
1.1086513890597025
0.9880027877339709
1.025885521885522
0.9682131254061075
0.9605895338267759
0.8744299750834469
1.2353264485521716
0.9941195605935491
0.9672199990119065
1.7607476635514012
1.0984720312995664
0.9493315768930525
1.1715887339349196
0.751025305410122
1.0418604651162793
1.0985781111273074
1.209061292740587
1.1997100802854592
0.8501524013510174
0.9678334071776693
0.935112468489432
0.9323877068557918
0.9885366826156301
0.9323770491803278
0.9920634920634921
0.9744763092269324
0.7014349718923029
0.8944909966125874
0.9495772946859903
1.0965982112413775
1.0317588843904633
0.8388303061271895
1.099374334398296
0.7819036139199539
0.8265525626636737
1.1199317923455854
1.0277810430625756
0.9387918110545848
0.9127140974967062
0.8661729163176911
1.842228044359904
0.9622970052485338
0.9875544570522664
0.8866995073891626
1.0022730412286982
0.7380658436213993
0.979953007048943
1.1011259602230874
1.123088360237893
1.1064814814814814
0.9559327846364883
1.211152570480929
0.9813913043478262
0.9797685703620753
0.9479506088149545
0.8067420293779194
0.930794265580032
1.2869044034355688
0.890524494376387
1.0867690184578227
1.1101694915254237
0.956351392715029
1.024024314429785
1.0509953640578125
0.9031288513292587
0.8901331944341095
0.8522622699386506
0.8485426786953507
0.8241633710307823
1.1131491505439737
1.1536876980697204
1.1125264234572112
1.1139779958542917
1.0239739163789798
0.7714837249550689
1.1385300668151448
1.0435739887352793
0.9963636363636366
1.2334337349397593
0.7878041852097338
0.9138723237853161
1.0806951233375017
0.9218672982363337
1.1607962832910164
0.9800835567749583
0.909790732436472
1.051575393848462
1.215340909090909
0.8976278296087368
0.9309493233231254
1.2148507731032003
0.6925287356321841
1.1727246007641814
1.0884725920847946
0.8238431649593781
0.9144963557989028
1.0453401797175867
0.9903274469784364
1.2670883493164662
1.0187395256716267
0.927162142115413
1.0906896871809149
0.9886010362694301
0.9575528870784342
0.7041360624854476
1.0607638888888886
0.6977166060222539
0.8488063660477452
0.8737093871364973
1.274330623614348
0.8353271778402249
1.2245244325012377
0.8382536188845799
0.9506094606180341
1.0378526745818974
0.981274430725321
1.177591494581885
0.7590796350429622
0.718593340815563
1.0607314850969676
1.2910613221308125
0.7512232668096103
1.1887972508591067
0.8915451411512447
0.9753587333003463
0.806487620078474
1.015666389162189
0.7714837249550689
1.0414614121510672
1.1190353143841518
1.0845332278481015
1.0945017182130583
0.8457341269841272
1.1374318480917465
0.7647783251231527
0.5952686318911444
0.5502355981152149
0.8944909966125874
1.2494319865652475
1.1646896327591811
0.7373530969911235
0.7207396827783208
1.0051344004832377
1.2362096138691883
0.9020382423283321
1.158307675687355
0.9736721809713251
0.8146482200867807
1.0152709359605911
1.1863130365725085
1.4135568205776934
1.20856889480102
0.8450547909997898
1.0102420856610803
0.8643933386201426
1.1337868480725626
0.9135029682114135
1.024827323997212
0.9182237379316972
1.1417802533272634
0.7295417614559636
0.9770460936241901
0.7305605786618445
1.3489925023430178
1.0304740119456095
0.8601023017902818
0.7427386342660456
1.1762039582936326
0.8887963348604749
0.8491909160358359
