Case Count:
 [12, 77, 154, 0, 141, 20, 0, 0, 25, 114, 22, 1, 3, 63, 0, 59, 3, 27, 21, 3, 42, 252, 212, 1, 57, 109, 106, 18, 3, 67, 1, 47, 5, 1, 19, 62, 0, 0, 0, 0, 0, 0, 0, 0, 0, 0, 70, 89, 2, 111, 6, 80, 201, 224, 142, 0, 0, 0, 0, 0, 0, 0, 0, 0, 0, 0, 0, 0, 0, 0, 0, 0, 0, 0, 0, 0, 0, 0, 0, 0, 0, 0, 0, 0, 0, 0, 0, 0, 0, 0, 0, 0, 0, 0, 0, 0, 0, 0, 0, 0, 0, 0, 0, 0, 0, 0, 0, 0, 0, 0, 0, 0, 0, 0, 0, 0, 0, 0, 0, 0, 0, 0, 0, 0, 0, 0, 0, 0, 0, 0, 0, 0, 0, 0, 0, 0, 0, 0, 0, 0, 0, 0, 0, 0]

Control Count:
 [12, 40, 101, 0, 110, 12, 0, 0, 20, 80, 10, 1, 4, 46, 1, 54, 0, 13, 8, 3, 29, 164, 142, 0, 33, 91, 81, 13, 1, 52, 0, 35, 3, 0, 19, 55, 0, 0, 0, 0, 0, 0, 0, 0, 0, 0, 44, 74, 0, 56, 4, 53, 149, 141, 109, 0, 0, 0, 0, 0, 0, 0, 0, 0, 0, 0, 0, 0, 0, 0, 0, 0, 0, 0, 0, 0, 0, 0, 0, 0, 0, 0, 0, 0, 0, 0, 0, 0, 0, 0, 0, 0, 0, 0, 0, 0, 0, 0, 0, 0, 0, 0, 0, 0, 0, 0, 0, 0, 0, 0, 0, 0, 0, 0, 0, 0, 0, 0, 0, 0, 0, 0, 0, 0, 0, 0, 0, 0, 0, 0, 0, 0, 0, 0, 0, 0, 0, 0, 0, 0, 0, 0, 0, 0]

Cluster Number:
 [1, 2, 3, 5, 6, 9, 10, 11, 12, 13, 14, 16, 17, 18, 19, 20, 21, 22, 23, 24, 25, 26, 27, 28, 29, 30, 31, 32, 33, 34, 35, 36, 47, 48, 49, 50, 51, 52, 53, 54, 55]

Odds Ratio:

0.7295528898582333
1.4482687793427231
1.1411050782497605
nan
0.9288301799723118
1.2266226622662266
nan
nan
0.9139933628318584
1.0508282208588957
1.627563395810364
0.7327586206896551
0.5483261339092873
1.00424239381464
0.0
0.7874201787994892
inf
1.5381204161691966
1.9456222466960356
0.7321814254859611
1.0645725615208181
1.1734337284288645
1.1223210953307008
inf
1.2835696413678064
0.8618332886625568
0.9540524728860087
1.0152832897069999
2.203023758099352
0.9401882919864357
inf
0.9835438937479757
1.222943722943723
inf
0.7274725274725274
0.813924714270735
nan
nan
nan
nan
nan
nan
nan
nan
nan
nan
1.179754471372632
0.8690958815958817
inf
1.5144734544184422
1.1002166847237271
1.1165188790363805
0.9858027878162104
1.2168401991851516
0.9468542718254199
nan
nan
nan
nan
nan
nan
nan
nan
nan
nan
nan
nan
nan
nan
nan
nan
nan
nan
nan
nan
nan
nan
nan
nan
nan
nan
nan
nan
nan
nan
nan
nan
nan
nan
nan
nan
nan
nan
nan
nan
nan
nan
nan
nan
nan
nan
nan
nan
nan
nan
nan
nan
nan
nan
nan
nan
nan
nan
nan
nan
nan
nan
nan
nan
nan
nan
nan
nan
nan
nan
nan
nan
nan
nan
nan
nan
nan
nan
nan
nan
nan
nan
nan
nan
nan
nan
nan
nan
nan
