Case Count:
 [1, 16, 71, 0, 0, 81, 0, 1, 5, 32, 6, 0, 5, 0, 10, 0, 0, 0, 0, 2, 0, 0, 0, 0, 0, 0, 0, 0, 0, 0, 0, 2, 0, 16, 0, 49, 0, 1, 9, 0, 0, 15, 18, 1, 13, 0, 1, 0, 0, 1, 3, 4, 3, 6, 27, 0, 0, 0, 1, 0, 0, 3, 0, 0, 1, 0, 0, 0, 0, 0, 0, 0, 11, 0, 0, 0, 0, 0, 0, 7, 0, 0, 0, 0, 0, 0, 0, 0, 0, 0, 0, 0, 0, 0, 0, 0, 0, 0, 0, 0, 0, 0, 0, 0, 0, 0, 0]

Control Count:
 [1, 22, 45, 0, 0, 58, 1, 5, 0, 25, 5, 0, 0, 0, 4, 0, 0, 0, 0, 0, 0, 0, 0, 0, 0, 0, 0, 0, 0, 0, 0, 2, 0, 12, 0, 26, 0, 1, 9, 2, 1, 26, 11, 0, 9, 0, 3, 0, 0, 0, 2, 1, 2, 9, 13, 0, 0, 1, 2, 0, 0, 1, 0, 0, 0, 0, 0, 0, 0, 0, 0, 0, 10, 0, 0, 0, 0, 0, 0, 12, 0, 0, 0, 0, 0, 0, 0, 0, 0, 0, 0, 0, 0, 0, 0, 0, 0, 0, 0, 0, 0, 0, 0, 0, 0, 0, 0]

Cluster Number:
 [1, 2, 3, 6, 8, 9, 10, 11, 13, 15, 20, 32, 34, 36, 38, 39, 42, 43, 44, 45, 47, 50, 51, 52, 53, 54, 55, 59, 62, 65, 73, 80]

Odds Ratio:

0.7327586206896551
0.5249427461913769
1.1695415695415696
nan
nan
1.0260043916720885
0.0
0.14568965517241378
inf
0.9360981047937569
0.8788732394366199
nan
inf
nan
1.8416757344940156
nan
nan
nan
nan
inf
nan
nan
nan
nan
nan
nan
nan
nan
nan
nan
nan
0.732470334412082
nan
0.9769989047097479
nan
1.4027534965034967
nan
0.7327586206896551
0.7304347826086957
0.0
0.0
0.41344049823262075
1.2034727073146392
inf
1.0596797671033478
nan
0.24353448275862064
nan
nan
inf
1.099892008639309
2.9405405405405403
1.099892008639309
0.4853737811484291
1.5381204161691966
nan
nan
0.0
0.36584051724137934
nan
nan
2.203023758099352
nan
nan
inf
nan
nan
nan
nan
nan
nan
nan
0.8040305010893245
nan
nan
nan
nan
nan
nan
0.4232646420824295
nan
nan
nan
nan
nan
nan
nan
nan
nan
nan
nan
nan
nan
nan
nan
nan
nan
nan
nan
nan
nan
nan
nan
nan
nan
nan
nan
