Case Count:
 [39, 23, 1, 55, 5, 0, 0, 0, 59, 23, 87, 77, 63, 13, 1, 24, 9, 12, 148, 21, 0, 22, 8, 42, 3, 68, 5, 0, 0, 0, 0, 0, 0, 0, 0, 0, 0, 0, 0, 0, 108, 85, 0, 0, 0, 0, 0, 0, 0, 0, 0, 0, 0, 0, 0, 0, 0, 0, 0, 0, 0, 0, 0, 0, 0, 0, 0, 0, 0, 0, 0, 0, 0, 0, 0, 0, 0, 0, 0, 0, 0, 0, 0, 0, 0, 0, 0, 0, 0, 0, 0, 0, 0, 0, 0, 0, 0, 0, 0, 0, 0, 0, 0, 0, 0, 0, 0, 0, 0, 0, 0, 0, 0, 0, 0, 0, 0, 0, 0, 0, 0, 0, 0, 0, 0, 0, 0, 0]

Control Count:
 [19, 12, 1, 31, 4, 0, 0, 0, 54, 16, 63, 47, 40, 11, 0, 7, 8, 9, 93, 13, 0, 4, 11, 22, 0, 40, 3, 0, 0, 0, 0, 0, 0, 0, 0, 0, 0, 0, 0, 0, 80, 59, 0, 0, 0, 0, 0, 0, 0, 0, 0, 0, 0, 0, 0, 0, 0, 0, 0, 0, 0, 0, 0, 0, 0, 0, 0, 0, 0, 0, 0, 0, 0, 0, 0, 0, 0, 0, 0, 0, 0, 0, 0, 0, 0, 0, 0, 0, 0, 0, 0, 0, 0, 0, 0, 0, 0, 0, 0, 0, 0, 0, 0, 0, 0, 0, 0, 0, 0, 0, 0, 0, 0, 0, 0, 0, 0, 0, 0, 0, 0, 0, 0, 0, 0, 0, 0, 0]

Cluster Number:
 [1, 2, 3, 4, 5, 9, 10, 11, 12, 13, 14, 15, 16, 17, 18, 19, 20, 22, 23, 24, 25, 26, 27, 41, 42]

Odds Ratio:

1.5267888823181548
1.415286975717439
0.7327586206896551
1.3194803277478409
0.9158549783549784
nan
nan
nan
0.7874201787994892
1.0551186534216335
1.01357312521208
1.219108980121866
1.1657909930715937
0.8644303294958317
inf
2.5534333070244677
0.8229619565217393
0.9770992366412214
1.1981330800049563
1.1884107082344968
nan
4.10529217199559
0.5290691935643076
1.4183663011171466
inf
1.2656213704994193
1.222943722943723
nan
nan
nan
nan
nan
nan
nan
nan
nan
nan
nan
nan
nan
0.9882460414129111
1.0617318660133341
nan
nan
nan
nan
nan
nan
nan
nan
nan
nan
nan
nan
nan
nan
nan
nan
nan
nan
nan
nan
nan
nan
nan
nan
nan
nan
nan
nan
nan
nan
nan
nan
nan
nan
nan
nan
nan
nan
nan
nan
nan
nan
nan
nan
nan
nan
nan
nan
nan
nan
nan
nan
nan
nan
nan
nan
nan
nan
nan
nan
nan
nan
nan
nan
nan
nan
nan
nan
nan
nan
nan
nan
nan
nan
nan
nan
nan
nan
nan
nan
nan
nan
nan
nan
nan
nan
