Case Count:
 [687, 687, 572, 633, 481, 611, 267, 492, 422, 459, 736, 642, 605, 605, 723, 239, 96, 634, 818, 739, 661, 759, 692, 486, 518, 384, 642, 632, 710, 417, 544, 374, 643, 756, 579, 559, 650, 525, 823, 689, 760, 821, 712, 590, 500, 571, 806, 378, 661, 789, 680, 190, 652, 763, 357, 496, 628, 785, 575, 676, 655, 772, 755, 495, 553, 600, 636, 575, 318, 572, 603, 696, 499, 785, 400, 649, 536, 717, 781, 631, 635, 511, 588, 745, 715, 721, 742, 688, 769, 290, 691, 415, 641, 559, 751, 846, 836, 839, 755, 642, 799, 646, 722, 698, 618, 442, 492, 797, 656, 829, 622, 793, 779, 570, 793, 804, 719, 510, 832, 845, 697, 466, 661, 796, 839, 816, 602]

Control Count:
 [502, 503, 410, 476, 368, 440, 125, 319, 278, 340, 563, 478, 439, 450, 537, 202, 63, 464, 541, 469, 430, 497, 469, 413, 377, 354, 492, 480, 528, 338, 435, 314, 455, 498, 452, 423, 505, 353, 592, 537, 593, 592, 476, 391, 356, 399, 580, 188, 445, 561, 489, 148, 485, 563, 264, 367, 495, 584, 466, 482, 499, 526, 490, 294, 371, 405, 347, 418, 261, 339, 471, 426, 438, 576, 345, 507, 447, 449, 565, 483, 506, 345, 418, 500, 473, 532, 542, 473, 553, 217, 485, 297, 487, 430, 487, 625, 559, 616, 571, 447, 551, 418, 529, 479, 408, 322, 340, 608, 419, 569, 438, 598, 516, 391, 547, 612, 528, 442, 581, 609, 497, 229, 435, 609, 589, 625, 429]

Cluster Number:
 [1, 2, 3, 4, 5, 6, 7, 8, 9, 10, 11, 12, 13, 14, 15, 16, 17, 18, 19, 20, 21, 22, 23, 24, 25, 26, 27, 28, 29, 30, 31, 32, 33, 34, 35, 36, 37, 38, 39, 40, 41, 42, 43, 44, 45, 46, 47, 48, 49, 50, 51, 52, 53, 54, 55, 56, 57, 58, 59, 60, 61, 62, 63, 64, 65, 66, 67, 68, 69, 70, 71, 72, 73, 74, 75, 76, 77, 78, 79, 80, 81, 82, 83, 84, 85, 86, 87, 88, 89, 90, 91, 92, 93, 94, 95, 96, 97, 98, 99, 100, 101, 102, 103, 104, 105, 106, 107, 108, 109, 110, 111, 112, 113, 114, 115, 116, 117, 118, 119, 120, 121, 122, 123, 124, 125, 126, 127]

Odds Ratio:

1.0122567580916007
1.0046004961963757
1.0590421534467445
0.9209984669543494
0.9131951184006212
1.0523942252715837
1.7939818731117825
1.27761956342403
1.206603947611142
0.9794680851063832
0.7992711142197148
0.9499948974385138
1.0293455946455183
0.9585390946502055
0.9411509464663447
0.8213588750179366
1.1305093465957812
1.0050993571011106
1.9070456778405027
1.7581416227134998
1.439699757028809
1.6529293407503844
1.319838420915315
0.7118972010122486
1.0162958947252931
0.6508474576271186
0.8593099345627603
0.8910774410774409
0.9394458281444582
0.8265012481508875
0.7990685176892075
0.7876169162793367
1.1167140551755936
1.6058221324604773
0.8381226295828064
0.9214874448917001
0.8119521629582314
1.2074720219897346
1.167245665476798
0.7698324022346368
0.66735184649311
1.1428459709709713
1.4130813615768891
1.2908433862194355
1.06401089547157
1.1272734909900448
1.1410989627137658
1.7989921612541997
1.3080328693610597
1.205500381970971
1.0722645181954809
0.9259225395896573
0.9512225985336262
0.9633632219820669
0.985835187539733
0.9800706055590864
0.783972616530756
0.9054532914764081
0.7494059309910042
1.1031440145638238
0.8718897649313224
1.4489840401055913
1.6913558526859012
1.5013401674033664
1.228924126856684
1.2428233704829454
2.0893273401461583
1.0219838888438353
0.8375190473503019
1.6164200193351674
0.8247039974991208
1.7880674605573361
0.643819687798662
0.9937427662037037
0.7364181803238264
0.7954775993237531
0.7139710026128386
1.7475312014119422
1.0834250179382923
0.8680228438034101
0.7469885187276493
1.1905970459746198
1.0849317375015783
1.4657065217391303
1.4692458161269297
0.9708375506072875
1.0176016733429367
1.255375330064127
1.1124773960217003
0.9704102752717019
1.1733171619163132
1.0439020555752072
0.8866216062057953
0.8818918918918919
1.6807096878388672
0.9132722891566256
1.9618750841556536
0.983676046176046
0.8358999134408277
1.1710123237378105
1.4500907441016337
1.4362351429489237
1.0022008529446678
1.2742636625726391
1.3296292793644793
1.0118866937900952
1.1291694709920583
0.7249426834130777
1.5025483665101806
1.63177504393673
1.1240462272990945
0.8093030690537079
1.6606589147286819
1.177610441051799
1.4284062802451871
0.7251764705882355
0.992126623376623
0.6581604552964935
1.476302855013574
1.1893033075299098
1.1122597654894884
1.9865883218425495
1.3948018528049406
0.7075817622874925
1.4561026221467657
0.6470230088495572
1.0814139988451916
