Case Count:
 [10, 4, 2, 21, 9, 9, 36, 14, 66, 18, 24, 0, 12, 43, 2, 6, 2, 14, 13, 0, 2, 0, 1, 97, 5, 0, 2, 9, 0, 465, 0, 80, 36, 26, 22, 9, 60, 98, 24, 5, 0, 223, 0, 1, 2, 152, 274, 5, 13, 11, 145, 0, 8, 302, 93, 0, 87, 7, 28, 1, 467, 28, 11, 444, 0, 16, 14, 14, 331, 0, 2, 1, 12, 25, 6, 55, 10, 4, 0, 466, 27, 7, 1, 72, 257, 13, 0, 20, 0, 51, 465, 14, 44, 80, 1, 99, 5, 95, 190, 122, 21, 487, 587, 360, 18, 2, 526, 414, 1, 107, 11, 42, 499, 539, 370, 390, 183, 445, 86, 537, 581, 4, 376, 364, 617, 533, 240, 377, 252, 172, 425, 359, 219, 429, 155, 407, 340, 301, 214, 464, 300, 208, 367, 423, 312, 575, 317, 429, 90, 450, 465, 413, 428, 204, 324, 334, 250, 489, 321, 424, 334, 428, 429, 453, 475, 145, 330, 328, 325, 494, 480, 555, 416, 283, 410, 378, 505, 303, 280, 501, 240, 620, 431, 418, 443, 519, 444, 307, 381, 366, 377, 497, 306, 611, 92, 182, 599, 536, 481, 498, 471, 215, 346, 478, 289, 476, 454, 276, 506, 269, 309, 458, 191, 345, 396, 302, 323, 309, 407, 542, 451, 601, 525, 494, 433, 338, 485, 639, 364, 534, 631, 496, 904]

Control Count:
 [11, 2, 2, 8, 8, 5, 12, 8, 36, 11, 13, 0, 14, 38, 2, 4, 3, 11, 4, 0, 2, 0, 0, 84, 4, 0, 0, 4, 0, 352, 0, 40, 37, 10, 16, 3, 47, 60, 10, 12, 0, 153, 2, 0, 1, 102, 186, 5, 9, 12, 100, 0, 4, 206, 62, 0, 63, 4, 14, 0, 337, 25, 11, 342, 0, 12, 9, 13, 231, 0, 2, 2, 5, 23, 6, 40, 5, 3, 0, 297, 29, 2, 3, 38, 186, 10, 1, 12, 2, 34, 307, 13, 35, 66, 3, 94, 1, 83, 112, 108, 21, 329, 387, 249, 9, 2, 364, 301, 3, 79, 10, 27, 368, 391, 254, 300, 135, 295, 41, 415, 453, 0, 318, 230, 432, 401, 170, 271, 188, 124, 328, 244, 158, 313, 137, 321, 264, 251, 113, 345, 227, 131, 198, 308, 236, 455, 226, 305, 64, 320, 367, 270, 343, 144, 221, 228, 177, 384, 226, 330, 215, 304, 305, 382, 340, 104, 293, 237, 240, 382, 354, 409, 347, 196, 292, 296, 382, 188, 231, 363, 169, 458, 317, 323, 340, 389, 333, 237, 199, 266, 265, 362, 217, 462, 71, 128, 414, 352, 397, 332, 341, 203, 274, 369, 192, 318, 334, 219, 369, 160, 214, 346, 164, 261, 285, 214, 251, 244, 348, 394, 335, 438, 354, 362, 340, 246, 368, 512, 244, 364, 465, 348, 673]

Cluster Number:
 [1, 2, 3, 4, 5, 6, 7, 8, 9, 10, 11, 13, 14, 15, 16, 17, 18, 19, 21, 23, 24, 25, 27, 28, 30, 32, 33, 34, 35, 36, 37, 38, 39, 40, 42, 44, 45, 46, 47, 48, 49, 50, 51, 53, 54, 55, 57, 58, 59, 60, 61, 62, 63, 64, 66, 67, 68, 69, 71, 72, 73, 74, 75, 76, 77, 78, 80, 81, 82, 83, 84, 85, 86, 88, 90, 91, 92, 93, 94, 95, 96, 97, 98, 99, 100, 101, 102, 103, 104, 105, 106, 107, 108, 109, 110, 111, 112, 113, 114, 115, 116, 117, 118, 119, 120, 121, 122, 123, 124, 125, 126, 127, 128, 129, 130, 131, 132, 133, 134, 135, 136, 137, 138, 139, 140, 141, 142, 143, 144, 145, 146, 147, 148, 149, 150, 151, 152, 153, 154, 155, 156, 157, 158, 159, 160, 161, 162, 163, 164, 165, 166, 167, 168, 169, 170, 171, 172, 173, 174, 175, 176, 177, 178, 179, 180, 181, 182, 183, 184, 185, 186, 187, 188, 189, 190, 191, 192, 193, 194, 195, 196, 197, 198, 199, 200, 201, 202, 203, 204, 205, 206, 207, 208, 209, 210, 211, 212, 213, 214, 215, 216, 217, 218, 219, 220, 221, 222, 223, 224, 225, 226, 227, 228, 229, 230, 231, 232, 233]

Odds Ratio:

0.6627757443861905
1.4681081081081082
0.732470334412082
1.9456222466960356
0.8229619565217393
1.322608695652174
2.247480403135498
1.2871584699453553
1.3702201622247974
1.2034727073146392
1.362685932851679
nan
0.6234615983798099
0.8212249019840799
0.732470334412082
1.1002166847237271
0.48759439050701175
0.9319423745653252
2.402019650655022
nan
0.732470334412082
nan
inf
0.8285971840659342
0.9158549783549784
nan
inf
1.6557065217391307
nan
0.9366734423981191
nan
1.5100117785630154
0.7016736781574407
1.9320044296788483
1.0081312017640576
2.2108695652173913
0.9313713488235439
1.2205776173285199
1.779447513812155
0.3016774891774892
nan
1.0900405487974227
0.0
inf
1.4670981661272922
1.110454992807934
1.1132725929573999
0.7316017316017318
1.0596797671033478
0.668028322440087
1.0745535714285714
nan
1.4701411509229096
1.1106207708149454
1.110645933014354
nan
1.01357312521208
1.2849783080260304
1.4805771365149833
inf
1.0318188241036905
0.8154495005549389
0.7298474945533768
0.9074335322843189
nan
0.9769989047097479
1.142440801457195
0.7862126944094157
1.0782695565304259
nan
0.732470334412082
0.36584051724137934
1.7692475463467832
0.7911696806464024
0.7313109425785482
1.008438215102975
1.471164309031556
0.9772972972972971
nan
1.3013068045465452
0.6729872314397126
2.577548806941432
0.24353448275862064
1.4216053552785113
1.0177851382488479
0.9522925764192139
0.0
1.2266226622662266
0.0
1.105353075170843
1.22086656183309
0.7862126944094157
0.9176432606941082
0.8780383338687225
0.24353448275862064
0.7448474750064087
3.67965367965368
0.8206928433157088
1.306181132804949
0.8020790307035661
0.7268722466960352
1.1788361825908762
1.3039122353687838
1.0976771761915851
1.4753018660812294
0.732470334412082
1.1366809369290758
1.0148695287552818
0.24353448275862064
0.9919307647294342
0.8040305010893245
1.1469372416384818
0.9870260364004044
1.025050823004787
1.1127153381319284
0.9189239332096477
0.9921358355674711
1.2030396414063593
1.592454358707288
0.8780550774526679
0.8402983938494332
inf
0.7761438466000203
1.2632858791843018
1.1398459757834756
0.9398221617672986
1.0470417484845898
1.0332771805978929
0.976114899902574
1.0206247070354115
0.9075263743708866
1.1280054644808741
1.0210108753788554
1.0087667731629393
0.7951866312076804
0.8744226017832205
0.9117919432011112
0.8211104626081662
1.5044495327681167
0.9718186068256193
0.9538950715421305
1.211210045420377
1.5929850102447964
1.0123902777064833
0.9534928439963738
0.8067920779785188
1.0428234715715194
1.0577311475409836
1.0341552443384985
1.0598251565762007
0.8574297660434088
1.2183677863910427
0.8418381895101924
1.0493103448275862
1.1146927938371787
1.1153029632905795
1.048401188188013
0.8595703124999999
1.062929378202142
0.893033303330333
1.2166816494039476
1.0594337640508456
1.0577311475409836
0.7449018874565533
1.049332728686188
1.0261111656200943
0.729543550969477
1.0224309694812443
0.988721026490066
0.8888848769332609
0.9875051904420368
0.9868859746610357
0.7805360342900161
1.0840257155493778
1.0524058384142319
0.8922965615343111
0.9322520497876123
1.2692797906328601
0.8404538450763412
1.025449911176334
1.0552983914600527
0.9769505801218187
0.9937795345419532
0.9066421088983538
0.9142035826676349
0.9502037745313185
0.956701030927835
0.9246611583703042
1.6839856215383486
1.0142363012326556
1.0721356302980585
1.0138057601800692
1.0502474277133833
0.9107857551253775
0.9443518939202716
1.0526062583668006
1.1706411945542383
1.2747513300948412
0.7680595537963297
1.2146171693735497
1.0253684898001
0.7090422375846891
0.8815590139099297
0.8961476754457122
1.1500732421875
1.1994668665916945
0.9929908603844942
0.8916486605550775
1.0114359299621367
1.3271685606060606
1.0876017485679834
0.9414847268755449
0.8158751404587217
0.9506376948512048
1.032329416411573
1.0510963049084052
0.9131132236729649
0.8926031200423058
0.746086008719778
1.02017340206456
0.9744957222256916
1.0165594721015705
1.2003901661352574
1.00073664825046
0.8755514705882351
1.011307828814329
0.9290846553074814
0.7273100754310348
1.1538372261714782
1.1773403811378493
0.9835895215414593
1.0961216851158717
0.42983655274888427
