Case Count:
 [658, 649, 713, 750, 728, 675, 767, 706, 639, 757, 748, 741, 804, 593, 681, 736, 681, 675, 707, 716, 716, 689, 722, 720, 733, 595, 568, 537, 803, 792, 813, 650, 729, 796, 757, 632, 699, 726, 769, 708, 737, 743, 689, 535, 681, 648, 612, 767, 804, 813, 660, 743, 651, 831, 630, 799, 697, 679, 649, 660, 542, 730, 727, 635, 742, 601, 715, 851, 735, 784, 654, 766, 736, 789, 607, 667, 668, 682, 717, 712, 692, 714, 761, 800, 852, 663, 643, 632, 748, 723, 680, 842, 769, 841, 841, 627, 630, 781, 663, 867, 848, 776, 772, 664, 864, 859, 856, 807, 622, 817, 857, 863]

Control Count:
 [471, 474, 520, 557, 504, 467, 546, 515, 476, 569, 548, 551, 545, 425, 511, 471, 514, 473, 477, 537, 536, 491, 533, 544, 543, 455, 431, 423, 625, 616, 566, 458, 572, 567, 547, 413, 520, 516, 577, 533, 543, 527, 518, 378, 490, 462, 465, 590, 600, 605, 496, 554, 486, 605, 471, 589, 521, 476, 513, 482, 405, 574, 517, 479, 504, 505, 510, 603, 541, 537, 503, 569, 539, 588, 417, 514, 479, 501, 452, 451, 511, 531, 533, 591, 628, 536, 500, 509, 566, 520, 521, 612, 512, 561, 620, 476, 459, 587, 458, 621, 637, 548, 529, 464, 630, 628, 630, 611, 474, 600, 603, 624]

Cluster Number:
 [1, 2, 3, 4, 5, 6, 7, 8, 9, 10, 11, 12, 13, 14, 15, 16, 17, 18, 19, 20, 21, 22, 23, 24, 25, 26, 27, 28, 29, 30, 31, 32, 33, 34, 35, 36, 37, 38, 39, 40, 41, 42, 43, 44, 45, 46, 47, 48, 49, 50, 51, 52, 53, 54, 55, 56, 57, 58, 59, 60, 61, 62, 63, 64, 65, 66, 67, 68, 69, 70, 71, 72, 73, 74, 75, 76, 77, 78, 79, 80, 81, 82, 83, 84, 85, 86, 87, 88, 89, 90, 91, 92, 93, 94, 95, 96, 97, 98, 99, 100, 101, 102, 103, 104, 105, 106, 107, 108, 109, 110, 111, 112]

Odds Ratio:

1.082567513573225
1.0122287522603979
1.0220174501424502
0.9327703278737852
1.271973466003317
1.2177747053566914
1.1706349206349207
1.0204710697026427
0.9489640683859754
0.8663097233007719
1.002984231963544
0.9299339691856201
1.6050495412844041
1.0630812324929972
0.9135313427182629
1.7002739183525288
0.8921723986444081
1.1686171363886073
1.3620035129469092
0.9014084507042249
0.9093616424917662
1.1109131025118804
0.9685038656406632
0.8675766957500702
0.9504453715187736
0.8848456932289269
0.9126491892204559
0.8355405992184105
0.5710222222222221
0.6100104275286752
1.4240130376507856
1.1343538213519901
0.694589160839161
1.2033257747543458
1.0781641936992472
1.38084639779555
0.940961538461538
1.143601787146294
0.8662911611785096
0.8895605001995027
0.9755409760589318
1.1673093795270448
0.9033703346203346
1.0884497623076304
1.0703670177748514
1.0931275130563383
0.8967945456395645
0.7302469135802473
0.8683200000000005
0.8804217725847816
0.9151277131550544
0.9157350258142153
0.9395816679989343
1.065204924945184
0.939437189783354
0.960010447956119
0.9226288966840955
1.169705882352941
0.7590643274853802
1.012972589427571
0.9544262608862094
0.6838197958433282
1.1416588467357374
0.9108403277803815
1.39349376114082
0.6385897126297997
1.1202583837273228
1.411276948590381
0.9804295215046591
1.4498940473897128
0.8415832279052957
0.925011051570401
1.0046622511463366
0.891362973760933
1.1934402788328342
0.8271378501202958
1.0793239427607002
0.9920240490678558
1.7134851394222732
1.6732913035037347
0.9713724227336161
0.9381158849034298
1.2577950504779773
0.9443985361822692
0.9338241376457942
0.6742719672315114
0.8138671328671325
0.7190702043354301
0.8396618706440466
1.0866598207617622
0.8386713841932028
1.0911652017128697
1.586437988281251
2.0442391832766176
0.9402675953079186
0.894144081473649
1.0190832185717096
0.8450435102905288
1.2135880093246214
1.3510986442262736
0.7231428183809127
1.2309527217212914
1.4128809314534083
1.1718282368249837
1.0760439560439556
1.035646041856234
0.9492498369210702
0.7578278017761804
0.8847977569785185
0.9847767857142861
1.5396627971254842
1.1944201631701639
