Case Count:
 [164, 266, 1, 260, 295, 0, 513, 346, 150, 75, 398, 0, 58, 389, 567, 311, 0, 288, 380, 4, 502, 667, 157, 0, 362, 0, 379, 443, 0, 535, 194, 733, 600, 0, 55, 398, 528, 368, 622, 527, 453, 704, 611, 0, 0, 149, 162, 391, 59, 5, 613, 654, 284, 376, 454, 0, 549, 759, 281, 0, 105, 196, 707, 0, 337, 394, 517, 439, 380, 106, 610, 743, 561, 426, 501, 716, 616, 302, 90, 378, 435, 433, 397, 313, 127, 415, 13, 519, 622, 650, 487, 188, 522, 493, 96, 569, 377, 552, 605, 649, 261, 612, 389, 258, 669, 583, 547, 229, 685, 10, 590, 751, 659, 560, 731, 319, 136, 326, 393, 657, 387, 82, 39, 384, 352, 461, 568, 445, 755, 722, 421, 442, 710, 773, 242, 490, 328, 533, 235, 293, 584, 560, 474, 716, 712, 625, 459, 450, 308, 163, 560, 700, 837, 330, 588, 596, 547, 237, 656, 407, 433, 594, 738, 346, 674, 744, 652, 676, 572, 204, 713, 807, 355, 349, 648, 524, 421, 660, 384, 247, 457, 406, 371, 840, 608, 442, 697, 726, 772, 488, 672, 637, 590, 469, 717, 735, 520, 359, 632, 592, 832, 460, 210, 614, 435, 425, 743, 490, 702, 618, 680, 651, 529, 255, 720, 451, 588, 655, 709, 876, 613, 679, 534, 529, 696, 423, 506, 729, 647, 597, 552, 547, 748, 732, 229, 739, 505, 670, 592, 669, 457, 615, 711, 870, 834, 725, 704, 511, 844, 615, 573, 309, 606, 572, 720, 472, 650, 873, 580, 833, 478, 578, 705, 568, 631, 761, 298, 832, 553, 602, 756, 703, 546, 612, 286, 594, 845, 630, 641, 370, 673, 674, 854, 866, 749, 854, 598, 869, 635, 871, 900, 525, 910]

Control Count:
 [97, 176, 0, 151, 195, 0, 365, 300, 123, 56, 291, 0, 55, 265, 427, 200, 0, 195, 287, 4, 372, 469, 137, 0, 281, 0, 269, 323, 0, 389, 143, 521, 454, 0, 47, 322, 333, 265, 427, 340, 405, 507, 413, 0, 0, 97, 147, 283, 45, 1, 435, 477, 199, 214, 329, 1, 403, 539, 184, 0, 65, 107, 516, 0, 252, 313, 411, 329, 310, 77, 432, 543, 425, 277, 388, 539, 438, 209, 77, 300, 333, 328, 292, 241, 138, 300, 10, 384, 424, 453, 364, 152, 358, 364, 56, 348, 255, 421, 449, 500, 200, 459, 302, 182, 506, 435, 424, 119, 509, 15, 443, 552, 512, 422, 490, 275, 103, 255, 285, 385, 279, 36, 55, 302, 314, 358, 395, 335, 579, 539, 322, 320, 561, 579, 180, 423, 281, 400, 164, 225, 483, 422, 330, 504, 546, 452, 316, 313, 268, 71, 435, 507, 617, 205, 439, 424, 392, 175, 502, 232, 336, 435, 560, 273, 511, 509, 478, 504, 412, 159, 534, 596, 276, 289, 496, 394, 313, 486, 294, 199, 311, 291, 285, 592, 427, 298, 524, 541, 545, 368, 507, 458, 387, 354, 534, 537, 415, 287, 422, 439, 611, 358, 148, 411, 341, 293, 551, 354, 497, 454, 523, 464, 395, 209, 525, 345, 432, 484, 525, 613, 439, 476, 405, 394, 488, 287, 371, 481, 470, 443, 388, 420, 500, 533, 160, 539, 343, 508, 409, 490, 317, 455, 557, 630, 600, 516, 531, 367, 620, 460, 439, 205, 437, 405, 537, 328, 450, 637, 462, 612, 316, 422, 493, 414, 482, 534, 249, 589, 407, 470, 560, 506, 394, 439, 221, 420, 631, 467, 458, 282, 504, 522, 626, 635, 561, 622, 447, 635, 428, 638, 663, 370, 657]

Cluster Number:
 [1, 2, 3, 4, 5, 7, 8, 9, 10, 11, 13, 14, 15, 16, 18, 19, 20, 21, 22, 23, 25, 27, 28, 30, 31, 32, 33, 35, 36, 37, 38, 39, 40, 41, 42, 43, 46, 47, 48, 49, 50, 51, 52, 53, 54, 55, 57, 58, 59, 61, 62, 63, 65, 66, 67, 68, 69, 70, 71, 72, 73, 74, 75, 76, 77, 78, 79, 80, 81, 82, 83, 84, 85, 86, 87, 88, 89, 90, 91, 92, 93, 94, 95, 96, 97, 98, 99, 100, 101, 102, 103, 104, 105, 106, 107, 108, 109, 110, 111, 112, 113, 114, 115, 116, 117, 118, 119, 120, 121, 122, 123, 124, 125, 126, 127, 128, 129, 130, 131, 132, 133, 134, 135, 136, 137, 138, 139, 140, 141, 142, 143, 144, 145, 146, 147, 148, 149, 150, 151, 152, 153, 154, 155, 156, 157, 158, 159, 160, 161, 162, 163, 164, 165, 166, 167, 168, 169, 170, 171, 172, 173, 174, 175, 176, 177, 178, 179, 180, 181, 182, 183, 184, 185, 186, 187, 188, 189, 190, 191, 192, 193, 194, 195, 196, 197, 198, 199, 200, 201, 202, 203, 204, 205, 206, 207, 208, 209, 210, 211, 212, 213, 214, 215, 216, 217, 218, 219, 220, 221, 222, 223, 224, 225, 226, 227, 228, 229, 230, 231, 232, 233, 234, 235, 236, 237, 238, 239, 240, 241, 242, 243, 244, 245, 246, 247, 248, 249, 250, 251, 252, 253, 254, 255, 256, 257, 258, 259, 260, 261, 262, 263, 264, 265, 266, 267, 268, 269, 270, 271, 272, 273, 274, 275, 276, 277, 278, 279, 280, 281, 282, 283, 284, 285, 286, 287, 288, 289, 290, 291, 292, 293]

Odds Ratio:

1.2906946971228355
1.151189496777732
inf
1.3640998228056107
1.1596699830138315
nan
1.067623814541623
0.7537221269296742
0.8735401859795235
0.9801564068250251
1.004523656978663
nan
0.7579167101555162
1.1308455625436755
0.9317090843220721
1.2102831715210358
nan
1.119788791551662
0.9502230853690272
0.7318918918918919
0.976543023343658
1.1507674278552709
0.8075337543965809
nan
0.9088227356317511
nan
1.0554106116931397
1.0102944361630288
nan
1.0192736810512442
0.9930260215974501
1.1484977868306638
0.9118541033434653
nan
0.8488728759920153
0.8356552151688481
1.376019410932129
1.0297514546127198
1.2051964695741064
1.3148009950248758
0.6485527544351075
1.0738198553583167
1.2468058537773918
nan
nan
1.1500925191646842
0.7672617938961764
1.0220946576116228
0.9584674329501918
3.67965367965368
1.0970318638149281
1.0170840480274443
1.066479685247945
1.4837673860505995
1.0226075827867545
0.0
0.996617474206608
1.1762304921968783
1.171304683306495
nan
1.2076176250933532
1.4344328135558646
1.0183584747538237
nan
0.9690918597168598
0.8658564987608611
0.8243568846998793
0.9585509583772719
0.8283682942593573
1.0103043979107162
1.1021856495994424
1.0152082219449892
0.9182608695652176
1.2352168576985738
0.8839543790345891
0.8855905998763137
1.0918639765416431
1.087765084743176
0.8414469916257759
0.8712522686025409
0.9202319728635517
0.9395222757671122
0.9941355958389123
0.9276822762299941
0.6230890165889623
1.025389105058366
0.9522925764192139
0.97905868902439
1.228059123594125
1.1725889529777591
0.959543284769529
0.8829817458626325
1.1571657996239004
0.9847325839298312
1.286228777225176
1.51242816091954
1.1409633418584826
0.9042509624047832
0.9648326871786409
0.8390642857142855
0.9396781437125747
0.9337539432176655
0.9040409614912926
1.0542080869949721
0.8898981453329279
0.9528802072951966
0.8679430504791075
1.5449939975990397
0.9486617926503267
0.48313384113166485
0.9350299979357692
0.9859855886663415
0.8056351273148152
0.9314273237519104
1.439095031952175
0.7720655737704919
0.9624015964935907
0.9031704223978146
1.0187745483110764
1.8570664629488167
1.0288060945125577
1.7345533254624164
0.4987538304392237
0.8842335500334164
0.7130225524070251
0.8887396743541994
1.1392264805918861
0.9496114468977427
0.7643975939491394
0.918896148709813
0.9239680637746369
1.0238834702258726
0.6934778892877204
0.8729241397635181
0.9804463852498786
0.6807864424304108
0.7768783936618091
0.9455366161616159
1.0674685457229214
0.9336687631027252
0.693923845530651
0.9314273237519104
1.1080519480519477
1.1805276101050746
0.8112624702486455
1.0416060200279456
1.1280298949636414
1.1045375416035805
0.7643185040978683
1.8282278527562237
0.8582375478927203
1.049068499521976
0.9436967091818754
1.2792051793639805
0.9505474318465719
1.0848489999433397
1.0556883748263703
0.9902725020644094
0.8568217970608413
1.5089757563746864
0.8963673675115205
1.0027380339680907
0.8348728496634257
0.8869620945092644
0.8793215916503592
1.3589762650666382
0.9996223736084467
0.938358742706569
1.0461233036904078
0.9237735849056603
0.908681856013317
0.9433793596655299
0.907532949553098
0.8161794535258321
0.8601193892779244
0.9424578554866202
0.9743654247691883
0.9844416907613931
0.9274667665231231
0.877215991983377
1.1519020110087745
1.0403895054306047
0.9238256932654219
1.4189189189189195
1.1266898669993506
1.1664760277276296
0.9001464201105552
0.9254891962521514
1.2270437678957513
0.9411909691412799
0.8973821748440126
1.0621747323084287
1.322174201367451
0.9418017686072219
0.9310207759168961
1.0159534642630876
0.8149173711962767
0.8646372027630052
1.306014329711012
0.9683729544486727
0.9826716385172186
0.8849209658014794
1.051855053941285
1.2805005213764338
0.8779844942833057
1.1166639579608861
0.9424701910504852
1.0310412725377398
1.144913534067843
0.9935691318327977
0.8250209250001919
1.0951609402133469
0.9575569620253168
0.8544290318458678
1.02365003417635
0.9189012188466433
0.9938905180840661
0.9729972250708816
0.9576103896103897
1.8334821016343998
1.0693607450765548
1.169705882352941
0.9212939521800283
0.9633439086294416
1.1813832406951386
1.1476360331079312
0.9995348333365195
1.5155925155925156
1.0300060359136862
0.9660719627947458
1.105690612267221
0.8898466716529545
1.496
1.031761602270455
1.0652589285714287
1.024685089346743
1.173675669728808
0.8809625148207825
1.1682543367698592
1.0029748822605964
1.1117735122707588
0.972842444180024
0.7260718462273319
1.1937046004842615
1.1851578947368424
1.1364284085727314
0.8838669177652231
1.0459434441938384
0.9769259962049345
0.9409789531985598
0.8872693301937498
1.1572305271439813
1.0475589971023938
1.091897499740637
0.9237924674560956
1.1115440038426643
1.1959378733572281
1.076810944157882
0.7877795556878652
0.978298611111111
1.2242134216509022
1.0106668827047973
1.2001955954795713
1.0147336304147097
0.8742167701690386
1.2469569288389513
0.8193534836652473
1.3397511070659691
0.9901327826859742
0.826481879107294
0.9442196531791909
1.075807128615901
1.0384355409471047
1.064248399359025
0.925807336931662
1.101876332622601
0.7971096521017289
0.9655310707354279
1.083689653081029
0.9365127697636356
0.9232468377976193
0.8050935316655401
1.0004259850905213
0.9957755280589915
0.89007724301842
1.080085744908896
0.9457612684766521
1.0491863517060358
1.2767420052133005
1.012133823370447
0.8425651427679833
1.0922865935242174
1.7495794280221126
