Case Count:
 [607, 621, 771, 715, 748, 753, 754, 772, 726, 713, 579, 717, 618, 659, 676, 680, 792, 660, 629, 820, 519, 624, 700, 705, 621, 584, 562, 770, 752, 712, 653, 771, 636, 601, 765, 736, 746, 625, 655, 818, 703, 663, 846, 687, 704, 815, 627, 851, 705, 739, 679, 864, 662, 668, 651, 840, 889, 888, 804, 808, 856]

Control Count:
 [436, 454, 581, 520, 546, 563, 553, 581, 454, 529, 392, 502, 443, 502, 495, 493, 616, 483, 508, 592, 378, 407, 530, 523, 468, 399, 433, 585, 571, 559, 521, 566, 489, 505, 568, 539, 549, 467, 526, 611, 513, 478, 629, 523, 516, 609, 460, 628, 538, 559, 521, 594, 457, 449, 449, 613, 629, 628, 589, 611, 602]

Cluster Number:
 [1, 2, 3, 4, 5, 6, 7, 8, 9, 10, 11, 12, 13, 14, 15, 16, 17, 18, 19, 20, 21, 22, 23, 24, 25, 26, 27, 28, 29, 30, 31, 32, 33, 34, 35, 36, 37, 38, 39, 40, 41, 42, 43, 44, 45, 46, 47, 48, 49, 50, 51, 52, 53, 54, 55, 56, 57, 58, 59, 60, 61]

Odds Ratio:

1.0592840047865975
1.0081168831168834
0.8398875792500932
1.03446261682243
1.0217958836743368
0.8967180687873403
0.9972823559803666
0.846333468542048
1.7881773399014784
0.9484702093397746
1.2196137026239067
1.2059591821393671
1.0675821822853537
0.8703039693079538
1.0040004790992936
1.0414070073397035
0.6100104275286752
1.005795562123346
0.714022309711286
1.1309818993305234
1.014692218350755
1.3773391871752527
0.8708906649089556
0.9508160338705273
0.9176448551448553
1.196382259997821
0.8770695546563801
0.7947105305595874
0.8184669575628054
0.7160911106897603
0.7265848841414229
0.9914679966006175
0.8522791515735254
0.6385897126297997
0.9279993988320163
1.0046622511463366
0.980142733434859
0.9421137157669333
0.7044281313313536
0.844281269813185
1.0186823992133727
1.0585223519048665
0.8426456222345662
0.8576236904065864
1.000516795865633
0.8452164894996114
0.9974589691909009
0.9207700473624044
0.8365556956983535
0.8488654552302038
0.8340882917466411
1.9468531468531451
1.2152861439611862
1.3224449393714426
1.209979010110397
1.046978389574207
1.837360890302067
1.8278701258350165
1.0046587436332775
0.7650376702601079
1.5387976152550862
