Case Count:
 [392, 662, 457, 301, 236, 34, 0, 5, 512, 262, 117, 727, 198, 537, 593, 454, 0, 437, 187, 576, 536, 739, 759, 722, 602, 259, 769, 520, 634, 538, 650, 91, 343, 39, 225, 390, 312, 304, 58, 635, 610, 180, 563, 603, 733, 603, 612, 418, 515, 402, 200, 412, 672, 598, 648, 311, 38, 213, 539, 492, 98, 467, 58, 824, 490, 642, 593, 361, 700, 183, 283, 760, 445, 820, 65, 668, 760, 619, 758, 671, 112, 629, 612, 216, 204, 155, 45, 773, 715, 688, 618, 295, 400, 600, 353, 456, 365, 456, 28, 626, 71, 812, 595, 551, 375, 679, 408, 135, 108, 532, 77, 498, 754, 826, 310, 503, 714, 644, 592, 425, 642, 307, 432, 163, 736, 620, 417, 461, 847, 615, 688, 566, 489, 111, 553, 390, 381, 670, 668, 249, 476, 550, 530, 503, 424, 502, 535, 589, 471, 456, 279, 306, 185, 572, 603, 566, 677, 565, 408, 764, 531, 642, 557, 833, 690, 646, 672, 641, 342, 411, 646, 611, 611, 505, 622, 554, 632, 513, 711, 555, 152, 573, 474, 441, 396, 799, 633, 483, 487, 552, 768, 823, 617, 595, 504, 796, 503, 364, 646, 706, 565, 411, 655, 736, 756, 592, 679, 679, 559, 525, 729, 284, 454, 621, 689, 574, 702, 668, 503, 149, 710, 833, 645, 641, 420, 795, 694, 823, 610, 509, 824, 799, 479, 731, 435, 795, 780, 512, 820, 835, 712, 819, 359, 742, 783, 559, 771, 710, 621, 869, 757, 612, 569, 659, 576, 729, 858, 535, 445, 696, 751, 647, 596, 554, 863, 621, 753, 849, 711, 621, 624, 458, 793, 881, 809, 510, 884, 861, 549, 751, 830, 670, 602, 857, 880, 866, 855, 513, 892, 822, 881, 770, 880, 872, 823, 841, 892, 548, 898, 894, 847]

Control Count:
 [266, 507, 372, 217, 187, 24, 0, 2, 414, 170, 75, 547, 178, 288, 442, 333, 0, 328, 118, 450, 395, 552, 561, 521, 435, 190, 513, 383, 484, 370, 480, 65, 217, 30, 175, 261, 215, 235, 29, 426, 441, 167, 502, 448, 498, 440, 395, 314, 295, 248, 162, 289, 447, 419, 486, 216, 35, 170, 378, 375, 82, 327, 49, 592, 317, 470, 459, 326, 560, 149, 227, 547, 309, 578, 34, 495, 537, 356, 567, 497, 73, 428, 398, 161, 166, 90, 44, 571, 484, 505, 450, 203, 272, 448, 316, 338, 258, 337, 29, 481, 50, 590, 463, 423, 304, 507, 292, 101, 66, 373, 54, 420, 522, 562, 233, 428, 570, 490, 391, 323, 534, 249, 332, 101, 577, 393, 291, 345, 595, 461, 504, 425, 405, 86, 376, 274, 266, 498, 501, 173, 282, 450, 439, 362, 337, 385, 410, 386, 360, 307, 195, 240, 117, 392, 434, 376, 509, 450, 320, 516, 416, 475, 446, 615, 507, 469, 483, 447, 248, 310, 450, 487, 445, 388, 452, 419, 477, 399, 498, 390, 98, 430, 308, 332, 314, 599, 391, 356, 374, 352, 585, 567, 488, 463, 354, 562, 331, 246, 483, 458, 419, 368, 481, 471, 542, 473, 483, 505, 387, 372, 529, 188, 366, 443, 451, 458, 501, 487, 368, 109, 520, 608, 458, 516, 281, 598, 507, 591, 470, 353, 576, 568, 363, 547, 321, 594, 558, 454, 587, 606, 484, 576, 188, 503, 541, 372, 572, 485, 426, 632, 546, 466, 421, 427, 414, 522, 607, 379, 288, 502, 541, 461, 444, 348, 632, 498, 545, 633, 522, 462, 440, 402, 584, 643, 581, 416, 647, 623, 391, 516, 619, 492, 436, 644, 657, 634, 639, 390, 644, 571, 641, 537, 607, 646, 622, 615, 630, 449, 634, 652, 630]

Cluster Number:
 [1, 2, 3, 4, 5, 6, 8, 9, 10, 11, 12, 13, 14, 15, 16, 18, 19, 20, 21, 22, 23, 24, 25, 26, 27, 28, 29, 30, 31, 32, 33, 34, 35, 36, 37, 38, 39, 40, 41, 42, 43, 44, 45, 46, 47, 48, 49, 50, 51, 52, 53, 54, 55, 56, 57, 58, 59, 60, 61, 62, 63, 64, 65, 66, 67, 68, 69, 70, 71, 72, 73, 74, 75, 76, 77, 78, 79, 80, 81, 82, 83, 84, 85, 86, 87, 88, 89, 90, 91, 92, 93, 94, 95, 96, 97, 98, 99, 100, 101, 102, 103, 104, 105, 106, 107, 108, 109, 110, 111, 112, 113, 114, 115, 116, 117, 118, 119, 120, 121, 122, 123, 124, 125, 126, 127, 128, 129, 130, 131, 132, 133, 134, 135, 136, 137, 138, 139, 140, 141, 142, 143, 144, 145, 146, 147, 148, 149, 150, 151, 152, 153, 154, 155, 156, 157, 158, 159, 160, 161, 162, 163, 164, 165, 166, 167, 168, 169, 170, 171, 172, 173, 174, 175, 176, 177, 178, 179, 180, 181, 182, 183, 184, 185, 186, 187, 188, 189, 190, 191, 192, 193, 194, 195, 196, 197, 198, 199, 200, 201, 202, 203, 204, 205, 206, 207, 208, 209, 210, 211, 212, 213, 214, 215, 216, 217, 218, 219, 220, 221, 222, 223, 224, 225, 226, 227, 228, 229, 230, 231, 232, 233, 234, 235, 236, 237, 238, 239, 240, 241, 242, 243, 244, 245, 246, 247, 248, 249, 250, 251, 252, 253, 254, 255, 256, 257, 258, 259, 260, 261, 262, 263, 264, 265, 266, 267, 268, 269, 270, 271, 272, 273, 274, 275, 276, 277, 278, 279, 280, 281, 282, 283, 284, 285, 286, 287, 288, 289, 290, 291, 292, 293, 294, 295, 296, 297, 298, 299, 300, 301]

Odds Ratio:

1.138880721356464
0.8509186002703719
0.8042475396391472
1.0248613108691187
0.8996303755662046
1.039944134078212
nan
1.8371212121212122
0.791853473742745
1.1807214040038805
1.1642364532019707
0.8816587326008651
0.7654129328763123
1.8693399234693877
0.9543134561516912
0.9988430535798957
nan
0.9559104203846914
1.202441865777331
0.8376203966005665
0.9875092601539602
0.9089530892448513
0.9550173010380624
1.0711470880043026
1.041105135505642
0.9989709347996859
1.5739766081871354
0.9892305629855661
0.8747583695195407
1.1565493882629432
0.9755824372759855
1.0291169451073985
1.251568864912474
0.9508988764044942
0.9241071428571429
1.1643528884908196
1.0960159813048884
0.9231251063829787
1.497129735935706
1.2928763054517585
1.040667050519267
0.7396688598770416
0.5484999891145802
0.9620056419807188
1.3742623555446278
1.013127440044618
1.3978516950844548
0.9560746382140678
1.627691803815606
1.3318387708881683
0.8789310572575318
1.08092334669674
1.3688141435771553
1.1296930542436676
0.9252669039145907
1.0833558072635743
0.787173320506654
0.8942080184028919
1.1078347578347578
0.9187002288329523
0.8614657626720671
1.0942849199729936
0.8588767309449612
1.1797940797940805
1.28166251086855
1.0042404922529464
0.8536025521319638
0.692101226993865
0.6604803493449782
0.875865915756518
0.8761609907120745
1.1016518286944386
1.1068763540078634
1.340592362147233
1.4316108387799567
0.9617090444676651
1.2059105484116226
1.8228977890540057
0.891240446796002
0.9628624459937922
1.1417648932781141
1.239384735202492
1.3727628679675983
0.9784568745480994
0.8729538845035313
1.3150301464254954
0.7369652406417112
0.9545781130719834
1.359919286321156
0.9949303644057352
1.020064308681672
1.0956317695140714
1.1369954408984764
0.9484910985670865
0.7078773294655414
0.9783204273365276
1.0610465116279069
0.9840841650930672
0.6986872823299782
0.8590464036008587
1.0443123543123543
1.0704331450094162
0.8387760116915199
0.8890765131899881
0.8394392456773703
0.932118343195266
1.0432519128125577
0.9763822729880042
1.2257778762041855
1.106529534511517
1.0493609806990087
0.7180311567782565
1.3123809523809522
1.6980617074940412
0.9629264978124764
0.6979673994120487
0.6467074663402697
0.880802005012531
1.3029058869064332
0.9346282372598161
0.615785146615511
0.8563127106496727
0.9137233036774863
1.2219838171806736
0.6873501495137432
1.4703920551397018
1.0915351159793816
0.95934596804162
1.4929698708751782
0.9346891968443012
1.0025686623196999
0.9392059633770867
0.7573737373737376
0.9388326604878603
1.1930242756903577
1.0747802770743333
1.084703089841392
0.9505977578266734
0.9195402298850572
1.0752465147908874
1.4867314827861537
0.744942832014072
0.7322406243398928
1.0404962000363134
0.8570438052707345
0.9038717722558475
0.897517642689117
1.3239484913136241
0.9169759825327513
1.174456480569654
1.069775147928994
0.9025280898876403
1.1986490212296663
1.1812439261418852
1.0527056062876372
1.2647998358830086
0.9078180060498332
0.7967948717948717
0.8834452975047985
1.4806201550387599
0.8498924913026672
0.9701228681459746
0.7889423308741985
0.9311991869918694
0.9908147854720111
1.0318322571895693
1.0718998477414992
1.1651286353467565
1.0172418530527012
0.9495640802092418
1.171778563015312
0.7653971820799916
1.0189809907427039
0.8994176716592103
1.0264766077657028
0.9237740652346856
0.9100650106939415
0.871565934065934
1.1984912125566487
1.1072603866721513
1.1637643474378168
0.9395283511889206
1.2616098187526759
0.9499617321746
0.8683691638484243
0.8413766533966872
1.5861097670560587
0.9886569758653703
0.9044268879909019
1.3685194116228596
0.7827998088867656
1.56104622142358
0.7821103930222782
0.8387760116915199
1.0954336989032902
1.267278516576138
1.248528431414266
1.1392186488236564
0.9357592783618287
1.5414847161572052
0.9705866925437333
0.674852064797717
0.993975446530191
1.7002739183525288
1.1207047330588913
0.7724920169886011
1.113391304347826
0.9465663366336632
1.147747747747748
1.0794274992015331
1.0473345935727787
1.154642916048161
0.8226056945642798
1.0832136261030172
1.4640613451589057
0.7872685897041638
1.111081801155398
1.0195504574885725
1.0042802102469892
1.0024464831804283
1.0037759044608359
1.0418208607456132
1.105810627959899
0.7117046188630493
1.1745869718728372
0.8234538012279732
1.013521339544253
1.1823580116847052
0.8584672847328751
1.126075812761365
1.4305555555555558
1.2227383531960994
0.9324885215794305
0.9044189610917217
0.9875515532180559
0.8689507010402531
1.1539294219528033
0.6139088729016787
1.2046949971086067
1.0993785548767638
1.335491487984157
1.3572443181818181
1.651614408361329
1.4041526243607874
1.3878408831944908
1.254947689625109
0.9298818270337262
1.3101727627924495
1.2069004938723253
1.1229166666666661
1.0881995911065676
0.8907271767238462
0.9761150699392976
1.4518691994101836
1.0523463480724229
1.1102586206896556
1.4732347959254701
1.081995097973561
1.254627238292011
1.0651300377887596
1.091819144738209
1.0949062322118117
0.9553607661715772
1.4136551724137931
1.0137850019179142
0.7409051791581913
1.067639699749791
0.8047393364928905
0.9934356216387223
0.955747174903019
1.1205961251862888
0.6748740374560319
0.9684855962933114
1.0846941420425098
1.1603557085484795
0.7753694694327155
1.0323201099089818
1.1787838730998024
1.071543949387535
1.3491311732427493
0.8397382549240385
0.9937376400791038
1.0344948517240415
0.6838552449965491
0.6560432392134952
1.019027590005507
0.7594213932242107
0.9201368343195263
1.3850931677018627
1.4799417319999353
1.1453458138325547
1.2986191630652475
2.1894227213125785
0.8288523165498878
0.7364709094218289
1.025609756097561
1.9516087516087521
0.7431854982492445
2.147450900580037
1.1361086765994746
0.8361788617886178
