Case Count:
 [728, 731, 692, 718, 638, 544, 577, 652, 715, 670, 708, 553, 546, 578, 677, 738, 761, 538, 699, 598, 648, 723, 499, 481, 546, 611, 424, 576, 465, 561, 759, 630, 701, 705, 775, 482, 576, 413, 759, 611, 484, 811, 318, 581, 618, 414, 718, 672, 655, 604, 485, 525, 584, 595, 625, 422, 274, 545, 752, 761, 693, 558, 757, 645, 761, 639, 718, 699, 751, 641, 647, 746, 711, 797, 597, 546, 771, 784, 612, 463, 604, 687, 817, 692, 644, 772, 700, 618, 791, 486, 688, 754, 737, 725, 676, 661, 673, 634, 564, 669, 742, 606, 529, 522, 645, 493, 693, 707, 639, 593, 792, 583, 692, 575, 638, 685, 797, 419, 766, 724, 696, 808, 761, 701, 675, 510, 717, 453, 813, 544, 444, 531, 601, 699, 828, 602, 346, 672, 655, 527, 598, 677, 573, 829, 826, 694, 565, 475, 627, 533, 710, 843, 711, 672, 687, 801, 660, 275, 701, 479, 645, 660, 792, 734, 667, 507, 628, 760, 672, 604, 613, 702, 672, 734, 841, 826, 528, 646, 681, 642, 465, 660, 706, 813, 848, 661, 445, 796, 838, 686, 568, 729, 598, 865, 530, 792, 671, 588, 709, 595, 863, 681, 452, 532, 534, 629, 856, 766, 773, 836, 842, 856, 619, 841, 631, 690, 791, 825, 422, 591, 576, 653, 713, 668, 722, 864, 580, 806, 654, 588, 588, 692, 838, 683, 794, 555, 864, 797, 689, 877, 621, 559, 651, 710, 844, 643, 868, 867, 838, 837, 700, 616, 600, 631, 844, 848, 832, 827, 836, 818, 786, 889, 868, 767, 853, 845, 887, 718, 902, 885, 815, 905, 858]

Control Count:
 [549, 519, 522, 522, 463, 404, 413, 468, 505, 462, 498, 433, 422, 406, 488, 565, 570, 376, 478, 455, 471, 429, 344, 346, 424, 471, 300, 405, 356, 381, 544, 444, 565, 507, 546, 418, 428, 278, 523, 452, 351, 567, 245, 430, 448, 312, 502, 498, 481, 462, 373, 400, 450, 411, 485, 284, 188, 410, 536, 542, 465, 405, 544, 512, 548, 411, 487, 546, 536, 471, 470, 559, 534, 578, 472, 418, 536, 558, 426, 337, 452, 475, 614, 517, 465, 534, 545, 483, 591, 374, 491, 576, 567, 571, 482, 501, 495, 511, 484, 468, 486, 441, 387, 344, 515, 372, 562, 457, 443, 385, 553, 474, 522, 456, 459, 492, 590, 300, 513, 475, 485, 596, 513, 538, 519, 349, 500, 350, 584, 374, 305, 415, 470, 520, 605, 472, 253, 485, 483, 391, 469, 473, 422, 619, 610, 503, 404, 370, 459, 413, 519, 622, 506, 540, 510, 561, 472, 176, 520, 377, 482, 497, 576, 512, 476, 380, 451, 589, 468, 473, 481, 536, 478, 446, 573, 608, 406, 475, 507, 447, 332, 470, 455, 593, 619, 538, 285, 593, 635, 448, 417, 547, 401, 620, 403, 563, 530, 453, 521, 431, 608, 493, 351, 380, 373, 433, 615, 561, 585, 612, 604, 593, 460, 595, 461, 473, 596, 619, 296, 442, 425, 463, 542, 502, 543, 636, 396, 594, 474, 418, 437, 574, 609, 492, 605, 408, 634, 585, 521, 620, 450, 398, 485, 521, 605, 453, 649, 651, 618, 565, 547, 437, 462, 526, 652, 621, 616, 596, 618, 605, 621, 652, 626, 536, 640, 624, 628, 463, 638, 644, 572, 663, 646]

Cluster Number:
 [1, 2, 3, 4, 5, 6, 7, 8, 9, 10, 11, 12, 13, 14, 15, 16, 17, 18, 19, 20, 21, 22, 23, 24, 25, 26, 27, 28, 29, 30, 31, 32, 33, 34, 35, 36, 37, 38, 39, 40, 41, 42, 43, 44, 45, 46, 47, 48, 49, 50, 51, 52, 53, 54, 55, 56, 57, 58, 59, 60, 61, 62, 63, 64, 65, 66, 67, 68, 69, 70, 71, 72, 73, 74, 75, 76, 77, 78, 79, 80, 81, 82, 83, 84, 85, 86, 87, 88, 89, 90, 91, 92, 93, 94, 95, 96, 97, 98, 99, 100, 101, 102, 103, 104, 105, 106, 107, 108, 109, 110, 111, 112, 113, 114, 115, 116, 117, 118, 119, 120, 121, 122, 123, 124, 125, 126, 127, 128, 129, 130, 131, 132, 133, 134, 135, 136, 137, 138, 139, 140, 141, 142, 143, 144, 145, 146, 147, 148, 149, 150, 151, 152, 153, 154, 155, 156, 157, 158, 159, 160, 161, 162, 163, 164, 165, 166, 167, 168, 169, 170, 171, 172, 173, 174, 175, 176, 177, 178, 179, 180, 181, 182, 183, 184, 185, 186, 187, 188, 189, 190, 191, 192, 193, 194, 195, 196, 197, 198, 199, 200, 201, 202, 203, 204, 205, 206, 207, 208, 209, 210, 211, 212, 213, 214, 215, 216, 217, 218, 219, 220, 221, 222, 223, 224, 225, 226, 227, 228, 229, 230, 231, 232, 233, 234, 235, 236, 237, 238, 239, 240, 241, 242, 243, 244, 245, 246, 247, 248, 249, 250, 251, 252, 253, 254, 255, 256, 257, 258, 259, 260, 261, 262, 263, 264, 265, 266, 267, 268, 269, 270, 271, 272, 273]

Odds Ratio:

0.8708370714732347
1.1523909616395165
0.8893738784616134
1.036498338508471
1.0322934989943076
0.9688054519737691
1.0636968963240148
1.071276497269277
1.164430461737763
1.2262447976733688
1.177233822166494
0.8423664684782076
0.87494586267061
1.1153916326330122
1.0624918683320324
0.7932910160774682
0.8821115288220555
1.116137019099962
1.290676732763325
0.8973672852826933
1.0281750799011715
2.0616470907733038
1.1368510005408325
1.0395269921552437
0.8640942903591313
0.8566678684452989
1.0662970297029704
1.111992445703494
0.9148888512204574
1.200359465936323
1.124383650519031
1.1246949290427553
0.631237385499146
1.0801458157227386
1.244291422862851
0.6784517731179688
0.9645495221201451
1.1602741062963582
1.3488021594871218
0.9734443702343182
1.0225679439162587
1.3818491615101776
0.926203280002672
0.9745455760491848
1.0334893201653652
0.9507468259895444
1.2133645512735787
0.9608550935258544
0.993975446530191
0.8809590409590405
0.9019877786633818
0.9129022277227724
0.8689468599033817
1.1702871629004763
0.830846446011937
1.163527516181904
1.0969790482377786
0.9381034044715448
1.1493380554852857
1.1616917062027765
1.3640240568616735
1.0249775381850856
1.1083810704514363
0.7496492627640846
1.099376520681265
1.4475207651648627
1.355547553937931
0.751433349259436
1.1413613114204262
0.9923478414720454
1.0300060359136862
0.8896839594514011
0.8978198123904754
1.0759541784628286
0.7962336634674293
0.896960535685285
1.3200807670508223
1.1918427882832776
1.1556404674101393
1.0142000229238035
0.9415656909462214
1.2311613745106569
0.7959952303396928
0.9262133862187727
1.0496434634974532
1.3536105346024472
0.7627899523256279
0.8146032633660205
0.8728757448686822
0.90053234509482
1.1046978391123203
0.7854166666666663
0.7717702821869485
0.6846433844991588
1.1031440145638238
0.8861381714183568
0.9878314393939396
0.7149822548011545
0.6289369410166423
1.1710798816568047
1.59206443520169
1.0210399949453461
1.0046899224806205
1.2564567738986343
0.7320525092301381
0.9392386800828644
0.6217730261173776
1.5609833027776134
1.1837938818401188
1.3568954854669142
1.338102717757157
0.7358418087363725
0.8893738784616134
0.8014607493309546
1.060395750510972
1.0784436225509797
0.9312660503338471
1.0433921568627453
1.5389803752735627
1.531645699614891
1.2071678244325477
0.9523545399079263
1.483430799220273
0.8172161351333722
0.8295025260570752
1.1578940170004994
1.2243113207547165
0.9000180072028812
1.1641030940009445
1.159858323494687
1.128571911441609
0.8551552945450142
0.8225934094447328
0.940961538461538
1.0298338924801564
0.8151790804955169
1.0039932474118471
1.056697019535481
0.9799610101101695
0.9723123512870431
0.8166504551047095
1.1813819255679725
0.9878521220512272
0.8303392568659128
0.9334076078306549
1.04506577555941
1.0642544336851272
0.8794201690677459
1.0041553045059082
0.8734071954410936
1.0119566078074274
0.9298025873027748
1.1279780251658993
0.682749675745785
0.9518473505104519
1.338569518716578
1.0864154747652952
1.2065175840978593
0.9519315114709848
0.8583318597111701
0.9376643679504413
0.9083497266124626
1.0538321167883207
1.2424479166666664
1.0964061196997883
0.9516525318034423
1.0640068949768322
0.7024241267417449
1.1900628554325052
0.8172515856236786
0.8066001736887811
0.8365934643960811
1.1104635071553002
1.9833275842244447
1.8012851023322234
0.9628576903423607
0.8918590223947523
0.989964664310954
0.9424031303683906
1.1710123237378105
1.0534703469048607
1.1014790793324365
1.5725225447198545
1.0400651276385413
1.0486048784379425
0.6555720468290515
1.2775119617224882
0.8881563098302248
0.6670935363848747
1.4682355967078187
0.9961139121943441
0.8929250457038391
1.2614988209235218
1.329763104838709
0.9163106276858396
1.2116529022053386
0.7409755740821996
0.8678798236585035
0.9897051125458038
1.03331619822999
1.5699511562998407
1.0471438853628214
0.8908957336630293
1.0614609571788411
1.1163131638782364
1.2008622016936106
1.2584029401937853
1.0052163642925105
0.8131492439184742
1.0134935694707992
1.2338052827890695
1.7401187368615585
0.959319775596073
1.381321619556914
1.0104965860618147
1.2695604483091107
0.8174666861200267
0.7945507642599734
1.0826136787675251
0.9454670807786015
0.9828761873021165
1.1139856637555956
0.8465474238075718
0.91261009601441
0.8864333947206876
0.940493468795354
1.1960580012155946
0.959760203662643
1.0385730724971234
1.0849317375015783
0.9627894803948541
0.5442890956938503
1.0887240837979761
1.0665526472337896
0.7388307315580039
0.9929419628814092
0.9853918951710738
0.9908313908313906
0.8816378758797188
1.6593362282878423
1.0350000000000001
1.074269998641858
0.9463472520952311
0.9956266049658634
1.2473310646572684
1.1315704163386282
0.7016090328121449
0.6444180169466327
0.938760268857357
1.867872258560985
0.7488244733081594
1.0988660705799784
0.8644850590139342
0.6239633041569909
0.44164561530133556
1.0115107055525732
0.9050743071361622
1.1563199105145405
0.9163795803319768
0.9257389621025983
0.5310631397587922
0.9885352760736191
1.2501964070601779
1.2808066150727844
0.7190172697368423
0.91889880952381
1.7823400060661205
1.6022028190351407
2.251596424010215
1.1555971202710318
1.3623328425960006
1.0237556561085952
0.654733353682466
