Case Count:
 [597, 659, 718, 640, 422, 541, 461, 591, 687, 405, 590, 702, 687, 722, 567, 637, 625, 662, 553, 721, 582, 510, 421, 561, 563, 614, 741, 598, 781, 702, 617, 609, 280, 611, 488, 609, 423, 665, 526, 574, 587, 73, 662, 545, 586, 767, 718, 581, 485, 629, 678, 618, 700, 683, 757, 529, 471, 786, 625, 526, 695, 639, 583, 601, 555, 616, 808, 632, 740, 650, 391, 576, 674, 601, 520, 637, 697, 439, 674, 564, 681, 674, 581, 637, 640, 566, 803, 758, 605, 652, 714, 706, 651, 741, 619, 645, 776, 330, 419, 793, 743, 401, 813, 623, 606, 699, 778, 758, 546, 687, 583, 696, 475, 749, 849, 748, 516, 606, 683, 626, 508, 675, 551, 541, 611, 260, 781, 572, 779, 545, 718, 484, 748, 605, 659, 730, 741, 687, 542, 574, 547, 450, 563, 498, 601, 676, 501, 427, 664, 597, 849, 513, 598, 561, 704, 684, 800, 553, 675, 611, 339, 519, 575, 506, 657, 539, 369, 524, 616, 439, 729, 865, 863, 757, 665, 511, 605, 577, 376, 725, 628, 691, 533, 597, 707, 642, 729, 706, 707, 849, 428, 829, 826, 661, 806, 784, 575, 623, 687, 697, 621, 777, 842, 587, 691, 473, 677, 864, 787, 796, 613, 576, 736, 542, 531, 537, 548, 549, 870, 658, 551, 594, 873, 398, 545, 788, 857, 576, 641, 669, 862, 834, 522, 603, 809, 710, 425, 709, 595, 569, 548, 572, 777, 783, 607, 427, 694, 728, 508, 834, 568, 809, 850, 648, 500, 588, 588, 697, 681, 623, 701, 823, 840, 795, 802, 600, 636, 428, 677, 488, 837, 617, 650, 875, 592, 592, 649, 820, 484, 626, 857, 846, 711, 856, 705, 817, 612, 819, 765, 887, 798, 841, 845, 832, 778, 854, 610, 863, 592, 877, 899, 580, 894, 878, 859, 878, 904, 907, 906, 899, 887]

Control Count:
 [411, 474, 522, 455, 321, 386, 307, 422, 512, 321, 415, 502, 549, 521, 409, 493, 421, 504, 402, 556, 416, 369, 309, 434, 381, 437, 535, 424, 538, 480, 449, 377, 213, 444, 372, 459, 316, 516, 405, 444, 429, 54, 524, 416, 422, 551, 485, 432, 365, 399, 519, 484, 517, 498, 543, 377, 361, 545, 462, 369, 502, 496, 439, 420, 441, 479, 601, 489, 566, 460, 272, 416, 458, 429, 367, 517, 494, 333, 510, 484, 486, 386, 448, 475, 439, 430, 581, 558, 414, 544, 540, 519, 476, 528, 443, 473, 577, 270, 322, 565, 529, 285, 601, 471, 413, 538, 577, 564, 361, 489, 434, 553, 351, 558, 615, 563, 402, 474, 473, 446, 388, 513, 413, 427, 477, 205, 547, 423, 538, 403, 534, 377, 515, 439, 466, 509, 553, 518, 395, 403, 392, 315, 431, 379, 439, 497, 383, 305, 536, 412, 630, 366, 420, 446, 522, 512, 605, 437, 465, 407, 254, 390, 414, 343, 483, 396, 261, 432, 436, 319, 550, 619, 618, 576, 486, 371, 439, 439, 271, 522, 417, 495, 414, 435, 491, 447, 533, 455, 450, 625, 322, 598, 596, 538, 609, 579, 413, 422, 449, 455, 458, 590, 608, 415, 468, 330, 493, 609, 572, 596, 461, 425, 542, 424, 391, 423, 425, 387, 631, 487, 414, 434, 636, 274, 398, 572, 623, 422, 461, 527, 603, 595, 346, 445, 582, 485, 301, 511, 447, 421, 370, 456, 569, 581, 437, 258, 474, 565, 320, 616, 423, 596, 622, 460, 304, 418, 423, 497, 489, 465, 496, 609, 619, 555, 615, 446, 466, 320, 515, 349, 584, 506, 472, 625, 406, 398, 470, 606, 369, 456, 644, 586, 542, 613, 533, 602, 466, 607, 531, 645, 596, 586, 624, 606, 581, 605, 437, 620, 392, 632, 645, 494, 648, 639, 621, 638, 664, 665, 663, 660, 654]

Cluster Number:
 [1, 2, 3, 4, 5, 6, 7, 8, 9, 10, 11, 12, 13, 14, 15, 16, 17, 18, 19, 20, 21, 22, 23, 24, 25, 26, 27, 28, 29, 30, 31, 32, 33, 34, 35, 36, 37, 38, 39, 40, 41, 42, 43, 44, 45, 46, 47, 48, 49, 50, 51, 52, 53, 54, 55, 56, 57, 58, 59, 60, 61, 62, 63, 64, 65, 66, 67, 68, 69, 70, 71, 72, 73, 74, 75, 76, 77, 78, 79, 80, 81, 82, 83, 84, 85, 86, 87, 88, 89, 90, 91, 92, 93, 94, 95, 96, 97, 98, 99, 100, 101, 102, 103, 104, 105, 106, 107, 108, 109, 110, 111, 112, 113, 114, 115, 116, 117, 118, 119, 120, 121, 122, 123, 124, 125, 126, 127, 128, 129, 130, 131, 132, 133, 134, 135, 136, 137, 138, 139, 140, 141, 142, 143, 144, 145, 146, 147, 148, 149, 150, 151, 152, 153, 154, 155, 156, 157, 158, 159, 160, 161, 162, 163, 164, 165, 166, 167, 168, 169, 170, 171, 172, 173, 174, 175, 176, 177, 178, 179, 180, 181, 182, 183, 184, 185, 186, 187, 188, 189, 190, 191, 192, 193, 194, 195, 196, 197, 198, 199, 200, 201, 202, 203, 204, 205, 206, 207, 208, 209, 210, 211, 212, 213, 214, 215, 216, 217, 218, 219, 220, 221, 222, 223, 224, 225, 226, 227, 228, 229, 230, 231, 232, 233, 234, 235, 236, 237, 238, 239, 240, 241, 242, 243, 244, 245, 246, 247, 248, 249, 250, 251, 252, 253, 254, 255, 256, 257, 258, 259, 260, 261, 262, 263, 264, 265, 266, 267, 268, 269, 270, 271, 272, 273, 274, 275, 276, 277, 278, 279, 280, 281, 282, 283, 284, 285, 286, 287, 288, 289, 290, 291, 292, 293, 294, 295, 296, 297, 298, 299, 300, 301, 302, 303, 304, 305, 306, 307, 308, 309, 310, 311]

Odds Ratio:

1.1812945211502948
1.065893108298172
1.036498338508471
1.0999657781664707
0.9334734280816237
1.0656148175845308
1.200019488293104
1.073144227263804
0.93703996642562
0.8668045944210601
1.1155418132707824
1.102708110290117
0.682563338301043
1.0711470880043026
1.041645841494549
0.8318930784406349
1.2696899612451553
0.8707419297306938
1.020740711336932
0.7793044410625344
1.0684299490135227
1.0291635135921768
0.9977065973549426
0.8676054397916253
1.2112215481261563
1.088344048527115
1.0756213959037582
1.0950664082540047
1.4026298603436147
1.2949889867841406
1.0218148592313403
1.5346153846153845
0.9479372382213157
1.0256034336223017
0.9191719698632141
0.9204656862745096
0.9655963876519736
0.8054748062015503
0.8894770701222317
0.8630757518081463
1.0082198503251132
0.9901998961578403
0.7428738885553363
0.9041028145032054
1.0485540187639033
1.1170486881315682
1.375169785508379
0.9623044380587483
0.9456991237813157
1.4818546365914784
0.8431476406512678
0.808814541202732
0.9696519219886308
1.0202517386619647
1.1185275600668123
1.0664190981432364
0.9115871729426993
1.3716045422467444
0.9745599794941896
1.1035929714135853
1.0590543807675288
0.8218506674082315
0.928845115672772
1.138654181184669
0.8075957655789586
0.8299505759469609
0.8888766656124097
0.835512590113817
0.7955204068278271
1.1192925042854915
1.0928206319702605
1.0394421442580084
1.2869423752033566
1.076326112911479
1.0877863866811457
0.6920060411753796
1.1372591791148958
0.9362750505607648
0.886228373702422
0.6289369410166423
1.1017771804062124
2.0200142233059033
0.868309985632184
0.9460850757029563
1.2207675512922578
0.9101543981036583
1.0969046253039372
0.9771112368735455
1.2042628377169438
0.592774474410703
0.867131782945737
0.988206018818528
1.0085167160389337
1.1421361218568662
1.0727590475496982
0.9987195902688861
0.9141717923448983
0.8386199220923761
0.9159724759469005
1.1971369078604888
1.1477935646482507
1.0552631578947371
0.9329278788226519
0.9077473877024267
1.2174604007526288
0.8077986099886856
0.9286673476649027
0.919559537140724
1.2636786414297392
1.1146377325964607
0.958958205695107
0.691413980706098
0.9836590233066003
0.9172341696535244
1.1389024390243894
0.8661570316869968
0.8671171985110763
0.819336128855273
1.2209216383918597
1.0885909218724563
0.9112079731615937
0.8702859510982183
0.9458985100631586
0.829414037036143
0.8217238242158142
0.902402566626563
1.2927269133850485
0.9772533126725864
1.3803841387856255
0.9790503515301902
0.9367378454656796
0.8770363305814681
1.332060290725742
1.0293455946455183
1.1260928310284537
1.239596805244296
0.912315801623639
0.8933038705765977
1.0140450724495473
1.1153811204697164
1.0556883748263703
1.0915597971965403
0.8922571729235607
0.920703524355827
1.010070003889105
0.9892079751234683
0.9107757253361313
1.0486055776892433
0.6778372289495915
1.1740627558778804
0.8591071428571428
1.0613374842370744
1.122701769529564
0.8032450282706181
0.9530523627075352
0.9215242346938777
0.7790377346402715
0.8211938263790838
1.234442468884938
1.2935113501151236
0.9659215267583078
0.9445215759849904
1.047551789077213
1.178779921289691
0.9901808549506763
0.9946581196581198
1.0603448275862069
0.745747599451303
1.1059002843157373
1.016684793039473
0.8681727272727277
1.3537459612277865
1.332965578111211
0.8022953003875966
1.0106855592966704
1.021485961903042
1.0293455946455183
0.903616173120729
1.0286728545404804
1.0825163398692812
1.320872869810464
1.0909600203717853
0.8680464060898843
1.0169090153718323
1.23236270894112
1.1710123237378105
1.0121200750469046
1.5725225447198545
1.634804804804805
0.9508799999999993
0.9524553377716615
1.150618729096989
1.143708868182707
0.6555720468290515
0.7747206536104776
0.9525102733607295
1.0540211488214932
1.2495508471951176
1.4668409136925031
1.49225085259568
0.9817033403277946
0.7884366636931313
1.162016031457955
1.1001338688085676
1.3214016375781084
1.1032894736842107
1.0244695579381182
1.5715043577112537
1.0561287304245055
0.8535600746833524
0.9257530409950848
0.9828761873021165
0.9779936141330324
0.848898152211009
0.9895384852652004
0.8355405992184105
0.8663764088312493
1.0975520195838433
1.1684439549813317
0.9672291384104807
0.9400927842956829
1.0091340532361237
1.1030154986522904
1.113351753336907
1.0091800146566166
1.064970490502406
1.108123773854111
1.001463421183357
1.0621535309713184
0.7519048314114727
1.6642162322714795
1.2688898717381685
1.241780403630115
0.9809609154201423
1.1467783505154634
1.3101727627924495
1.0645731160681329
1.072140188578545
0.9325644013985452
0.9761150699392976
1.2089664467617227
0.790579389650597
1.0061973915456475
0.923066041072313
1.052546299586395
1.39458445288613
1.2896848909237817
0.7436093866948444
1.3612529691211404
0.9263499658236495
0.9596668041885225
0.9614793064876951
1.0205950588139523
1.1079065449481662
1.4453748006379583
1.0849317375015783
1.0517252137018778
1.1122597654894884
1.0781713833366313
0.9457305502846298
1.1467618138087152
0.9179291755739388
0.9453449746782603
1.3469140782573616
0.6777030919915498
0.9609224855861629
1.0014794416206478
0.9637475049900202
0.8659423640006166
1.0526739826780762
1.5111115247170934
0.6839401540488498
1.0316050057712172
1.4518518518518515
1.189867126631682
1.2490941353652536
1.0405699088145894
0.9310564083931328
0.9196309491184801
1.0194111516414799
0.6838552449965491
1.652411694559808
0.8364281119875422
1.300766497575365
0.8739279013669259
0.9572704081632654
0.8907271767238462
0.9076830912086263
1.31769326167838
1.1787375415282377
0.8687688918489674
1.5493135277691596
0.91889880952381
1.061549453914463
0.8868017006531329
1.4303911845730024
1.0676958171631887
1.2864858260019565
1.295100829649367
1.3076010223953267
1.6725581395348847
0.6290964351588694
1.3007936507936524
1.1315474546626174
1.185645272601795
1.160304874300819
0.925783132530118
0.991934381408063
1.0694471768640548
0.9534848484848504
0.8718872870249006
