Case Count:
 [0, 0, 0, 0, 0, 1, 0, 0, 0, 0, 0, 0, 0, 0, 0, 0, 0, 238, 0, 0, 0, 0, 0, 0, 1, 0, 0, 1, 0, 131, 0, 2, 1, 2, 12, 0, 0, 277, 5, 146, 0, 1, 0, 0, 0, 0, 0, 0, 143, 0, 0, 0, 0, 0, 0, 0, 0, 0, 103, 0, 0, 0, 1, 0, 0, 63, 0, 0, 1, 0, 0, 84, 0, 0, 2, 0, 1, 0, 0, 1, 0, 0, 3, 0, 0, 0, 0, 0, 219, 3, 0, 300, 0, 0, 0, 0, 0, 253, 58, 0, 177, 12, 0, 320, 10, 278, 0, 150, 16, 246, 17, 157, 1, 158, 158, 0, 137, 333, 55, 305, 0, 0, 0, 166, 154, 0, 0, 17, 88, 162, 317, 127, 168, 36, 159, 0, 127, 161, 70, 0, 266, 251, 1, 288, 28, 77, 313, 0, 146, 3, 186, 107, 0, 81, 102, 149, 0, 105, 159, 262, 0, 203, 149, 1, 74, 284, 313, 9, 54, 191, 131, 183, 32, 122, 388, 354, 66, 247, 88, 0, 323, 133, 91, 128, 285, 156, 30, 0, 54, 74, 287, 280, 168, 354, 0, 28, 78, 182, 0, 171, 325, 346, 176, 272, 284, 35, 187, 7, 3, 290, 9, 208, 209, 125, 8, 252, 161, 275, 293, 265, 255, 294, 212, 116]

Control Count:
 [3, 0, 2, 0, 0, 0, 0, 0, 0, 0, 0, 0, 0, 0, 0, 0, 1, 182, 0, 0, 0, 0, 0, 0, 0, 0, 0, 0, 0, 90, 0, 2, 0, 1, 12, 0, 0, 241, 1, 86, 0, 0, 0, 0, 1, 0, 0, 0, 100, 0, 0, 0, 0, 0, 0, 0, 0, 0, 92, 0, 0, 0, 0, 0, 0, 64, 0, 0, 0, 0, 0, 85, 0, 0, 0, 0, 1, 0, 0, 0, 0, 0, 0, 0, 0, 0, 0, 0, 121, 3, 0, 223, 0, 0, 0, 0, 0, 186, 70, 0, 144, 5, 0, 262, 9, 217, 0, 100, 11, 170, 24, 118, 2, 116, 101, 0, 88, 179, 38, 188, 3, 0, 1, 109, 104, 0, 0, 13, 41, 142, 192, 90, 142, 26, 108, 0, 124, 109, 76, 0, 214, 220, 0, 190, 21, 57, 195, 0, 121, 2, 110, 116, 2, 63, 66, 116, 0, 67, 119, 211, 2, 153, 142, 0, 60, 200, 216, 9, 58, 118, 86, 152, 28, 118, 258, 184, 63, 70, 52, 0, 231, 88, 53, 48, 245, 116, 18, 2, 30, 60, 197, 198, 131, 186, 2, 15, 50, 135, 2, 122, 227, 242, 113, 200, 197, 37, 135, 2, 2, 214, 6, 154, 154, 65, 6, 159, 102, 195, 225, 197, 182, 227, 123, 98]

Cluster Number:
 [6, 18, 25, 28, 30, 32, 33, 34, 35, 38, 39, 40, 42, 49, 59, 63, 66, 69, 72, 75, 77, 80, 83, 89, 90, 92, 98, 99, 101, 102, 104, 105, 106, 108, 109, 110, 111, 112, 113, 114, 115, 117, 118, 119, 120, 124, 125, 128, 129, 130, 131, 132, 133, 134, 135, 137, 138, 139, 141, 142, 143, 144, 145, 146, 147, 149, 150, 151, 152, 154, 155, 156, 158, 159, 160, 162, 163, 164, 165, 166, 167, 168, 169, 170, 171, 172, 173, 174, 175, 176, 177, 178, 179, 181, 182, 183, 184, 185, 186, 187, 189, 190, 191, 192, 193, 194, 196, 197, 198, 200, 201, 202, 203, 204, 205, 206, 207, 208, 209, 210, 211, 212, 213, 214, 215, 216, 217, 218, 219, 220, 221, 222, 223, 224]

Odds Ratio:

0.0
nan
0.0
nan
nan
inf
nan
nan
nan
nan
nan
nan
nan
nan
nan
nan
0.0
0.944339307580986
nan
nan
nan
nan
nan
nan
inf
nan
nan
inf
nan
1.0779866332497912
nan
0.732470334412082
inf
1.4670981661272922
0.7295528898582333
nan
nan
0.775653590611715
3.67965367965368
1.2900591048145176
nan
inf
nan
nan
0.0
nan
nan
nan
1.057035623409669
nan
nan
nan
nan
nan
nan
nan
nan
nan
0.7983340351615961
nan
nan
nan
inf
nan
nan
0.7013387702078524
nan
nan
inf
nan
nan
0.6970274973894884
nan
nan
inf
nan
0.7327586206896551
nan
nan
inf
nan
nan
inf
nan
nan
nan
nan
nan
1.4275404493074149
0.7321814254859611
nan
0.9795604097899008
nan
nan
nan
nan
nan
0.9960154609658332
0.5812366737739871
nan
0.8777426861702128
1.7692475463467832
nan
0.8403213878338911
0.8124773304316286
0.9131078029546886
nan
1.118741976893453
1.067410136413422
1.0826457669451386
0.5102796052631579
0.9703060507596383
0.36584051724137934
0.9981439241468762
1.1768180709121496
nan
1.1656479568411386
1.5669266244235311
1.0648259665181259
1.2817529323513368
0.0
nan
0.0
1.1417028388663772
1.1024565756823823
nan
nan
0.9578272604588395
1.6333633015283777
0.8017151146776353
1.3192146650326797
1.0398586866167914
0.8379633913864263
1.0155913515376003
1.0955627705627708
nan
0.7113164668972729
1.100105122324159
0.648704123521843
nan
0.8755303703077205
0.7757508715473316
inf
1.1610805484850972
0.97669256381798
0.989374845564616
1.2663836163836162
nan
0.8629661294238096
1.099892008639309
1.2994738774011991
0.6340192130212265
0.0
0.9369946091644205
1.149279982411784
0.9304266136162689
nan
1.1677655412259094
0.9752046273054676
0.8749653609214351
0.0
0.9649435531788473
0.7250902853015527
inf
0.8957894736842102
1.0589457364341082
1.0938627344877343
0.7304347826086957
0.6628965517241379
1.2348192549722108
1.1357609139126887
0.8537374770706928
0.8319796145883102
0.7212946044147608
1.1758586596741605
1.6629300567107754
0.750206919384208
3.1612274821952235
1.2657093204061098
nan
1.038318117526038
1.1259279351301963
1.2867113973071558
2.107365792759051
0.7875522879959435
0.9829593611990901
1.2291434927697442
0.0
1.3392
0.8957894736842102
1.0983126966807406
1.0524349815567073
0.926864009790252
1.638429172510519
0.0
1.3798002219755827
1.1567097532314923
0.9853934255540683
0.0
1.0336627881828797
1.076158940397351
1.0766057581900403
1.1748639659650484
0.9956773211567732
1.0817770432455827
0.6814196747082654
1.019287211740042
2.577548806941432
1.099892008639309
0.9903763181372763
1.1005434782608696
0.9872291370210926
0.9933531746031745
1.4734022196708763
0.9771986970684039
1.222039519522867
1.189989276960784
1.047988708539167
0.9336687631027252
0.9805210690477645
1.037312094433756
0.925984251968504
1.341361363404429
0.8488088962522278
