Case Count:
 [5, 11, 7, 2, 2, 1, 6, 0, 1, 2, 3, 0, 0, 0, 2, 16, 4, 15, 14, 0, 11, 0, 0, 1, 1, 0, 4, 1, 0, 10, 4, 6, 18, 2, 24, 0, 1, 2, 0, 1, 0, 0, 4, 2, 18, 6, 3, 2, 14, 27, 2, 1, 5, 15, 8, 2, 27, 8, 3, 0, 14, 0, 0, 0, 3, 0, 20, 558, 15, 34, 0, 0, 18, 9, 70, 0, 1, 10, 5, 5, 3, 3, 7, 3, 442, 0, 7, 30, 22, 3, 0, 25, 0, 7, 0, 28, 7, 1, 5, 23, 0, 79, 290, 518, 504, 468, 515, 419, 373, 449, 495, 420, 435, 269, 189, 415, 414, 334, 245, 436, 443, 417, 525, 567, 308, 566, 423, 477, 585, 482, 562, 545, 443, 449, 231, 326, 410, 324, 435, 301, 288, 504, 231, 447, 496, 475, 523, 184, 245, 192, 321, 556, 346, 490, 405, 439, 463, 472, 470, 436, 534, 464]

Control Count:
 [5, 3, 9, 1, 3, 1, 3, 0, 1, 0, 3, 0, 0, 0, 1, 15, 1, 8, 13, 0, 13, 0, 0, 1, 5, 0, 4, 1, 4, 4, 3, 3, 12, 0, 14, 1, 0, 1, 0, 0, 0, 0, 8, 5, 14, 1, 5, 7, 22, 17, 1, 2, 0, 8, 4, 2, 28, 9, 2, 0, 12, 1, 0, 1, 3, 0, 15, 425, 12, 28, 4, 0, 16, 4, 48, 0, 2, 5, 4, 3, 5, 2, 5, 1, 299, 0, 5, 9, 15, 1, 1, 22, 0, 0, 1, 13, 2, 0, 6, 16, 0, 67, 218, 359, 347, 358, 365, 281, 257, 323, 356, 334, 326, 194, 148, 296, 282, 281, 158, 316, 294, 290, 384, 421, 217, 401, 342, 372, 442, 361, 383, 383, 318, 306, 149, 231, 289, 255, 326, 248, 200, 381, 177, 317, 387, 339, 383, 132, 226, 101, 213, 391, 273, 416, 295, 320, 328, 337, 349, 292, 378, 350]

Cluster Number:
 [1, 2, 3, 4, 5, 6, 7, 9, 10, 11, 15, 16, 17, 18, 19, 21, 24, 25, 27, 28, 30, 31, 32, 33, 34, 35, 37, 38, 40, 43, 44, 45, 46, 47, 48, 49, 50, 51, 52, 53, 54, 55, 56, 57, 58, 59, 61, 65, 67, 68, 69, 70, 73, 74, 75, 77, 78, 79, 80, 81, 82, 83, 84, 85, 87, 88, 89, 90, 92, 94, 96, 97, 98, 99, 100, 102, 103, 104, 105, 106, 107, 108, 109, 110, 111, 112, 113, 114, 115, 116, 117, 118, 119, 120, 121, 122, 123, 124, 125, 126, 127, 128, 129, 130, 131, 132, 133, 134, 135, 136, 137, 138, 139, 140, 141, 142, 143, 144, 145, 146, 147, 148, 149, 150, 151, 152, 153, 154, 155, 156, 157, 158, 159, 160, 161, 162]

Odds Ratio:

0.7316017316017318
2.7080610021786486
0.5668835864063629
1.4670981661272922
0.48759439050701175
0.7327586206896551
1.4691224268689056
nan
0.7327586206896551
inf
0.7321814254859611
nan
nan
nan
1.4670981661272922
0.7780941949616648
2.9405405405405403
1.3806072210065647
0.7862126944094157
nan
0.6157197921903804
nan
nan
0.7327586206896551
0.14568965517241378
nan
0.7318918918918919
0.7327586206896551
0.0
1.8416757344940156
0.9772972972972971
1.4691224268689056
1.1015367727771679
inf
1.2634569850039463
0.0
inf
1.4670981661272922
nan
inf
nan
nan
0.3637837837837838
0.2916936353829558
0.9413517327897131
4.420368364030336
0.438012958963283
0.20773616890121746
0.45832091405861886
1.1691665579757402
1.4670981661272922
0.36584051724137934
inf
1.3806072210065647
1.4701411509229096
0.732470334412082
0.6980915426037377
0.6485703944987333
1.099892008639309
nan
0.8530054644808742
0.0
nan
0.0
0.7321814254859611
nan
0.976897689768977
0.9059648010147456
0.9149343544857766
0.8859537110933757
0.0
nan
0.8212129527991219
1.6557065217391307
1.07465075669383
nan
0.36584051724137934
1.471164309031556
0.9158549783549784
1.222943722943723
0.438012958963283
1.099892008639309
1.0264642082429503
2.203023758099352
1.159539326845817
nan
1.0264642082429503
2.4916573971078972
1.0769570011025358
2.203023758099352
0.0
0.8283889782783589
nan
inf
0.0
1.5968581917527533
2.577548806941432
inf
0.6087662337662338
1.0551186534216335
nan
0.851729587357331
0.9638770441199696
1.1304448013880135
1.1414544838108156
0.9159345120517701
1.076963801204421
1.1694927081152748
1.1067939422780841
1.0367776057791536
1.0412351783772589
0.8572638612754845
0.9588994312113459
1.0231412058731648
0.9198046018991964
1.050156430749816
1.137409626110308
0.7990669577439518
1.1856447553482863
1.0215164197499162
1.199861426051902
1.098107489224138
1.0050858601485149
0.9673101402868726
1.060516336813672
1.0887382095724876
0.828635323486582
0.8765879246360261
0.9195451436388509
0.9558335967081247
1.1914827014605756
1.1042890557006093
1.0405116856898826
1.1463439542483662
1.1816311224784137
1.0531756800413516
1.0715309585241781
0.8946621293145356
0.9588994312113459
0.8368412266283132
1.0805616224648982
0.9337656322371468
0.9423534553931329
1.0648847467832505
0.8702221744812647
1.055514404896495
1.0022894185134212
1.0272117144600366
0.7211289654815505
1.496030200034929
1.1600259451445514
1.1055724306274555
0.8869620945092644
0.7110237427720345
1.0113209988355543
1.0107079081632655
1.0692910603998744
1.0542760488023426
0.9740871834247868
1.1781655505849007
1.0836648583484025
0.9436804915514592
