Case Count:
 [627, 685, 619, 251, 66, 695, 517, 746, 649, 635, 690, 732, 763, 607, 625, 685, 623, 597, 489, 422, 605, 294, 561, 619, 779, 812, 513, 774, 563, 636, 555, 778, 766, 554, 721, 676, 682, 367, 428, 714, 580, 448, 271, 659, 646, 587, 497, 39, 558, 578, 602, 661, 743, 790, 761, 569, 581, 683, 757, 376, 719, 804, 541, 517, 453, 606, 547, 725, 732, 499, 517, 671, 609, 470, 744, 209, 620, 735, 726, 551, 741, 308, 439, 541, 625, 564, 763, 737, 765, 385, 564, 728, 701, 752, 225, 504, 646, 520, 602, 833, 559, 625, 733, 499, 834, 629, 675, 596, 701, 660, 698, 366, 477, 643, 468, 393, 586, 586, 552, 515, 606, 742, 834, 434, 500, 444, 318, 577, 564, 573, 619, 354, 433, 437, 770, 690, 815, 545, 756, 517, 438, 711, 732, 728, 813, 667, 338, 579, 699, 655, 680, 781, 628, 530, 533, 514, 616, 365, 710, 863, 603, 611, 634, 781, 684, 357, 672, 646, 626, 853, 651, 596, 572, 643, 702, 776, 805, 553, 716, 573, 581, 835, 850, 606, 615, 440, 251, 864, 858, 712, 772, 643, 540, 735, 618, 775, 538, 760, 864, 549, 865, 615, 865, 857, 837, 720, 669, 806, 832, 853, 776, 485, 647, 584, 710, 423, 739, 850, 556, 764, 777, 781, 799, 681, 739, 697, 547, 633, 510, 661, 576, 666, 843, 703, 659, 701, 825, 707, 640, 802, 736, 875, 877, 796, 865, 833, 596, 757, 845, 886, 891, 629, 847, 847, 763, 707, 867, 822, 877, 887, 895, 884, 821, 891, 897, 906, 893]

Control Count:
 [459, 499, 473, 190, 37, 477, 339, 574, 485, 453, 554, 577, 570, 437, 421, 526, 455, 433, 338, 291, 423, 229, 396, 449, 589, 552, 450, 548, 417, 520, 469, 538, 521, 399, 523, 426, 492, 296, 299, 500, 421, 350, 217, 503, 452, 429, 379, 29, 471, 396, 406, 496, 542, 586, 548, 419, 427, 488, 547, 296, 541, 579, 425, 396, 339, 466, 423, 502, 507, 341, 382, 485, 454, 348, 543, 144, 373, 501, 550, 414, 559, 220, 366, 383, 433, 468, 505, 510, 562, 270, 419, 501, 547, 548, 150, 412, 499, 456, 445, 611, 428, 525, 541, 384, 604, 462, 501, 404, 538, 481, 536, 279, 378, 493, 349, 288, 388, 424, 413, 405, 471, 529, 623, 329, 402, 349, 250, 427, 432, 391, 450, 241, 309, 325, 563, 513, 600, 425, 530, 393, 336, 519, 535, 525, 598, 534, 224, 388, 518, 489, 526, 560, 427, 377, 365, 424, 436, 261, 533, 618, 434, 431, 446, 582, 518, 256, 478, 387, 472, 618, 493, 435, 437, 474, 451, 556, 577, 442, 518, 399, 395, 643, 606, 384, 451, 292, 177, 609, 612, 449, 569, 490, 410, 542, 415, 548, 350, 562, 614, 387, 629, 463, 633, 615, 612, 548, 527, 576, 587, 602, 606, 379, 494, 409, 485, 300, 540, 615, 408, 536, 569, 581, 617, 556, 491, 492, 368, 397, 360, 467, 408, 494, 615, 496, 501, 566, 642, 499, 460, 583, 523, 625, 640, 565, 641, 578, 483, 537, 624, 643, 641, 450, 641, 578, 526, 522, 631, 610, 632, 659, 652, 644, 598, 649, 648, 663, 658]

Cluster Number:
 [1, 2, 3, 4, 5, 6, 7, 8, 9, 10, 11, 12, 13, 14, 15, 16, 17, 18, 19, 20, 21, 22, 23, 24, 25, 26, 27, 28, 29, 30, 31, 32, 33, 34, 35, 36, 37, 38, 39, 40, 41, 42, 43, 44, 45, 46, 47, 48, 49, 50, 51, 52, 53, 54, 55, 56, 57, 58, 59, 60, 61, 62, 63, 64, 65, 66, 67, 68, 69, 70, 71, 72, 73, 74, 75, 76, 77, 78, 79, 80, 81, 82, 83, 84, 85, 86, 87, 88, 89, 90, 91, 92, 93, 94, 95, 96, 97, 98, 99, 100, 101, 102, 103, 104, 105, 106, 107, 108, 109, 110, 111, 112, 113, 114, 115, 116, 117, 118, 119, 120, 121, 122, 123, 124, 125, 126, 127, 128, 129, 130, 131, 132, 133, 134, 135, 136, 137, 138, 139, 140, 141, 142, 143, 144, 145, 146, 147, 148, 149, 150, 151, 152, 153, 154, 155, 156, 157, 158, 159, 160, 161, 162, 163, 164, 165, 166, 167, 168, 169, 170, 171, 172, 173, 174, 175, 176, 177, 178, 179, 180, 181, 182, 183, 184, 185, 186, 187, 188, 189, 190, 191, 192, 193, 194, 195, 196, 197, 198, 199, 200, 201, 202, 203, 204, 205, 206, 207, 208, 209, 210, 211, 212, 213, 214, 215, 216, 217, 218, 219, 220, 221, 222, 223, 224, 225, 226, 227, 228, 229, 230, 231, 232, 233, 234, 235, 236, 237, 238, 239, 240, 241, 242, 243, 244, 245, 246, 247, 248, 249, 250, 251, 252, 253, 254, 255, 256, 257, 258, 259, 260, 261, 262, 263, 264, 265, 266, 267]

Odds Ratio:

1.0041553045059082
1.0239331121258908
0.8780740639705384
0.9566915075298866
1.3311202279916068
1.2702252324893837
1.2659592748517914
0.75990556158489
0.9367010309278351
1.0870838401585803
0.661828013836231
0.6697340523801564
0.895085605580216
1.052546299586395
1.2696899612451553
0.8272689023250015
1.0112619406737053
1.0299117949859486
1.1278039268423885
1.1155167856198787
1.1389107783906833
0.9138534539077812
1.0971467391304348
1.0317407859760042
0.811182795698925
1.6218877740616868
0.633028846153846
1.2119378384742165
0.9738569799897788
0.6720661590968757
0.6707866321562546
1.3694822619956173
1.443189713034161
1.0441303258145362
1.0471944403588764
1.59939876412626
1.060679371975906
0.8493736173896316
1.0914358573822251
1.2021767441860465
1.0263460583002675
0.8808316008316008
0.8806465619878701
0.863721375450998
1.1564933237437065
1.0082198503251132
0.9167277435747092
0.9851995350639287
0.6705924768657612
1.185142018475352
1.2469682589897717
0.9199340996629752
1.0244514541919614
0.9213789378053865
1.099376520681265
0.9883187483426145
0.9931222913133599
1.098052445688391
1.0781641936992472
0.8843653780362641
0.8860135551447936
1.1330984455958557
0.839878714372347
0.9031148867313915
0.960102625120845
0.8656107575173733
0.8733801195648138
1.2672349816420596
1.2752230198540235
1.1570619927709198
0.982202765211203
1.0510349236793737
0.9515625000000001
0.9798287130944334
1.0220695833955504
1.0824942129629629
1.656819108600779
1.3611951355021907
0.8518226600985225
0.9400927842956829
0.8602177140029684
1.039291465378422
0.7710772833723655
1.0848833140426906
1.177525221830558
0.7032665964172814
1.6019086245973997
1.28704044117647
0.9877072302751501
1.077308006535948
0.9662144048125022
1.301278040933059
0.753183232303794
1.0311353045486413
1.1313920454545456
0.774277555682467
0.8325626518053774
0.6273323896538412
0.9763392090162529
0.9941012002182216
0.8930727456428392
0.6109022556390976
0.9677845260100348
0.8975472383720928
1.1191704426629485
0.9938744588744586
0.9547833466924418
1.2271578509202277
0.8172161351333722
1.0201794588411683
0.8174226271241194
0.9366871025038673
0.8459228824273072
0.85734549426233
0.9657341396863679
1.000524720149254
1.2901475759670584
1.035549260135321
0.9501287724548972
0.8477366255144033
0.836504900317485
1.1401190825187264
0.817301681169215
0.9380614657210401
0.808892599937376
0.8708711192508789
0.8972700490998363
0.9750771769214392
0.8906392694063927
1.1937843041466705
1.025010752688172
1.1240122677250588
1.0509708737864076
0.9729330831769857
1.015002736910308
0.9454598840196728
0.9651315789473687
0.8549019607843141
1.245021267313774
0.9195879344845473
0.9159514111143439
1.0180304396245425
1.014013947530718
1.076218905472637
0.9727684234805667
0.700810532635732
1.1668026347594875
1.2492415316642123
0.9563286889373842
0.9386055259504724
0.804739872035671
1.1402147683397688
1.2410777502003467
1.0711127952507262
1.1652691296526914
0.7507274380541032
1.1059002843157373
1.041411918154398
0.9002201718539843
1.332965578111211
1.0527056062876372
1.1144916750572749
1.1324010032682224
0.8976386179994429
0.8785123315735558
1.0361464707167833
1.1104635071553002
1.7341331799380941
0.9148207193600717
1.1441619826264697
0.892991083806383
1.0121569845707779
0.8946150542596901
0.9818314596795609
1.577112046651103
1.1402642591808902
1.1701235534186842
0.7952669201886972
1.0577700436855362
1.137577088789389
1.2088316601193079
0.5249660831871875
1.3316205038225333
1.4510932662538696
0.9988419224088012
1.1987001708827072
1.0541472926353679
1.5715043577112537
1.3624689312344662
1.6953598883335217
0.9678842085231654
0.8763593549307831
0.9175496896357138
0.9716304637273175
1.2736838027350565
1.221383543463835
1.3012641578370476
0.9522205142243468
1.4504635429716848
1.0975520195838433
1.1173489666136722
0.9221911928574379
1.0248815165876768
1.277371273712737
1.0257352941176472
0.8360982083609818
0.7519048314114727
1.1945291327913283
1.3735401043221684
1.472875502710264
0.6277098298065098
0.870415270151418
0.8685000143566773
1.1257432408490133
1.3101727627924495
1.061679841897233
1.0155847953216377
1.154677369558505
0.9973978867686485
1.2526006331976482
1.0061973915456475
0.908266269712053
0.6375264929559901
0.6173488628452075
1.5050916496945004
1.1540948275862069
1.2179248235829732
1.5298182313295665
1.0853221957040575
1.1302214835884814
1.0918180303282787
0.9585905389387479
1.0519568916619402
1.160210890665144
0.8769128409846972
0.6246900378153863
0.48189252336448624
1.161548321868963
1.0639386189258313
1.0615199686660095
1.152062136537909
1.4518518518518515
1.080438701923078
1.2287710426508747
0.8434087363494536
1.54626225490196
0.7337026467461253
1.1802000779524486
0.91889880952381
1.2176932257947835
1.4631743164463422
1.0762888888888886
0.6445721243483884
1.8406827580386513
1.354448211095332
0.9700476338407376
1.1080721844486474
0.894162708748277
1.3076010223953267
0.705036491075945
1.1708318296643816
1.1286404416839184
1.0551065279326146
1.1561106155218561
1.4275173611111138
1.0694471768640548
0.8670634920634933
