Case Count:
 [758, 683, 699, 760, 744, 568, 704, 715, 739, 463, 592, 677, 673, 607, 637, 555, 658, 540, 572, 731, 613, 420, 689, 615, 611, 670, 558, 577, 793, 519, 432, 524, 525, 795, 781, 621, 318, 615, 704, 752, 459, 425, 497, 586, 322, 780, 558, 797, 545, 649, 709, 808, 718, 669, 724, 759, 630, 605, 778, 792, 519, 763, 823, 784, 541, 718, 727, 819, 689, 586, 723, 568, 772, 768, 448, 791, 574, 781, 700, 791, 698, 813, 650, 506, 508, 576, 627, 667, 637, 583, 828, 557, 602, 524, 750, 717, 580, 723, 792, 692, 750, 718, 313, 764, 628, 568, 628, 557, 791, 572, 468, 814, 761, 597, 701, 576, 592, 737, 573, 758, 736, 710, 471, 454, 799, 589, 737, 481, 571, 603, 598, 639, 786, 629, 738, 647, 617, 646, 540, 746, 624, 677, 568, 801, 775, 570, 695, 575, 508, 539, 686, 587, 427, 746, 560, 557, 818, 421, 613, 689, 630, 615, 475, 620, 536, 658, 706, 641, 599, 599, 758, 665, 680, 670, 725, 480, 672, 635, 653, 592, 558, 675, 474, 768, 850, 564, 826, 676, 638, 619, 541, 664, 779, 624, 706, 603, 536, 827, 845, 638, 849, 661, 598, 709, 601, 452, 573, 655, 874, 849, 813, 706, 595, 793, 761, 588, 703, 698, 433, 709, 836, 767, 432, 597, 697, 756, 738, 670, 615, 818, 862, 492, 422, 764, 576, 593, 691, 634, 829, 707, 876, 819, 663, 580, 712, 838, 845, 683, 741, 769, 779, 623, 666, 600, 559, 690, 614, 750, 707, 649, 611, 844, 631, 867, 845, 796, 745, 880, 757, 860, 588, 631, 730, 838, 842, 848, 832, 881, 783, 814, 857, 626, 889, 765, 846, 886, 899, 870, 558, 900, 907, 908]

Control Count:
 [561, 485, 522, 561, 533, 414, 497, 505, 534, 365, 423, 488, 482, 436, 488, 400, 461, 389, 432, 551, 479, 296, 489, 440, 439, 490, 467, 435, 560, 453, 292, 390, 400, 569, 540, 422, 245, 462, 522, 565, 357, 321, 375, 435, 234, 566, 422, 562, 392, 516, 515, 570, 485, 535, 532, 570, 419, 477, 580, 578, 377, 547, 594, 559, 380, 509, 505, 614, 518, 418, 534, 421, 606, 603, 360, 591, 428, 594, 523, 604, 533, 614, 460, 368, 367, 416, 497, 494, 440, 386, 610, 482, 436, 345, 582, 542, 434, 563, 553, 522, 533, 506, 225, 511, 475, 423, 460, 488, 567, 427, 346, 606, 513, 405, 538, 437, 407, 522, 439, 543, 545, 529, 390, 351, 571, 413, 554, 358, 453, 466, 438, 470, 542, 468, 512, 524, 439, 485, 401, 543, 467, 473, 398, 592, 565, 418, 504, 436, 378, 353, 508, 428, 305, 530, 389, 372, 601, 292, 427, 513, 468, 460, 376, 469, 402, 504, 477, 440, 441, 444, 576, 520, 496, 490, 505, 363, 468, 494, 470, 438, 410, 428, 371, 558, 626, 415, 608, 511, 448, 422, 372, 424, 564, 487, 458, 456, 366, 610, 620, 514, 617, 538, 472, 516, 473, 335, 377, 448, 622, 591, 586, 516, 450, 557, 558, 453, 521, 456, 337, 519, 612, 570, 341, 400, 503, 571, 519, 440, 449, 588, 623, 379, 296, 533, 432, 436, 484, 502, 641, 555, 630, 600, 482, 403, 510, 608, 646, 492, 543, 585, 573, 465, 494, 422, 396, 526, 444, 559, 499, 484, 407, 605, 464, 647, 581, 611, 490, 639, 539, 639, 386, 526, 533, 610, 652, 621, 611, 652, 555, 554, 645, 446, 652, 530, 625, 634, 645, 636, 454, 664, 665, 665]

Cluster Number:
 [1, 2, 3, 4, 5, 6, 7, 8, 9, 10, 11, 12, 13, 14, 15, 16, 17, 18, 19, 20, 21, 22, 23, 24, 25, 26, 27, 28, 29, 30, 31, 32, 33, 34, 35, 36, 37, 38, 39, 40, 41, 42, 43, 44, 45, 46, 47, 48, 49, 50, 51, 52, 53, 54, 55, 56, 57, 58, 59, 60, 61, 62, 63, 64, 65, 66, 67, 68, 69, 70, 71, 72, 73, 74, 75, 76, 77, 78, 79, 80, 81, 82, 83, 84, 85, 86, 87, 88, 89, 90, 91, 92, 93, 94, 95, 96, 97, 98, 99, 100, 101, 102, 103, 104, 105, 106, 107, 108, 109, 110, 111, 112, 113, 114, 115, 116, 117, 118, 119, 120, 121, 122, 123, 124, 125, 126, 127, 128, 129, 130, 131, 132, 133, 134, 135, 136, 137, 138, 139, 140, 141, 142, 143, 144, 145, 146, 147, 148, 149, 150, 151, 152, 153, 154, 155, 156, 157, 158, 159, 160, 161, 162, 163, 164, 165, 166, 167, 168, 169, 170, 171, 172, 173, 174, 175, 176, 177, 178, 179, 180, 181, 182, 183, 184, 185, 186, 187, 188, 189, 190, 191, 192, 193, 194, 195, 196, 197, 198, 199, 200, 201, 202, 203, 204, 205, 206, 207, 208, 209, 210, 211, 212, 213, 214, 215, 216, 217, 218, 219, 220, 221, 222, 223, 224, 225, 226, 227, 228, 229, 230, 231, 232, 233, 234, 235, 236, 237, 238, 239, 240, 241, 242, 243, 244, 245, 246, 247, 248, 249, 250, 251, 252, 253, 254, 255, 256, 257, 258, 259, 260, 261, 262, 263, 264, 265, 266, 267, 268, 269, 270, 271, 272, 273, 274, 275, 276, 277, 278, 279, 280, 281, 282, 283, 284, 285, 286, 287, 288, 289, 290, 291, 292]

Odds Ratio:

0.9481815054570474
1.122018271729109
0.925712143928036
0.961933993608202
1.1166979362101315
1.0147336304147097
1.15838139950816
1.164430461737763
1.0706978119455943
0.8601799047563056
1.071448113306816
1.0624918683320324
1.08537830653527
1.0592840047865975
0.8627680777004267
1.042479946524064
1.158719613226501
1.0420232485907441
0.923513849984438
0.8710517149718606
0.8180677043418513
1.0732490840545852
1.12719836400818
1.0727779386218876
1.0591682067592154
1.0083523756993142
0.6892189060182273
0.9269984326018811
1.2598870798319328
0.6371183976740431
1.1579614674347452
0.9653941120607787
0.9129022277227724
1.16779896650316
1.377890390390391
1.237451529513141
0.926203280002672
0.9284266688725286
0.9530523627075352
0.8722763861806913
0.8863221884498483
0.9457053849577214
0.9387777777777778
0.9661606514526992
1.0133485405314069
1.063627955510233
0.9230975587945988
1.2784832308853662
1.046350180697279
0.7411752491694352
1.0387819947043249
1.300391474554155
1.375169785508379
0.7021854780733285
0.9891435906840274
0.8694427244582046
1.31751821904359
0.798586846804876
0.8972139757935604
1.030182102896976
1.0207414116581486
1.1259884143521066
1.1371736230226799
1.1800382456356793
1.104456049918611
1.1498803527034698
1.2543084011371435
0.8124518803671897
0.9033703346203346
1.0749368783740425
0.9661557761535944
0.9717004099196607
0.6085640411174871
0.6170390284601838
0.8304920304920306
0.8728757448686822
0.9557851783598789
0.7728978978978979
0.9234597176183756
0.7307203186486224
0.8390308878113755
0.7647843423565087
1.1192925042854915
1.0174349881796692
1.0323933543464052
1.0394421442580084
0.7686383199861418
0.9636941001947029
1.194870797011208
1.2877369792446618
0.9541957474435967
0.6181847588453131
1.0344948517240415
1.2600751476113794
0.7127224557968096
0.8673588386827263
0.9458228249244057
0.7356050285398955
1.338102717757157
0.8893738784616134
1.163436645109898
1.176872787216904
1.0297835497835497
1.5404139239755683
0.904829515649589
0.9596668041885225
1.0023689152101687
0.5921745549092191
1.152442297369833
0.9530894324943091
0.9829097338031173
0.8760223848471799
1.483430799220273
1.2254350736278448
0.8172161351333722
0.9110792747356753
1.1826274615592123
1.1692109674329503
0.8872693301937498
1.126554877063746
0.9516185767932688
0.9315413764231641
0.7673328854551563
0.8986054880791722
1.184022632358885
1.1241418601338837
0.8799544975932609
0.9686938846767758
0.8027673979799476
0.8533992469522633
1.0023175930141126
0.9892076302274395
1.409619900394809
0.9542521367521366
1.2753803992146597
0.6874221753018245
1.0901378424157468
0.9224873410804706
0.9692991172454467
1.0360172689671832
0.937522378628848
1.1813819255679725
1.118779493033032
0.9407860008445948
1.0332145730375817
0.9989870853380601
1.043065730565731
0.9127338931218577
0.9672359838630624
1.2841722960703128
0.9613914001490552
1.0145857244356997
1.0486055776892433
1.1614187029590677
1.1391867132038929
1.2437348248352411
0.9809476697995836
1.1040408262323376
1.1539293866540183
0.9401559454191035
0.958965783380499
0.9409789531985598
0.8486913019027088
0.9069769046584002
0.946564885496183
0.8527060270602709
1.3539780579293228
1.2190735479797983
0.9878375592661307
0.9688984438984442
0.8080531189083818
0.779902389277389
1.0185904909962429
1.0083523756993142
1.238594447680062
0.9365164092841758
1.1900628554325052
0.8176003194800189
1.0621569534381745
0.9745945286776959
0.9941358227598448
1.570893737581868
0.8704718462130859
1.0514926868363053
0.9453229263558046
0.9904208615283053
0.9628576903423607
0.8889026399449275
1.1402644820814927
1.225508332059318
1.1581933821084136
1.5187611249555002
1.0773404255319148
0.8149998316895006
1.5414847161572052
0.9126775912173073
1.1738205481166313
0.9436997749919638
0.9897273425499242
0.7123296829662912
1.1008103727714738
0.6555720468290515
0.7999769573454865
1.0305232558139537
0.8057546537410409
0.9787039644544572
1.2978869251631746
1.243279131908238
1.5073370359543996
1.6161167512690353
1.136209838766623
1.012357910105329
0.9144710578842314
1.2980779385362757
0.9984959037378389
0.8678798236585035
0.9552766123689979
1.4909432672590566
0.8911170671006027
1.0059379926431948
1.0134935694707992
0.9219948018193638
0.8666662732996215
1.263230421686747
1.0631555494618494
0.8418452567749511
1.2060648246224612
1.4169006669006665
1.0120153774133602
1.1655635227063794
1.1977671833449133
0.8971217765648491
1.0826136787675251
1.2857126613224177
0.9405099150141641
0.9917335626911316
1.181740051392458
0.7663312850293742
0.5173166926677065
0.7230094959824689
1.3380053908355805
1.0051363636363642
1.0290534427354694
1.1464162051092452
1.1001355380862021
1.1056607865818386
0.5450206398348811
1.0665526472337896
1.0017044786646292
0.788717948717949
0.9788481675392671
0.9457305502846298
0.9585905389387479
1.1192901078955328
1.0873259623259626
0.8507405698649315
1.0404547404547406
0.9144421902639389
1.161548321868963
0.9434253246753248
1.2935113501151236
1.2473310646572684
0.9902727956491554
0.7348556613651098
1.7314154577493661
0.6856749073994316
1.5782497781721383
1.1804158283031538
1.1594900116494795
0.8192148057426695
1.3178247458708765
0.6239633041569909
1.01860145002687
1.071842911187174
0.4304703476482619
1.0115107055525732
0.9826716385172186
0.8163663087934567
1.2175490559052204
1.622633809449066
0.6643410852713174
1.0885909218724563
0.9885352760736191
1.3289806718821904
0.9132722891566256
1.527474139828331
1.6725581395348847
1.0433322673488956
0.7520215633423183
0.7945575405068553
0.991934381408063
1.0403150733977777
