Case Count:
 [0, 0, 0, 0, 0, 0, 0, 0, 0, 0, 0, 0, 0, 0, 0, 0, 0, 0, 0, 0, 0, 0, 0, 0, 0, 0, 0, 0, 0, 0, 0, 0, 0, 0, 0, 0, 0, 0, 0, 0, 0, 0, 0, 0, 0, 0, 0, 0, 0, 0, 0, 0, 0, 0, 0, 0, 0, 0, 0, 0, 0, 0, 0, 0, 0, 0, 0, 0, 0, 0, 0, 0, 0, 0, 334, 0, 0, 0, 0, 0, 0, 0, 0, 0, 0, 0, 0, 0, 0, 0, 0, 0, 0, 0, 0, 0, 270, 0, 0, 0, 0, 0, 11, 316, 302, 291, 358, 269, 53, 134, 162, 192, 299, 201, 369, 163, 466, 77, 5, 296, 331, 306, 64, 27, 163, 140, 262, 84, 412, 121, 280, 128, 193]

Control Count:
 [0, 0, 0, 0, 0, 0, 0, 0, 0, 0, 0, 0, 0, 0, 0, 0, 0, 0, 0, 0, 0, 0, 0, 0, 0, 0, 0, 0, 0, 0, 0, 0, 0, 0, 0, 0, 0, 0, 0, 0, 0, 0, 0, 0, 0, 0, 0, 0, 0, 0, 0, 0, 0, 0, 0, 0, 0, 0, 0, 0, 0, 0, 0, 0, 0, 0, 0, 0, 0, 0, 0, 0, 0, 0, 246, 0, 0, 0, 0, 0, 0, 0, 0, 0, 0, 0, 0, 0, 0, 0, 0, 0, 0, 0, 0, 0, 222, 0, 0, 0, 0, 0, 11, 221, 200, 182, 249, 213, 34, 107, 76, 173, 161, 131, 264, 131, 356, 52, 11, 225, 175, 223, 41, 29, 109, 126, 197, 50, 288, 105, 194, 91, 126]

Cluster Number:
 [75, 97, 103, 104, 105, 106, 107, 108, 109, 110, 111, 112, 113, 114, 115, 116, 117, 118, 119, 120, 121, 122, 123, 124, 125, 126, 127, 128, 129, 130, 131, 132, 133]

Odds Ratio:

nan
nan
nan
nan
nan
nan
nan
nan
nan
nan
nan
nan
nan
nan
nan
nan
nan
nan
nan
nan
nan
nan
nan
nan
nan
nan
nan
nan
nan
nan
nan
nan
nan
nan
nan
nan
nan
nan
nan
nan
nan
nan
nan
nan
nan
nan
nan
nan
nan
nan
nan
nan
nan
nan
nan
nan
nan
nan
nan
nan
nan
nan
nan
nan
nan
nan
nan
nan
nan
nan
nan
nan
nan
nan
0.9926214388194303
nan
nan
nan
nan
nan
nan
nan
nan
nan
nan
nan
nan
nan
nan
nan
nan
nan
nan
nan
nan
nan
0.8471065906574254
nan
nan
nan
nan
nan
0.7298474945533768
1.0729813320735495
1.158389154704944
1.2505511729649659
1.087755575717933
0.8955185659411012
1.1513228579102874
0.9042026685475814
1.6813627942084675
0.7649822354334477
1.5328798185941042
1.159193859575539
1.0408076298701296
0.8934088055328564
0.9188366054311163
1.0931970025279885
0.32959464777646597
0.9476987888362295
1.6004395604395605
1.0087742659919816
1.1549414916114475
0.6729872314397126
1.116679042805471
0.7815800591465991
0.9650606168996719
1.2545325443786983
1.0874435847840105
0.8214992927864215
1.083030197131193
1.0360675529214853
1.155053053830228
