Case Count:
 [662, 534, 659, 584, 616, 547, 652, 640, 788, 669, 767, 566, 723, 703, 788, 638, 755, 664, 770, 576, 774, 578, 743, 381, 364, 571, 611, 640, 507, 736, 627, 668, 588, 613, 421, 682, 654, 625, 609, 538, 624, 559, 793, 699, 611, 582, 656, 704, 564, 563, 808, 758, 642, 734, 750, 587, 641, 743, 689, 689, 687, 766, 705, 686, 688, 778, 645, 763, 792, 608, 633, 588, 679, 718, 832, 761, 770, 562, 605, 646, 511, 639, 600, 596, 590, 667, 743, 741, 506, 745, 617, 646, 830, 734, 727, 407, 563, 728, 634, 351, 621, 601, 672, 647, 695, 763, 432, 763, 708, 736, 605, 815, 610, 852, 672, 624, 757, 705, 448, 715, 475, 695, 797, 597, 836, 561, 558, 640, 773, 595, 840, 831, 549, 700, 578, 755, 628, 801, 658, 705, 654, 853, 543, 632, 840, 873, 876, 779, 753, 802, 814, 877, 846, 629, 813, 770, 805, 707, 659, 746, 553, 657, 855, 885]

Control Count:
 [469, 356, 474, 472, 445, 421, 468, 438, 546, 466, 564, 396, 524, 510, 587, 455, 564, 482, 477, 405, 583, 434, 476, 302, 188, 432, 476, 493, 370, 505, 416, 510, 430, 444, 319, 487, 484, 470, 464, 408, 439, 378, 616, 546, 505, 395, 410, 527, 417, 465, 581, 547, 474, 525, 563, 449, 483, 548, 519, 485, 469, 561, 500, 505, 512, 579, 457, 563, 591, 466, 480, 441, 476, 566, 608, 540, 519, 411, 492, 474, 394, 442, 379, 450, 452, 495, 558, 511, 454, 485, 471, 463, 601, 520, 508, 306, 447, 543, 499, 253, 431, 406, 407, 476, 480, 559, 287, 546, 513, 545, 463, 605, 434, 628, 540, 436, 575, 519, 306, 535, 376, 518, 556, 400, 607, 446, 403, 499, 573, 420, 584, 568, 423, 410, 446, 574, 464, 590, 466, 519, 452, 637, 367, 453, 585, 620, 626, 550, 573, 595, 580, 641, 609, 476, 604, 554, 593, 488, 502, 555, 414, 402, 628, 654]

Cluster Number:
 [1, 2, 3, 4, 5, 6, 7, 8, 9, 10, 11, 12, 13, 14, 15, 16, 17, 18, 19, 20, 21, 22, 23, 24, 25, 26, 27, 28, 29, 30, 31, 32, 33, 34, 35, 36, 37, 38, 39, 40, 41, 42, 43, 44, 45, 46, 47, 48, 49, 50, 51, 52, 53, 54, 55, 56, 57, 58, 59, 60, 61, 62, 63, 64, 65, 66, 67, 68, 69, 70, 71, 72, 73, 74, 75, 76, 77, 78, 79, 80, 81, 82, 83, 84, 85, 86, 87, 88, 89, 90, 91, 92, 93, 94, 95, 96, 97, 98, 99, 100, 101, 102, 103, 104, 105, 106, 107, 108, 109, 110, 111, 112, 113, 114, 115, 116, 117, 118, 119, 120, 121, 122, 123, 124, 125, 126, 127, 128, 129, 130, 131, 132, 133, 134, 135, 136, 137, 138, 139, 140, 141, 142, 143, 144, 145, 146, 147, 148, 149, 150, 151, 152, 153, 154, 155, 156, 157, 158, 159, 160, 161, 162, 163, 164]

Odds Ratio:

1.1207525774019147
1.2341772151898736
1.065893108298172
0.7495455661999512
1.0437304806691319
0.8843317456566888
1.071276497269277
1.2286107029435467
1.3818096796820205
1.1871492241663917
0.9821710007880223
1.1221721345688291
1.051573037871489
1.042972410203019
0.8949460533787622
1.088992107548809
0.9001283932501832
1.034494637125186
2.0711206044064716
1.111992445703494
0.8393957837658383
0.9371906468680664
1.7203736333242976
0.8725225987335044
1.6894370175108266
0.9193241775294845
0.8274866550393742
0.8444871803870102
1.0098437299859102
1.3290514543682344
1.3225531711665817
0.8581473968897901
1.0065334515447042
1.0354729729729732
0.9404512131908278
1.0999176982101437
0.967978963185575
0.9229773236282192
0.8900390625000001
0.9206785015796599
1.127809104148773
1.211046761046761
0.6152716768525587
0.751433349259436
0.6696307366585715
1.2144019260934598
1.5882783882783882
0.914324267341345
0.9782595841135313
0.7145425700687469
1.149343537076287
1.085901835637234
0.9768888104794248
1.1184761904761902
0.8781765680661265
0.8868570833170526
0.9123964803312633
0.9694980770740128
0.8960982658959536
1.160171821305842
1.283229660434545
1.0052163642925105
1.1393303571428568
0.9838732021350284
0.9422977178423239
0.9076622173420721
1.1131999876722039
0.9633632219820669
0.88035866464115
0.873878571524073
0.8955025337837836
0.9384164222873898
1.169705882352941
0.6913904844841154
1.0298426478567544
1.1827711640211644
1.5116152252153998
1.0059865948010103
0.7173102981029811
0.9968689895782082
0.8904925558011314
1.1914573256358245
1.453192291344203
0.9187587587587587
0.8817579032552794
0.9566042100393245
0.8805353220025434
1.3112586917600035
0.5981087470449175
1.6362617660242047
0.8817164788502367
1.074784971265903
1.1159851426074385
1.1654240631163701
1.2256470725812738
0.9555067237623018
0.8052591044119265
0.9204804705753006
0.7838592439115518
1.0273123897315262
1.1695091451471962
1.2411014658176143
1.7603227564317063
0.9881026878836641
1.2437232905982907
1.0031467551781361
1.193278135713234
1.1364689527340128
1.0491386838136068
0.9516185767932688
0.8791963309601899
0.8980716253443523
1.0882943530329516
0.9338241376457942
0.682749675745785
1.1496465633929913
0.8113447927199189
0.9824009083402144
1.1414129061187888
0.9117826884444059
0.8486913019027088
0.9346021846021847
1.3574367778504468
1.263230421686747
1.0958884696462414
0.8032450282706181
1.0375285092266222
0.8077053761502244
0.9339508658880384
1.1070359281437125
1.5676466061259047
1.6869610520264433
0.881187010078387
2.020449462136542
0.867668289192953
0.8088529776923383
0.9757417802726545
0.9651880296610174
1.1202350220927104
0.9824009083402144
1.2048753016894609
0.7752623316533083
1.2035831768575909
1.071019243204674
1.5488331892826277
1.5337845622119821
1.4521670986798478
1.2369575757575761
0.8064017134697761
0.912750612055846
1.2325937031484262
1.052442097683908
1.2050566799216569
0.9029761904761905
0.8934831011646491
1.1101650659582685
0.9633900886688792
1.2595166888199674
0.8703039693079538
0.9254762959680993
0.9485237434474253
1.6763882791922737
0.9751032880013779
0.8303794829024174
