Case Count:
 [269, 606, 450, 0, 0, 0, 0, 139, 507, 7, 118, 606, 166, 416, 740, 45, 614, 284, 739, 713, 223, 276, 685, 685, 607, 395, 438, 1, 0, 272, 321, 121, 630, 0, 596, 591, 118, 707, 291, 136, 410, 430, 672, 332, 298, 0, 594, 25, 508, 717, 155, 679, 75, 45, 229, 0, 499, 272, 615, 732, 421, 429, 151, 260, 467, 198, 51, 316, 495, 593, 529, 479, 443, 772, 158, 586, 5, 65, 543, 696, 754, 176, 48, 59, 281, 433, 535, 246, 736, 469, 432, 461, 47, 129, 356, 92, 14, 303, 328, 0, 362, 607, 702, 482, 358, 221, 13, 436, 611, 740, 466, 338, 744, 691, 386, 705, 654, 715, 562, 48, 501, 718, 515, 266, 4, 545, 503, 493, 514, 375, 338, 488, 239, 664, 492, 496, 606, 160, 560, 606, 496, 446, 388, 425, 644, 750, 263, 393, 745, 576, 161, 447, 586, 578, 629, 671, 123, 581, 138, 524, 557, 361, 531, 461, 250, 475, 650, 450, 559, 306, 512, 339, 173, 644, 421, 665, 686, 369, 418, 502, 618, 560, 233, 284, 623, 734, 467, 614, 585, 539, 835, 763, 658, 508, 508, 640, 288, 513, 561, 368, 359, 442, 478, 614, 434, 555, 650, 470, 671, 442, 253, 633, 303, 705, 786, 553, 725, 728, 667, 716, 821, 446, 749, 683, 712, 493, 623, 286, 599, 692, 757, 552, 828, 753, 558, 598, 601, 882, 538, 587, 810, 729, 664, 865, 876, 612, 631, 695, 735, 742, 818, 632, 710, 855, 825, 633, 576, 448, 749, 629, 564, 551, 825, 857, 549, 698, 802, 339, 888, 840, 743, 536, 848, 538, 644, 850, 865, 639, 782, 854, 645, 718, 836, 673, 774, 761, 862, 612, 672, 852, 858, 724, 890, 840, 858, 897, 873, 851, 832, 855, 824]

Control Count:
 [195, 406, 279, 1, 0, 0, 0, 120, 367, 12, 63, 428, 154, 289, 549, 34, 420, 160, 505, 519, 196, 207, 509, 506, 422, 257, 330, 0, 0, 199, 218, 108, 514, 0, 449, 446, 90, 516, 225, 74, 328, 328, 443, 244, 218, 0, 432, 20, 382, 527, 95, 427, 54, 46, 177, 0, 293, 170, 449, 535, 323, 334, 120, 173, 265, 163, 35, 244, 377, 416, 366, 402, 291, 567, 108, 409, 3, 45, 372, 515, 528, 137, 37, 54, 196, 306, 407, 184, 530, 322, 305, 351, 45, 102, 239, 82, 8, 222, 221, 0, 246, 349, 490, 303, 259, 156, 12, 319, 397, 525, 284, 214, 554, 504, 337, 530, 493, 527, 422, 42, 378, 511, 400, 173, 4, 382, 397, 316, 376, 292, 238, 372, 181, 460, 362, 364, 442, 86, 400, 466, 397, 317, 289, 293, 472, 529, 201, 333, 564, 478, 143, 316, 380, 457, 466, 495, 89, 450, 141, 278, 393, 290, 386, 319, 188, 356, 476, 339, 409, 187, 408, 233, 127, 469, 331, 492, 523, 280, 235, 426, 356, 391, 153, 182, 434, 510, 320, 441, 441, 377, 619, 553, 488, 371, 367, 463, 199, 355, 382, 226, 247, 359, 329, 464, 309, 407, 484, 381, 492, 323, 196, 438, 215, 537, 558, 406, 506, 549, 483, 543, 614, 311, 530, 482, 515, 374, 452, 176, 439, 492, 541, 444, 613, 523, 407, 447, 406, 620, 418, 418, 548, 503, 492, 620, 621, 451, 457, 534, 491, 550, 585, 475, 516, 618, 587, 494, 407, 296, 461, 530, 407, 414, 604, 630, 403, 487, 596, 260, 636, 633, 513, 406, 608, 397, 499, 617, 640, 458, 530, 631, 462, 543, 601, 516, 559, 561, 628, 455, 493, 620, 638, 546, 662, 628, 635, 653, 646, 618, 627, 623, 602]

Cluster Number:
 [1, 2, 3, 8, 9, 10, 11, 12, 13, 14, 15, 16, 17, 18, 19, 20, 21, 22, 23, 24, 25, 26, 27, 28, 30, 31, 32, 33, 35, 36, 37, 38, 39, 40, 41, 42, 43, 44, 45, 47, 48, 49, 50, 51, 52, 53, 54, 55, 57, 58, 59, 60, 61, 62, 63, 64, 65, 66, 67, 68, 69, 70, 71, 72, 73, 74, 75, 76, 77, 78, 79, 80, 81, 82, 83, 84, 85, 86, 87, 88, 89, 90, 91, 92, 93, 94, 95, 96, 97, 98, 99, 101, 102, 103, 104, 105, 106, 107, 108, 109, 110, 111, 112, 113, 114, 115, 116, 117, 118, 119, 120, 121, 122, 123, 124, 125, 126, 127, 128, 129, 130, 131, 132, 133, 134, 135, 136, 137, 138, 139, 140, 141, 142, 143, 144, 145, 146, 147, 148, 149, 150, 151, 152, 153, 154, 155, 156, 157, 158, 159, 160, 161, 162, 163, 164, 165, 166, 167, 168, 169, 170, 171, 172, 173, 174, 175, 176, 177, 178, 179, 180, 181, 182, 183, 184, 185, 186, 187, 188, 189, 190, 191, 192, 193, 194, 195, 196, 197, 198, 199, 200, 201, 202, 203, 204, 205, 206, 207, 208, 209, 210, 211, 212, 213, 214, 215, 216, 217, 218, 219, 220, 221, 222, 223, 224, 225, 226, 227, 228, 229, 230, 231, 232, 233, 234, 235, 236, 237, 238, 239, 240, 241, 242, 243, 244, 245, 246, 247, 248, 249, 250, 251, 252, 253, 254, 255, 256, 257, 258, 259, 260, 261, 262, 263, 264, 265, 266, 267, 268, 269, 270, 271, 272, 273, 274, 275, 276, 277, 278, 279, 280, 281, 282, 283, 284, 285, 286, 287, 288, 289, 290, 291, 292, 293, 294, 295, 296, 297, 298, 299, 300, 301]

Odds Ratio:

1.0158041958041957
1.270798700605469
1.3536265068354771
0.0
nan
nan
nan
0.8225632911392403
1.0279194700207914
0.4232646420824295
1.4272796664905174
1.1090390903040999
0.744514986978945
1.0999278280283562
0.9413941654378809
0.968691775352675
1.2112925170068027
1.4337596899224803
1.355539343408025
1.0303468208092486
0.781602300977048
0.9678407350689129
0.9486617926503267
0.9709307976414177
1.1569647640634655
1.220361707398825
0.9488242917978152
inf
nan
1.002761142087913
1.1213106591018829
0.7945200770077008
0.6845776453287873
nan
0.9247911608713391
0.9213057553002362
0.9554459515002056
1.0183584747538237
0.9243887147335422
1.4067686854572103
0.8501926782273603
0.9274035876631311
1.4047834450290295
0.9959908833786417
1.0030241788918128
nan
1.022014925373134
0.9139933628318584
0.9444727711382772
0.9883104793956532
1.235278117775058
1.615606557377049
1.0197111631537863
0.7027100137713949
0.9315254237288135
nan
1.5367251369156283
1.2444444444444447
1.0120153774133602
1.014013947530718
0.9185417225323614
0.8913952095808384
0.9073586118251926
1.14120808384527
1.5868006207628849
0.8607756414022307
1.072111942726977
0.923247666675581
0.9197032111381387
1.1242631066849818
1.1382172131147543
0.7387562189054724
1.2216282720291884
0.9886428739931918
1.0872604121631357
1.13618510624648
1.222943722943723
1.0632716049382716
1.168498245027578
0.9628401183382644
1.248506493506493
0.9281026744603096
0.9483081265147099
0.7874201787994892
1.0730426429831192
1.069833175205566
0.9141421070355079
0.9728658730663953
1.0864796167758328
1.1367202268431003
1.0715572121252102
0.9261085543136823
0.7531368102796675
0.915330882352941
1.1489992478842181
0.8029256636652387
1.2871584699453553
1.0007555478801484
1.135964945302324
nan
1.1289628769303568
1.7932691452063567
1.2054481704576099
1.3452056615057477
1.021549946243466
1.0504943502824857
0.7912117903930129
1.0035926163785154
1.3744910729844906
1.1634164777021918
1.4069449091959967
1.2480509828106965
0.9219240901551372
1.0196328531412566
0.7256313152012939
0.8966896900269539
0.9068928637285638
0.9763429037578253
0.9398478763381846
0.8289281660450786
0.9383066310636404
1.1320614722549411
0.8738828502415459
1.1781096609386308
0.7318918918918919
1.1108952334205935
0.8446683459277918
1.306069271861572
1.0046782876185594
0.9017543642747641
1.0645253025067896
0.9191719698632141
0.9568420209784608
1.2038063986874483
0.9921235950794595
0.9975890160647664
1.0144852415841303
1.4395016179272389
1.0661246612466124
0.8656107575173733
0.8194484034415158
1.0603026562428564
0.9727980351649195
1.1166639579608861
1.0005649717514125
1.2039158948580118
0.9430325848236295
0.7662363856393707
0.8399340888066605
0.6929723707136677
0.7886982808857809
1.0711894007038183
1.3532760472610095
0.8071468202759232
0.967346208869814
0.9772609819121448
1.015083502941423
0.8570306513409962
0.6681550420959194
1.8755839772626341
1.0972666830829845
0.8569147644487616
1.019638347176296
1.1178227902365834
0.9655156205934886
0.955148987774093
1.003358332580344
0.9477709830583629
1.0047445978986322
1.29753392674741
0.8215545210890111
1.1047646759292937
0.9982293879931677
1.0214192196910183
0.8763113447677049
0.9676413525498893
0.8528511515552094
0.9436798469387755
1.5524670025398675
0.7037305802025268
1.8141009429531418
1.1255969337186977
1.155285102546766
1.2072237839679696
1.1587075690491249
1.2620814479638
1.140334145021645
1.0607925709966526
0.9254864736592312
1.1144392300890975
0.8897329254459839
1.0639011743175235
0.9602716109128305
1.008252716225647
1.0323933543464052
1.0426958230884786
1.0882493591200932
1.1324349945828815
1.1932264397905759
1.320650545012856
1.1066553022231693
0.8140568428157156
1.1339610052635478
0.9115900383141764
1.0555261351377854
0.9990277102576568
0.9482656476791376
0.8062717650489768
0.9990782756664779
1.0059440181562735
0.9261034295374954
1.1864355794150314
1.0490972583401441
0.8439744612928969
1.211594856756147
0.9961940572267058
1.2291230721537627
0.8708370714732347
1.043620501635769
0.8543044639846444
0.8295180359512607
1.0985733591633216
1.1855241090146749
1.1462824275545662
1.0575992125631966
0.9281693077564633
1.0314867835039616
1.2762441679626746
1.0006074411541384
1.1216424822476077
1.1389330696814686
0.7815614022510574
0.9094051330092221
1.29252129323831
1.0125499182102957
0.9457612684766521
1.2411014658176143
1.8463280713795496
0.8657350187838813
1.079919695570665
1.6519965650493764
1.289880715705766
0.9625402669121031
1.329763104838709
1.5969373803664215
0.9845628711520839
1.037874671405284
0.8176077979448768
1.466080164612509
0.9450850753524553
1.2093324093324092
0.9228566365408472
1.0366889667622385
1.1778404618210452
1.2703118857292623
0.8095182733340629
1.0985097897279201
1.2114401303590492
1.9857797059532418
0.5973522012578614
1.0402611827269364
0.9400927842956829
1.0112869332654104
0.9635582010582017
0.996617474206608
1.2036943207374415
0.9006235797706493
0.9303715775749672
1.5324436263230536
0.7156930613983706
1.3081808463811861
0.9238020030333798
1.2569850552306678
0.9843132960116475
0.8241606019055653
1.1160576903350214
0.8658447265624996
1.0728580033127544
1.5156205878577842
0.9022715266772321
1.076573074812511
0.8648110811447722
1.1965720215411593
0.8406386264534884
1.0898263027295279
0.9689330277565574
1.0857971290046597
0.9589350712379104
0.9971192019005377
1.088646837033934
0.814473045167558
0.8732243366389707
0.6549694011929659
0.7965361769126179
0.8754131085726957
1.2019525267993882
0.844620743034055
1.1122106049290519
0.7387165195087054
1.0756583228493342
1.02983705109951
