Case Count:
 [0, 0, 0, 0, 0, 0, 0, 0, 0, 0, 0, 0, 0, 0, 26, 0, 0, 0, 51, 3, 4, 222, 352, 5, 0, 0, 4, 102, 130, 0, 3, 0, 1, 93, 253, 291, 20, 247, 0, 4, 64, 84, 143, 1, 108, 4, 338, 0, 23, 335, 0, 24, 11, 399, 158, 90, 17, 307, 135, 1, 0, 0, 138, 278, 7, 63, 20, 0, 136, 272, 60, 219, 0, 87, 8, 99, 1, 324, 466, 145, 302, 156, 317, 6, 0, 0, 318, 302, 5, 82, 77, 360, 332, 161, 32, 69, 10, 13, 266, 158, 3, 214, 1, 169, 158, 291, 313, 18, 4, 247, 3, 159, 2, 14, 251, 53, 176, 1, 305, 142, 11, 12, 115, 8, 37, 161, 153, 24, 309, 5, 154, 149, 66, 95, 199, 4, 0, 246, 415, 285, 3, 18, 374, 1, 107, 160, 82, 141, 72, 25, 21, 260, 45, 0, 7, 29, 138, 0, 31, 10, 117, 46, 305, 304, 0, 3, 180, 280, 96, 188, 1, 109, 11, 3, 291, 4, 68, 121, 0, 70, 229, 38, 0, 147, 251, 325, 10, 13, 14, 33, 144, 16, 177, 216, 1, 165, 130, 108, 47, 274, 147, 189, 312, 207, 313, 286, 275, 304, 295, 322, 278, 161, 234, 118, 258]

Control Count:
 [0, 0, 0, 0, 0, 0, 0, 0, 0, 0, 0, 0, 0, 0, 15, 0, 0, 0, 44, 3, 3, 176, 182, 8, 8, 0, 2, 80, 93, 0, 1, 0, 1, 92, 200, 195, 7, 196, 0, 2, 25, 54, 109, 3, 57, 4, 178, 0, 24, 231, 0, 8, 8, 350, 106, 87, 20, 204, 122, 0, 0, 0, 120, 217, 1, 68, 11, 0, 107, 187, 46, 194, 0, 35, 6, 85, 1, 250, 341, 101, 216, 103, 203, 3, 0, 0, 232, 187, 3, 53, 40, 241, 224, 106, 15, 42, 9, 14, 209, 135, 5, 163, 0, 130, 101, 254, 195, 14, 3, 179, 0, 122, 0, 14, 188, 41, 121, 0, 231, 115, 7, 10, 57, 3, 37, 144, 116, 22, 130, 4, 109, 108, 43, 63, 130, 1, 0, 182, 311, 187, 1, 16, 240, 0, 107, 109, 72, 103, 41, 42, 22, 196, 38, 0, 1, 17, 120, 0, 35, 2, 87, 30, 220, 198, 1, 1, 150, 224, 55, 123, 0, 79, 11, 3, 200, 2, 46, 88, 0, 45, 133, 25, 5, 131, 210, 227, 3, 11, 12, 16, 91, 21, 127, 155, 0, 171, 95, 94, 25, 249, 111, 180, 237, 137, 220, 228, 195, 202, 227, 203, 195, 77, 191, 81, 189]

Cluster Number:
 [15, 19, 20, 21, 22, 23, 24, 27, 28, 29, 31, 33, 34, 35, 36, 37, 38, 40, 41, 42, 43, 44, 45, 46, 47, 49, 50, 52, 53, 54, 55, 56, 57, 58, 59, 60, 63, 64, 65, 66, 67, 69, 70, 71, 72, 74, 75, 76, 77, 78, 79, 80, 81, 82, 83, 84, 87, 88, 89, 90, 91, 92, 93, 94, 95, 96, 97, 98, 99, 100, 101, 102, 103, 104, 105, 106, 107, 108, 109, 110, 111, 112, 113, 114, 115, 116, 117, 118, 119, 120, 121, 122, 123, 124, 125, 126, 127, 128, 129, 130, 131, 132, 133, 134, 135, 136, 138, 139, 140, 141, 142, 143, 144, 145, 146, 147, 148, 149, 150, 151, 152, 153, 155, 156, 157, 159, 160, 161, 162, 163, 164, 166, 167, 168, 169, 170, 171, 172, 173, 174, 175, 176, 177, 178, 180, 181, 182, 184, 185, 186, 187, 188, 189, 190, 191, 192, 193, 194, 195, 196, 197, 198, 199, 200, 201, 202, 203, 204, 205, 206, 207, 208, 209, 210, 211, 212, 213, 214, 215]

Odds Ratio:

nan
nan
nan
nan
nan
nan
nan
nan
nan
nan
nan
nan
nan
nan
1.2784053156146178
nan
nan
nan
0.8409349761855455
0.7321814254859611
0.9772972972972971
0.9009740259740259
1.672615079894109
0.45522186147186156
0.0
nan
1.4681081081081082
0.9265719467956468
1.02870523638419
nan
2.203023758099352
nan
0.7327586206896551
0.712203557312253
0.9000961538461537
1.1367735712563298
2.118497564042119
0.8961861870848044
nan
1.4681081081081082
1.9414566473988437
1.1542406311637083
0.954735392301048
0.24353448275862064
1.440092313609847
0.7318918918918919
1.6161333865662848
nan
0.6949503311258277
1.098648825921553
nan
2.2309392265193373
1.0080337690631807
0.7119622641509433
1.1116413381298487
0.7323989971641116
0.6160635964912281
1.154080764138453
0.7790498410207705
inf
nan
nan
0.8156131479140327
0.9131078029546886
5.162689804772235
0.6558042385545443
1.3401340134013402
nan
0.9200127281941287
1.0936764909367651
0.9531195276930005
0.774306664730652
nan
1.907091957923312
0.9771986970684039
0.836343019135365
0.7327586206896551
0.9232661157024792
1.0035279289093824
1.0620832491412406
1.0369041290093919
1.1324935002951555
1.2196625776747483
1.4691224268689056
nan
nan
1.0072662114114794
1.2724031761464916
1.222943722943723
1.1471341694326258
1.4482687793427231
1.1551167149180697
1.134571667863125
1.1371732507861636
1.5839464882943142
1.2206810631229235
0.8124773304316286
0.6761540860885838
0.9060743178390238
0.8288225969159824
0.438012958963283
0.9511519155690935
inf
0.9425
1.1768180709121496
0.7667723940463554
1.2663836163836162
0.9413517327897131
0.9772972972972971
1.0156948835990103
inf
0.9461464764743454
inf
0.7289617486338797
0.9708074436703698
0.9444258826149904
1.0817336713751056
inf
0.9521728271728273
0.8880393348433787
1.1537503890445067
0.8780806979280262
1.546618388723652
1.9630836047774156
0.7219730941704036
0.781765407986111
0.9603292747955919
0.7943746860873933
2.1123945409429283
0.9158549783549784
1.0427700503107429
1.0134971509971509
1.1347112560295345
1.117391800845038
1.1554162276080082
2.9405405405405403
nan
0.9875146815117533
0.9605640146633803
1.169080280333477
2.203023758099352
0.8212129527991219
1.238243243243243
inf
0.6982968369829685
1.0918504909270947
0.818870523415978
1.0041151249322358
1.3114380852093235
0.4207490518331226
0.6927813376051261
0.961685122479485
0.8613658013812813
nan
5.162689804772235
1.258562091503268
0.8156131479140327
nan
0.6371619471842189
3.694232861806311
0.9837778155257347
1.1304643261608154
1.024220571095571
1.186521212121212
0.0
2.203023758099352
0.8507343124165556
0.8802003081664099
1.311710138600895
1.1509825219709688
inf
1.0129360913862304
0.7298474945533768
0.7321814254859611
1.0969514106583071
1.4681081081081082
1.090238852699086
1.0091274752475248
nan
1.1517268141249515
1.3479269602577875
1.1191021324354657
0.0
0.7892270748325884
0.8303202697008006
1.076158940397351
2.459194776931447
0.8644303294958317
0.8530054644808742
1.5307617187500002
1.1893329600335967
0.5507745266781411
1.0267423353995644
1.0280595394290368
inf
0.644116836594103
1.0036229497398064
0.8214683701764843
1.3982766439909298
0.7257610595051964
0.9653003387018733
0.7108783783783783
0.947336027737316
1.1384434963705845
1.0647358323494687
0.8837275926986985
1.047988708539167
1.1533940594059409
0.9305993690851736
1.2491052661478157
1.064303438496987
1.6444128787878787
0.8637613469433878
1.0777732109421383
1.0009225746930666
