Case Count:
 [721, 775, 627, 761, 658, 600, 785, 667, 733, 738, 703, 712, 677, 768, 749, 704, 695, 706, 652, 612, 701, 659, 675, 756, 730, 658, 592, 806, 611, 681, 716, 757, 635, 775, 729, 646, 617, 592, 583, 627, 658, 604, 776, 746, 820, 735, 742, 761, 704, 792, 790, 791, 666, 743, 686, 762, 691, 781, 521, 658, 812, 619, 617, 820, 762, 802, 749, 679, 629, 725, 590, 828, 775, 722, 641, 703, 735, 677, 768, 677, 657, 651, 771, 795, 777, 625, 643, 785, 675, 528, 795, 692, 785, 656, 607, 745, 654, 633, 738, 772, 820, 669, 595, 710, 833, 669, 638, 738, 717, 837, 665, 718, 790, 753, 788, 817, 717, 585, 664, 655, 735, 677, 634, 664, 775, 819, 680, 565, 749, 573, 714, 661, 684, 773, 829, 564, 688, 721, 741, 727, 841, 646, 683, 730, 602, 656, 703, 586, 610, 853, 828, 842, 661, 745, 734, 820, 823, 739, 798, 809, 690, 718, 726, 662, 808, 599, 867, 879, 751, 618, 798, 761, 873, 751, 594, 709, 704, 820, 695, 770, 772, 643, 844, 851, 582, 688, 793, 816, 741, 776, 750, 659, 849, 654, 740, 861, 662, 743, 834, 672, 862, 709, 825, 654, 838, 739, 747, 601, 745, 872, 815, 793, 818, 850, 805, 812, 584, 679, 879, 719, 836, 818, 576, 815, 868, 873]

Control Count:
 [541, 567, 449, 551, 478, 468, 558, 457, 522, 532, 503, 539, 488, 579, 546, 518, 529, 535, 500, 461, 504, 477, 480, 539, 505, 536, 443, 576, 452, 443, 536, 567, 460, 571, 550, 496, 430, 407, 414, 476, 507, 471, 562, 549, 584, 576, 548, 549, 420, 617, 539, 591, 483, 540, 492, 549, 471, 584, 366, 468, 605, 483, 476, 592, 565, 596, 488, 476, 455, 571, 484, 610, 535, 453, 475, 548, 575, 514, 529, 560, 474, 457, 570, 546, 575, 525, 377, 561, 512, 403, 598, 527, 588, 503, 417, 535, 455, 511, 551, 546, 590, 531, 436, 523, 620, 489, 493, 572, 452, 582, 498, 534, 585, 558, 590, 607, 540, 439, 456, 461, 517, 489, 453, 536, 548, 603, 516, 438, 524, 391, 515, 484, 507, 572, 616, 395, 523, 540, 485, 516, 561, 475, 509, 513, 462, 485, 454, 457, 426, 628, 601, 618, 538, 500, 544, 589, 611, 554, 572, 597, 528, 538, 533, 471, 583, 397, 621, 622, 544, 469, 589, 558, 619, 555, 453, 521, 503, 573, 454, 512, 529, 469, 611, 612, 434, 520, 625, 619, 542, 553, 558, 438, 622, 446, 543, 619, 466, 591, 613, 485, 630, 489, 603, 473, 608, 505, 558, 480, 552, 636, 600, 586, 610, 602, 569, 585, 452, 473, 640, 545, 621, 604, 448, 586, 644, 633]

Cluster Number:
 [1, 2, 3, 4, 5, 6, 7, 8, 9, 10, 11, 12, 13, 14, 15, 16, 17, 18, 19, 20, 21, 22, 23, 24, 25, 26, 27, 28, 29, 30, 31, 32, 33, 34, 35, 36, 37, 38, 39, 40, 41, 42, 43, 44, 45, 46, 47, 48, 49, 50, 51, 52, 53, 54, 55, 56, 57, 58, 59, 60, 61, 62, 63, 64, 65, 66, 67, 68, 69, 70, 71, 72, 73, 74, 75, 76, 77, 78, 79, 80, 81, 82, 83, 84, 85, 86, 87, 88, 89, 90, 91, 92, 93, 94, 95, 96, 97, 98, 99, 100, 101, 102, 103, 104, 105, 106, 107, 108, 109, 110, 111, 112, 113, 114, 115, 116, 117, 118, 119, 120, 121, 122, 123, 124, 125, 126, 127, 128, 129, 130, 131, 132, 133, 134, 135, 136, 137, 138, 139, 140, 141, 142, 143, 144, 145, 146, 147, 148, 149, 150, 151, 152, 153, 154, 155, 156, 157, 158, 159, 160, 161, 162, 163, 164, 165, 166, 167, 168, 169, 170, 171, 172, 173, 174, 175, 176, 177, 178, 179, 180, 181, 182, 183, 184, 185, 186, 187, 188, 189, 190, 191, 192, 193, 194, 195, 196, 197, 198, 199, 200, 201, 202, 203, 204, 205, 206, 207, 208, 209, 210, 211, 212, 213, 214, 215, 216, 217, 218, 219, 220, 221, 222, 223, 224, 225, 226]

Odds Ratio:

0.8970211858381915
1.0118188689617256
1.0727591852387202
1.068727854118054
1.031156880606463
0.8300210427870003
1.2016502389486259
1.2478326958090433
1.1391332395026983
1.0821753336220132
1.1007758757191366
0.864410112599711
1.0624918683320324
0.8403437067550613
1.028846153846154
0.9845731445731444
0.8534083014234243
0.8639704957881061
0.8520722021660648
0.9213272477196054
1.0797566833751044
1.0438388073608202
1.1128198818897639
1.1512649200510467
1.27847156574954
0.6568403370600872
0.9437675412449513
1.1945291327913283
0.9734443702343182
1.4752603218524722
0.9093616424917662
0.8848898732619659
1.037673765158237
0.9694771078308732
0.8681727272727277
0.8514048786048101
1.154345557543232
1.1826274615592123
1.0866842590265564
0.894144081473649
0.8332933033472348
0.8286134247917684
1.073942269671807
0.980142733434859
1.2495287168530855
0.6906411082474223
0.96301573051251
1.0891230809263592
1.944380952380952
0.5996521903725344
1.4973105003937472
0.8728757448686822
1.0380936636516072
1.043040621266428
1.0844625112917798
1.0970845194856187
1.2944923192206819
0.8764925027767494
1.0990236258437802
1.1050714353297382
0.8718231263685805
0.8185533961130037
0.8516820189614308
1.1309818993305234
0.9368025011923056
0.9006235797706493
1.645685336976321
1.169705882352941
1.0414212454212455
0.6846433844991588
0.7083912333308954
0.9541957474435967
1.3733462798883356
1.7555107655885087
0.9652485380116962
0.754949615657903
0.6984311967727473
0.872853745908221
1.370639551949653
0.5804776077097509
1.054844564408042
1.1478047321442628
0.9502664890073291
1.4669099557159255
0.9423569794050342
0.6109022556390976
1.8129138765743538
1.166072489601902
0.8771761195866146
0.9082999696787807
0.8234538012279732
0.8532334125973787
0.8622094671201812
0.8503411763849142
1.1934402788328342
1.1049370174725721
1.1812507492507496
0.711442851853811
0.9116218964091942
1.215790578847903
1.1603172134971238
0.7268578878748372
1.0010369169917048
0.9794214969835078
0.8537130376344088
1.0102878716375647
0.8360622599555289
0.7362977336799327
1.7134851394222732
1.5475683549977592
0.9256343556042349
0.9367378454656796
0.9326692492160114
0.9430901759530786
0.8619786031975003
0.8892974817604138
0.8830974842767296
0.9374503363881974
1.2363455809334656
1.1408078281108982
1.201818580629723
1.054825202064466
1.0816926703333711
0.6778372289495915
1.221383543463835
0.9630936227951155
0.8732604837956475
0.861150835465904
1.2467451229855813
1.1937843041466705
1.0704357642808764
1.0038932404095224
0.9581451515517448
0.9442464586695355
0.8747564935064928
1.118807005375412
0.8624358353895101
0.9051014957264959
1.5928493090590041
1.1508461892700899
2.0442391832766176
0.989964664310954
0.9382017985209319
1.201328278821006
0.8726716708368084
0.9710811525244517
1.5553097345132747
0.8374045460635018
1.1446421475561834
0.9472217566208521
1.0912505560040193
0.9866086374288594
0.6555720468290515
1.4657065217391303
0.9479449472096528
1.1750595785112388
0.889509928048668
0.8916302489074671
1.1608124699727753
0.9485762144053593
0.8365823507036896
0.9044732993886428
0.993059085573804
1.1054653021302985
1.1224926640488786
1.2984962979925199
1.3510986442262736
1.6675562700964643
1.0625309814937214
0.8982373387997998
0.9514897808421575
0.9984959037378389
1.561447034387261
0.9578499848162773
0.892438469902145
0.9897051125458038
1.1072409984537221
1.4179355396512803
1.4850427350427355
1.5984915487421394
1.4128809314534083
1.0162673147747772
1.1375758159237517
1.2300779286073402
0.9545545093560343
0.8838812639642513
0.522447058823529
0.7232904913720392
1.0108247625029443
1.17396494462764
0.9235898360064877
1.3541095890410964
1.0066519292604499
1.2530778638401958
0.9950597795901663
1.2682219899268283
1.1439295301474015
0.6083183232356314
0.9738473426633466
1.056697019535481
1.0415067519545143
1.2653653095370887
1.026119402985075
1.0457966557755145
1.1056607865818386
1.355539343408025
0.9047323644097837
0.7672827743902438
0.9462133742911155
1.082423038728897
0.9651315789473687
0.9452795623368797
0.8577462708610253
1.411960132890365
1.2778502182663414
1.1388998465921538
0.8576119020135949
1.1943509513742072
1.1262187500000012
0.8543818261249452
0.8685263103215419
0.9394725851679493
0.8486442735734521
1.1589874857792943
0.8175338560228075
1.1821259309410965
