Case Count:
 [0, 59, 278, 0, 0, 634, 0, 0, 0, 24, 0, 10, 475, 317, 0, 16, 647, 583, 565, 20, 137, 172, 531, 676, 403, 97, 0, 397, 542, 279, 200, 45, 566, 436, 385, 446, 76, 0, 302, 560, 335, 243, 184, 503, 564, 539, 331, 674, 513, 576, 364, 0, 2, 206, 170, 536, 0, 288, 436, 484, 392, 473, 698, 4, 567, 145, 49, 594, 215, 425, 474, 551, 603, 496, 394, 482, 513, 476, 534, 641, 431, 644, 675, 340, 296, 229, 694, 450, 129, 280, 252, 592, 693, 561, 690, 307, 413, 412, 438, 236, 361, 170, 545, 543, 255, 285, 568, 532, 525, 380, 647, 226, 196, 502, 497, 291, 491, 370, 320, 592, 319, 597, 709, 578, 262, 677, 565, 551, 335, 275, 377, 422, 367, 485, 253, 420, 336, 590, 476, 402, 399, 620, 664, 594, 524, 702, 568, 578, 447, 588, 621, 262, 676, 426, 319, 544, 551, 580, 277, 364, 677, 477, 588, 517, 519, 619, 509, 533, 612, 608, 352, 588, 136, 577, 696, 462, 540, 576, 451, 464, 529, 719, 470, 588, 500, 139, 427, 410, 538, 857, 396, 408, 505, 603, 490, 673, 849, 853, 439, 428, 833, 576, 513, 605, 581, 594, 458, 315, 539, 688, 696, 598, 575, 873, 875, 479, 513, 736, 523, 587, 505, 585, 589, 301, 562, 580, 472, 426, 570, 685, 549, 521, 514, 422, 498, 470, 844, 496, 859, 650, 647, 793, 379, 404, 576, 465, 684, 646, 635, 642, 595, 376, 609, 516, 869, 653, 369, 483, 436, 408, 517, 867, 359, 522, 547, 689, 699, 691, 623, 597, 525, 273, 557, 603, 561, 510, 555, 556, 644, 538, 530, 523, 581, 577, 421, 337, 649, 565, 606, 553, 629, 470, 517, 660, 321, 623, 500, 564, 491, 527, 366, 748, 536, 852, 542, 424, 509, 565, 408]

Control Count:
 [0, 48, 145, 0, 0, 439, 0, 0, 0, 6, 0, 1, 336, 226, 0, 9, 493, 442, 393, 5, 93, 123, 387, 500, 295, 79, 0, 294, 446, 181, 154, 36, 364, 337, 268, 396, 74, 0, 197, 320, 261, 187, 108, 386, 354, 384, 273, 493, 342, 409, 253, 0, 2, 192, 121, 401, 0, 204, 326, 333, 313, 275, 523, 4, 362, 77, 46, 355, 168, 345, 346, 411, 465, 356, 277, 392, 412, 338, 400, 497, 354, 480, 516, 314, 245, 126, 515, 332, 107, 222, 246, 424, 481, 402, 481, 255, 309, 313, 321, 212, 283, 138, 276, 391, 181, 193, 424, 397, 364, 341, 443, 168, 154, 412, 358, 223, 339, 292, 244, 460, 222, 431, 502, 398, 190, 452, 395, 431, 251, 200, 284, 299, 281, 416, 194, 300, 257, 419, 401, 286, 257, 470, 508, 404, 406, 527, 471, 432, 282, 423, 465, 189, 514, 320, 233, 405, 382, 382, 203, 271, 497, 338, 448, 372, 366, 471, 370, 357, 424, 410, 249, 444, 108, 401, 520, 313, 387, 426, 367, 391, 384, 464, 405, 409, 381, 87, 262, 303, 384, 637, 280, 323, 342, 455, 359, 497, 627, 621, 315, 297, 621, 394, 333, 468, 458, 456, 332, 226, 403, 514, 502, 449, 430, 631, 634, 394, 380, 561, 409, 427, 364, 447, 393, 186, 448, 419, 329, 284, 397, 504, 360, 332, 415, 218, 361, 353, 616, 296, 616, 485, 486, 574, 254, 300, 430, 375, 484, 450, 496, 444, 386, 293, 429, 353, 644, 409, 243, 329, 293, 264, 419, 632, 265, 375, 417, 501, 526, 490, 490, 429, 422, 208, 419, 474, 398, 377, 392, 408, 486, 398, 398, 344, 433, 431, 306, 252, 486, 446, 381, 418, 434, 385, 393, 465, 290, 483, 393, 424, 420, 385, 287, 530, 425, 629, 394, 328, 409, 382, 273]

Cluster Number:
 [2, 3, 6, 10, 12, 13, 14, 16, 17, 18, 19, 20, 21, 22, 23, 24, 25, 26, 28, 29, 30, 31, 32, 33, 34, 35, 36, 37, 39, 40, 41, 42, 43, 44, 45, 46, 47, 48, 49, 50, 51, 53, 54, 55, 56, 58, 59, 60, 61, 62, 63, 64, 65, 66, 67, 68, 69, 70, 71, 72, 73, 74, 75, 76, 77, 78, 79, 80, 81, 82, 83, 84, 85, 86, 87, 88, 89, 90, 91, 92, 93, 94, 95, 96, 97, 98, 99, 100, 101, 102, 103, 104, 105, 106, 107, 108, 109, 110, 111, 112, 113, 114, 115, 116, 117, 118, 119, 120, 121, 122, 123, 124, 125, 126, 127, 128, 129, 130, 131, 132, 133, 134, 135, 136, 137, 138, 139, 140, 141, 142, 143, 144, 145, 146, 147, 148, 149, 150, 151, 152, 153, 154, 155, 156, 157, 158, 159, 160, 161, 162, 163, 164, 165, 166, 167, 168, 169, 170, 171, 172, 173, 174, 175, 176, 177, 178, 179, 180, 181, 182, 183, 184, 185, 186, 187, 188, 189, 190, 191, 192, 193, 194, 195, 196, 197, 198, 199, 200, 201, 202, 203, 204, 205, 206, 207, 208, 209, 210, 211, 212, 213, 214, 215, 216, 217, 218, 219, 220, 221, 222, 223, 224, 225, 226, 227, 228, 229, 230, 231, 232, 233, 234, 235, 236, 237, 238, 239, 240, 241, 242, 243, 244, 245, 246, 247, 248, 249, 250, 251, 252, 253, 254, 255, 256, 257, 258, 259, 260, 261, 262, 263, 264, 265, 266, 267, 268, 269, 270, 271, 272, 273, 274, 275, 276, 277, 278, 279, 280, 281, 282, 283, 284, 285, 286, 287, 288, 289, 290, 291, 292, 293, 294, 295, 296, 297, 298, 299, 300, 301, 302, 303, 304, 305, 306, 307, 308, 309]

Odds Ratio:

nan
0.8943247126436783
1.5785581863446159
nan
nan
1.1847264584378983
nan
nan
nan
2.983425414364641
nan
7.399347116430905
1.0742802076777844
1.0428234715715194
nan
1.3085067542898867
0.8749154834347533
0.9111042816415138
1.1374884657327404
2.974697469746975
1.0936787227109808
1.030769726455521
1.0135561528573098
0.9672411067193676
1.002500483340852
0.8884189386562804
nan
0.9822963019794381
0.7379404641892912
1.185720356991075
0.9388416795824203
0.9120475113122173
1.3578996760814943
0.9027512775293273
1.0906291154521512
0.6645649036953386
0.7308386933240393
nan
1.183364502627126
1.7120596205962062
0.9075428615658502
0.9357665143979669
1.3103653989560027
0.9023875550366101
1.42735082423961
1.0689302884615381
0.8272262854202653
1.007930636757746
1.222355769230769
1.0851589934684887
1.0898737276574906
nan
0.732470334412082
0.7256656293222683
1.0365966528381187
0.9523265627280398
nan
1.050564375516197
0.9630532983237721
1.136633262475959
0.8582528661776168
1.5314035087719302
0.9128487828296623
0.7318918918918919
1.3802463294771217
1.4507686191359659
0.7686511857707511
1.628286735337397
0.9194927971188475
0.8212560386473428
1.0086387600838467
0.957594716718804
0.8592123490995451
1.0457482419492954
1.074098316407436
0.7949710085376431
0.805154266243465
1.066316600702744
0.9497088607594935
0.8239995528727925
0.7994520454700157
0.9462280701754383
0.8497756821095039
0.6746834211067014
0.8321630073830479
1.4409863945578234
0.951902499483578
0.987561938778077
0.8650233644859812
0.8920168242202142
0.6582123428324387
1.0647780079502829
1.22097325487156
1.0580183322517844
1.2004279786706562
0.8245507849442028
0.9635734176262514
0.9369364915554842
1.0004377867027048
0.7533828854583574
0.8938311849897972
0.8813083576788681
2.0826256793478266
1.0433589971244186
1.045133367214781
1.11897789077334
0.9536925730413421
0.9586254592060097
1.131711728865194
0.6901377604709175
1.232617709684133
0.9816602316602316
0.9150440282773162
0.767592824174075
1.0379875336230084
0.9367698947102071
1.1309249606012852
0.8817727350699633
0.9410751298823656
0.8439685201909429
1.0812361541869742
1.0430352500489195
1.1491398044186893
1.1709115377457089
1.0150871932454828
1.3610847731422953
1.1238698010849915
0.8455173768398824
0.9661689940574404
1.0112767584097857
0.9547165237803633
1.0634000250671203
0.9295728270918554
0.6958430786555787
0.9395092417495273
1.0479371316306485
0.934797015767613
1.0882773283770177
0.7337065724210443
1.0535290136808166
1.2420233463035018
0.9007780761550644
0.8533056009508243
1.2157381409782773
0.8763607614182328
0.9036939203704785
0.7015191347460167
0.9491532130421018
1.312152379270769
1.0517252137018778
0.93657310431504
1.022536350872183
0.8681195306131868
0.9554299204771372
1.0055020052065011
0.9629244829244832
1.1409526579683644
1.3007995919530744
1.0003777690471154
0.9746922247983543
0.994602535850021
1.0709208252605116
0.8968108504398825
1.0423387096774193
1.0894642143142743
0.8902814875693446
1.0186550836550838
1.2215431627196331
1.1701982024879474
1.2519413418433247
1.058403457852206
0.9204248236506302
0.9099061230208771
1.1445817274994332
0.9248596896665566
1.1631308535892892
1.0545824116697555
0.9767386186809242
0.8072577611072476
0.7400929516266535
1.02287109375
1.601221264367816
0.6978132816912775
1.146749456868551
0.9177174531505239
1.2013094718463553
1.3603068641464675
0.985520517369656
1.0642183503836313
0.8221698935984645
1.064031090860359
0.867966461258713
1.180590036411784
0.9187487359266503
1.0011357795953073
0.9732771629778673
0.9139952153110038
1.0844139333841851
1.0409718172983478
1.1045383979515715
0.838365539452496
1.188593779209387
1.2887214137214136
0.8498535929091482
0.8128984088741655
0.8749018067556953
1.022190673522114
1.032868755585022
0.9533753260800405
0.9275231283400877
1.0651300377887596
0.9335011001285165
0.9481342793325449
1.2352841294996606
1.2012209370253535
0.7753694303440494
0.9768028846153844
0.8157158294311602
0.8566851747022054
1.0209814152868508
1.0372498963300847
0.8902372405181834
1.2695105523125274
1.275554756523526
0.7964310042818218
1.039177739330238
1.1050261717424996
1.1838966202783299
1.1358166752033003
0.9859240827478533
1.2882236842105261
1.3423473304984643
0.7938684859921614
1.7677831460470843
1.0242237661561402
0.9514463638776253
1.0477463712757833
1.4899194806816052
1.2948747680890538
0.9415068543768245
0.9205629979861658
1.086941483910637
1.1584323550465283
0.9772952380952382
0.9524738125041174
0.8177586206896554
1.136346770113004
1.171778563015312
0.8055944151854291
1.1940389867219134
1.36146101579225
0.9003820303772782
1.1179195804195803
1.1609106311175739
0.8321169772256721
1.573438219765423
1.1876984126984127
1.1586680660242343
1.1711261414063092
1.2369569010643864
0.7846583404777903
1.08419252756227
0.9887057265806022
1.0465651105651108
0.9065501525481188
1.0314371257485027
0.895561249793354
1.1317184016463728
0.7936041083099903
1.0562810683292612
0.7975634648772932
0.9463605182926832
0.9362665845458977
0.8077774326318244
1.0839728533974222
0.9814956667067608
1.0940398886827456
0.9973978867686485
0.9066493393978773
0.9783829634104024
0.9445095149935137
1.2619644289151106
0.9562262748533358
0.9508147015397594
1.0156129380886216
0.9690918597168598
0.9300044091710759
0.8178620706647614
1.4772921186709242
0.9253728494349994
1.1932642089093703
0.7872563166680816
0.9195879344845473
1.1397050005995921
0.7118364337568057
0.83461210571185
0.8541077243367318
0.9365986042905147
0.6966242661448142
1.007895587000065
0.8924564150487991
1.1774001876368183
0.8215297111210899
0.9147482088658562
1.02017340206456
0.9035981646945181
0.8059611130515778
1.2149401645474946
1.1703613085570859
