Case Count:
 [0, 0, 0, 0, 0, 0, 0, 0, 0, 0, 0, 0, 0, 0, 0, 0, 0, 0, 0, 0, 0, 0, 0, 0, 0, 0, 0, 0, 0, 0, 0, 0, 0, 0, 0, 0, 0, 0, 0, 0, 0, 0, 0, 0, 66, 0, 0, 15, 0, 251, 0, 1, 0, 0, 0, 0, 0, 0, 0, 0, 0, 0, 0, 0, 0, 0, 0, 0, 18, 0, 0, 0, 0, 0, 0, 0, 0, 0, 0, 0, 239, 0, 2, 0, 0, 0, 0, 2, 0, 0, 0, 235, 0, 0, 0, 78, 0, 0, 0, 135, 0, 139, 0, 274, 252, 0, 169, 174, 278, 0, 0, 21, 0, 194, 274, 89, 310, 147, 258, 239, 0, 0, 303, 78, 39, 323, 213, 16, 85, 322, 312, 150, 153, 130, 315, 25, 130, 203, 151, 38, 152, 316, 96, 126, 399, 1, 142, 59, 330, 91, 57, 280, 198, 278, 156, 162, 75, 287, 0, 168, 70, 143, 301, 279, 152, 12, 37, 278, 54, 179, 61, 68, 0, 280, 184, 1, 193, 8, 177, 0, 178, 91, 251, 75, 206, 296, 0, 184, 174, 78, 169, 106, 161, 207, 133, 81, 211, 294, 25]

Control Count:
 [0, 0, 0, 0, 0, 0, 0, 0, 0, 0, 0, 0, 0, 0, 0, 0, 0, 0, 0, 0, 0, 0, 0, 0, 0, 0, 0, 0, 0, 0, 0, 0, 0, 0, 0, 0, 0, 0, 0, 0, 0, 0, 2, 0, 42, 0, 0, 8, 0, 199, 0, 1, 0, 0, 0, 0, 1, 0, 0, 0, 0, 0, 0, 0, 1, 0, 0, 0, 12, 0, 0, 0, 1, 0, 0, 0, 0, 0, 0, 0, 84, 0, 2, 0, 0, 0, 0, 0, 0, 0, 0, 181, 0, 0, 0, 47, 0, 0, 0, 110, 0, 114, 0, 237, 171, 0, 110, 142, 217, 0, 0, 14, 0, 123, 186, 60, 175, 108, 234, 183, 0, 0, 167, 50, 17, 213, 159, 11, 78, 243, 185, 127, 122, 58, 235, 34, 134, 178, 114, 19, 119, 221, 57, 114, 264, 1, 123, 27, 254, 87, 56, 176, 130, 195, 109, 116, 45, 190, 1, 133, 33, 129, 227, 220, 126, 10, 40, 208, 40, 124, 64, 65, 0, 208, 117, 0, 127, 3, 123, 0, 140, 86, 210, 51, 129, 250, 0, 119, 124, 59, 133, 78, 140, 132, 107, 59, 156, 188, 10]

Cluster Number:
 [45, 48, 50, 52, 69, 81, 83, 88, 92, 96, 100, 102, 104, 105, 107, 108, 109, 112, 114, 115, 116, 117, 118, 119, 120, 123, 124, 125, 126, 127, 128, 129, 130, 131, 132, 133, 134, 135, 136, 137, 138, 139, 140, 141, 142, 143, 144, 145, 146, 147, 148, 149, 150, 151, 152, 153, 154, 155, 156, 157, 158, 160, 161, 162, 163, 164, 165, 166, 167, 168, 169, 170, 171, 172, 174, 175, 176, 177, 178, 179, 181, 182, 183, 184, 185, 186, 188, 189, 190, 191, 192, 193, 194, 195, 196, 197, 198, 199]

Odds Ratio:

nan
nan
nan
nan
nan
nan
nan
nan
nan
nan
nan
nan
nan
nan
nan
nan
nan
nan
nan
nan
nan
nan
nan
nan
nan
nan
nan
nan
nan
nan
nan
nan
nan
nan
nan
nan
nan
nan
nan
nan
nan
nan
0.0
nan
1.163549081277934
nan
nan
1.3806072210065647
nan
0.8966810453447176
nan
0.7327586206896551
nan
nan
nan
nan
0.0
nan
nan
nan
nan
nan
nan
nan
0.0
nan
nan
nan
1.1015367727771679
nan
nan
nan
0.0
nan
nan
nan
nan
nan
nan
nan
2.461749482401656
nan
0.732470334412082
nan
nan
nan
nan
inf
nan
nan
nan
0.9354052892193545
nan
nan
nan
1.236392729454709
nan
nan
nan
0.8825852988321502
nan
0.8751165889407063
nan
0.7836892453377139
1.1101609266889527
nan
1.1542942583732059
0.8747877996455554
0.9131078029546886
nan
nan
1.1018722466960353
nan
1.1974116475858638
1.1132725929573999
1.0966071428571427
1.448049849988461
0.9973358908780902
0.7344950131835377
0.9425991922071751
nan
nan
1.4897553136538424
1.1567097532314923
1.7115664243225381
1.171105842978664
0.9766522609887212
1.067410136413422
0.7785727305869485
0.9561697886793987
1.3557492662841122
0.8399623987951442
0.9034033293898935
1.747658711320185
0.9736641485896458
0.5262558563248309
0.6641697644443614
0.7901460983687745
0.9653294547422542
1.4859708193041525
0.923872251603344
1.0729813320735495
1.261641498704745
0.7804286556990234
1.1891295025728985
0.7327586206896551
0.8185452629621595
1.6426564495530016
0.926149882349848
0.7414204592214633
0.7295421035386632
1.2379184759770276
1.148037461854151
1.064303438496987
1.0590455392430305
1.0287506181720092
1.241217798594848
1.1552467617642235
0.0
0.9096064734767275
1.60016933008784
0.7785076040002367
0.95859872611465
0.8994335664335664
0.8616780045351473
0.8780806979280262
0.6647141255605381
0.9710947654496042
0.9889714285714285
1.0720752688172042
0.6775093605990784
0.7484677923702314
nan
0.9810951760104305
1.1905696093615556
inf
1.1438933584388906
1.9630836047774156
1.0677867151011935
nan
0.9159026060490774
0.7513043236942887
0.8303202697008006
1.0848601735776278
1.219209366657017
0.806167456556082
nan
1.1664091139811628
1.0352275154881436
0.9662809456471947
0.9162247724574597
0.9957005327600709
0.8100911458333333
1.1924263409720472
0.8963274315502746
1.0069955228653662
0.9889918577244483
1.2141229686714692
1.8556415929203542
