Case Count:
 [637, 644, 728, 669, 693, 568, 652, 796, 738, 613, 703, 573, 698, 648, 677, 722, 796, 607, 752, 754, 590, 606, 610, 589, 682, 716, 431, 725, 628, 775, 523, 449, 611, 337, 670, 471, 515, 538, 558, 621, 601, 545, 557, 799, 649, 717, 724, 692, 771, 788, 661, 722, 653, 795, 744, 721, 778, 679, 608, 622, 503, 807, 801, 604, 781, 786, 757, 641, 511, 655, 672, 674, 787, 766, 746, 638, 525, 628, 717, 725, 712, 755, 789, 502, 606, 595, 806, 545, 426, 852, 612, 825, 571, 719, 468, 636, 714, 764, 692, 668, 666, 557, 605, 525, 809, 743, 471, 478, 739, 726, 801, 824, 613, 749, 510, 594, 738, 673, 787, 658, 640, 690, 816, 793, 595, 589, 794, 790, 684, 712, 646, 797, 682, 697, 710, 523, 715, 818, 506, 591, 538, 849, 686, 631, 689, 613, 650, 572, 773, 742, 596, 726, 620, 598, 624, 548, 665, 495, 670, 642, 672, 693, 672, 735, 490, 848, 632, 733, 619, 606, 691, 559, 706, 551, 537, 845, 841, 661, 841, 828, 654, 776, 724, 521, 849, 666, 600, 558, 826, 597, 785, 698, 586, 708, 695, 791, 857, 633, 741, 823, 618, 711, 767, 432, 774, 697, 824, 669, 622, 668, 831, 577, 425, 764, 691, 593, 619, 555, 876, 779, 371, 751, 733, 825, 684, 664, 580, 585, 761, 808, 852, 678, 741, 601, 623, 674, 752, 600, 830, 765, 707, 652, 614, 802, 611, 703, 855, 844, 800, 665, 868, 704, 630, 883, 456, 634, 603, 630, 718, 753, 691, 823, 838, 838, 806, 564, 870, 751, 832, 841, 881, 864, 860, 857, 669, 827, 848, 766, 743, 644, 638, 889, 868, 852, 895, 854, 845, 832, 870, 718, 899, 899, 873, 884, 870, 882, 752, 858]

Control Count:
 [475, 483, 536, 487, 516, 414, 468, 569, 548, 475, 502, 422, 493, 458, 488, 521, 563, 436, 584, 581, 416, 471, 461, 413, 521, 531, 304, 539, 448, 547, 445, 293, 452, 263, 495, 363, 386, 375, 420, 481, 446, 419, 420, 566, 516, 527, 521, 471, 589, 588, 506, 523, 435, 564, 518, 501, 583, 489, 441, 503, 392, 605, 599, 472, 585, 596, 584, 451, 375, 483, 496, 458, 556, 567, 537, 472, 347, 505, 542, 538, 558, 490, 548, 438, 448, 440, 571, 400, 320, 590, 444, 600, 421, 544, 346, 505, 507, 545, 526, 509, 474, 388, 411, 387, 583, 557, 390, 379, 562, 506, 570, 595, 436, 551, 394, 432, 512, 484, 543, 493, 465, 522, 592, 587, 478, 437, 559, 590, 509, 527, 484, 595, 476, 509, 519, 396, 534, 606, 354, 413, 394, 631, 535, 441, 513, 465, 445, 441, 573, 527, 446, 563, 466, 451, 459, 361, 520, 347, 490, 440, 468, 517, 478, 518, 384, 613, 471, 514, 422, 426, 491, 418, 458, 430, 367, 617, 617, 538, 617, 616, 468, 557, 516, 390, 591, 490, 447, 438, 597, 433, 568, 532, 429, 503, 454, 588, 610, 461, 534, 603, 457, 531, 570, 341, 583, 503, 623, 527, 449, 485, 603, 398, 301, 533, 495, 436, 471, 400, 630, 559, 301, 577, 556, 603, 489, 482, 403, 426, 543, 627, 619, 488, 543, 480, 465, 495, 562, 422, 558, 532, 499, 473, 480, 590, 407, 529, 643, 605, 594, 485, 649, 535, 450, 648, 350, 476, 411, 525, 430, 546, 503, 608, 586, 610, 551, 484, 636, 570, 611, 587, 652, 632, 618, 645, 509, 623, 604, 549, 570, 446, 452, 652, 651, 664, 639, 642, 624, 606, 608, 463, 645, 650, 670, 644, 636, 647, 540, 646]

Cluster Number:
 [1, 2, 3, 4, 5, 6, 7, 8, 9, 10, 11, 12, 13, 14, 15, 16, 17, 18, 19, 20, 21, 22, 23, 24, 25, 26, 27, 28, 29, 30, 31, 32, 33, 34, 35, 36, 37, 38, 39, 40, 41, 42, 43, 44, 45, 46, 47, 48, 49, 50, 51, 52, 53, 54, 55, 56, 57, 58, 59, 60, 61, 62, 63, 64, 65, 66, 67, 68, 69, 70, 71, 72, 73, 74, 75, 76, 77, 78, 79, 80, 81, 82, 83, 84, 85, 86, 87, 88, 89, 90, 91, 92, 93, 94, 95, 96, 97, 98, 99, 100, 101, 102, 103, 104, 105, 106, 107, 108, 109, 110, 111, 112, 113, 114, 115, 116, 117, 118, 119, 120, 121, 122, 123, 124, 125, 126, 127, 128, 129, 130, 131, 132, 133, 134, 135, 136, 137, 138, 139, 140, 141, 142, 143, 144, 145, 146, 147, 148, 149, 150, 151, 152, 153, 154, 155, 156, 157, 158, 159, 160, 161, 162, 163, 164, 165, 166, 167, 168, 169, 170, 171, 172, 173, 174, 175, 176, 177, 178, 179, 180, 181, 182, 183, 184, 185, 186, 187, 188, 189, 190, 191, 192, 193, 194, 195, 196, 197, 198, 199, 200, 201, 202, 203, 204, 205, 206, 207, 208, 209, 210, 211, 212, 213, 214, 215, 216, 217, 218, 219, 220, 221, 222, 223, 224, 225, 226, 227, 228, 229, 230, 231, 232, 233, 234, 235, 236, 237, 238, 239, 240, 241, 242, 243, 244, 245, 246, 247, 248, 249, 250, 251, 252, 253, 254, 255, 256, 257, 258, 259, 260, 261, 262, 263, 264, 265, 266, 267, 268, 269, 270, 271, 272, 273, 274, 275, 276, 277, 278, 279, 280, 281, 282, 283, 284, 285, 286, 287, 288, 289, 290, 291, 292, 293, 294, 295, 296, 297, 298]

Odds Ratio:

0.9460850757029563
0.9263157894736842
0.9798024801366303
1.0250039488232507
0.9389781237682303
1.0147336304147097
1.071276497269277
1.17805938396078
0.9377651240111587
0.841292471685543
1.1091651094736101
0.9878521220512272
1.1522703125137201
1.1228146513543333
1.0624918683320324
1.0711470880043026
1.254397093978285
1.0592840047865975
0.7056729355313058
0.7415785591344971
1.1086765373269798
0.836504900317485
0.9125589049293138
1.1241418601338837
0.8479488992672144
0.949576934298825
1.0732865673219192
0.936283604350831
1.0851032273374466
1.2328165436026493
0.683168207228649
1.238708759954494
0.9734443702343182
0.9047502826019936
0.9720369720369721
0.9008986249954889
0.9506958524192135
1.1227826086956525
0.9346553715825953
0.8383508383508383
0.9654585475226952
0.8874676809864759
0.9304723502304146
1.248776841533025
0.7411752491694352
0.9883104793956532
1.0845934179111467
1.3018355774140664
0.7622015430573174
0.8839195252569112
0.8530101468939884
1.0537127866914218
1.337981009495253
1.2307478564623688
1.2654909735990816
1.2453938277291565
0.866084309293106
1.0664049079754596
1.0307923792569984
0.7169750228272065
0.8705027785762192
0.8309443164882809
0.8566621452420706
0.8229204693611474
0.8659736659736658
0.7838973107429483
0.7310150525645108
1.1350548164572556
0.9975502392344497
0.9799610101101695
0.97527300112966
1.2869423752033566
1.2460102340662684
0.9448501963839386
1.093140397472296
0.970804939134487
1.2508203269894715
0.7271339758560573
0.8673588386827263
0.9446297106203074
0.7232545463554828
1.6913558526859012
1.36779197080292
0.6522408649064835
0.9757712295444492
0.9757416984213391
1.2623695413836806
0.9970377604166668
0.9554299204771372
1.7066255778120187
1.0305226362008697
1.0709134615384623
0.9850183786939846
0.8622461484593836
0.9829097338031173
0.7565032271145204
1.1397275354341547
1.1554517653600223
0.8604065392822192
0.8648616097975895
1.1058863166000867
1.1307019731737058
1.2266828872668285
0.9872208151047666
1.1332475700400226
0.8892878515858765
0.7673328854551563
0.8445377905446119
0.8235718299306987
1.23688155922039
1.2186266447368426
1.134277711084434
1.0900664847288353
0.981750352893729
0.8866287874198903
1.022014925373134
1.2753803992146597
1.070030023243802
1.4085285191813872
0.9259073523798123
1.0286862373032708
0.8793824844899728
1.085625448457307
0.9337358452750771
0.7565517500563724
0.9672634271099744
1.2836149208242225
0.8766004145835873
0.9434104486588346
0.9588051661871826
0.92910959904214
0.8727018079959254
1.1891436736637973
1.0152089966804412
1.0119566078074274
0.9270973279593973
0.9197469284889219
0.9120506645259118
1.104980566574508
1.1346332936945709
1.0022849130824254
0.8409270998415213
0.7704011384177532
1.1523535588732134
0.9401559454191035
0.9011024908125767
1.2355523337763281
0.8719678347529486
0.9339508658880384
1.1595044089742157
0.9430506739923782
0.7495734497633194
0.9257330166534719
0.9213496694153978
0.9895210543233683
1.2749652830792275
0.779902389277389
1.0978233442675203
1.0083523756993142
1.2252296484003797
1.1900628554325052
0.9314821492967905
1.1104635071553002
1.1921844524937304
0.8632901480637812
1.161339697500654
0.9487657895301206
1.2150698800921151
1.225508332059318
1.1230541141586359
1.1235003166235942
0.9505819216345532
1.5414847161572052
0.8508736311061891
1.1720652838792194
1.0434514162228912
0.9913069102696329
0.6555720468290515
0.9913069102696329
0.8650507907933642
1.0823776223776225
1.129111369263444
1.1293250141803743
0.9528092006033181
1.6161167512690353
0.9870877628617984
0.9546928867220172
0.8344348853524352
1.1283602478411476
1.0299117949859486
1.0845192683881064
0.8462877974156169
1.0035678607107177
1.1336865683725703
1.4850427350427355
0.9065734989648025
1.3854052823315126
1.0205487483144748
1.0850167344011474
1.004318032479114
0.9740021248601605
0.9213186129684345
0.9219948018193638
0.8666662732996215
0.8393957837658383
1.0631555494618494
0.7305969578842776
0.7519048314114727
1.0468721661600517
1.0343089623573094
1.0968626256472735
1.165565041114664
1.0645731160681329
1.2857126613224177
1.0909600203717853
0.9917335626911316
0.8902814875693446
1.042479946524064
1.3380053908355805
1.1334287418008344
0.8393765107943651
0.7604619009600218
0.8407814564674793
1.026119402985075
1.0961812946037308
1.034494637125186
1.1464162051092452
1.017953652145431
1.1512102078400421
0.5751117086480287
1.1082810565847725
1.0683005682189277
1.0017044786646292
0.7672827743902438
0.9457305502846298
0.9931788472964945
0.8996119589038346
1.1192901078955328
1.8480503964374921
1.3064482853475154
1.161548321868963
1.035070713855031
0.8162301587301586
0.9740024022420931
1.2935113501151236
0.8937885808923162
0.6828212349207682
1.2473310646572684
0.908307885052071
1.0179631365198376
0.7016090328121449
0.853865005192108
1.0816053511705683
0.9775563607085345
0.9117245545152524
0.9255804016521864
1.2151269535623126
0.6260869565217391
1.9863110327344862
1.057848401598401
1.0274320463771993
0.9322089126117178
1.492892772756254
1.071842911187174
1.5460434096174003
0.6289369410166423
1.0433322673488956
0.8216144293317569
0.9826716385172186
1.5303933715347686
0.8163663087934567
1.030574488802336
1.2705783030814704
0.6643410852713174
0.8694876832401389
0.7548232776256566
1.3346414847518593
1.129907137349559
0.7779003961516697
1.1906222956494374
1.1107715232795061
0.9885352760736191
0.6557377049180326
0.28328900015646963
1.7301850317591845
0.6917133956386292
0.91889880952381
1.061549453914463
1.7704616413916132
1.6022028190351407
1.6725581395348847
1.4291794871794898
0.25594349680170597
1.1286404416839184
1.0433322673488956
0.9861554145154418
1.1093534212178287
0.654733353682466
