Case Count:
 [760, 727, 658, 728, 694, 570, 702, 622, 733, 669, 550, 617, 592, 726, 675, 765, 745, 682, 675, 637, 705, 770, 658, 610, 566, 761, 420, 576, 622, 735, 495, 656, 592, 810, 807, 611, 672, 767, 624, 573, 618, 688, 675, 712, 599, 644, 610, 630, 587, 657, 571, 611, 585, 677, 658, 757, 633, 628, 792, 734, 770, 668, 733, 737, 686, 809, 762, 627, 731, 805, 686, 715, 752, 623, 679, 668, 696, 804, 571, 729, 591, 689, 679, 648, 621, 832, 745, 764, 754, 607, 640, 734, 758, 624, 594, 600, 715, 736, 784, 615, 764, 516, 785, 646, 497, 468, 651, 818, 668, 510, 745, 760, 798, 693, 694, 486, 696, 762, 477, 845, 535, 510, 790, 487, 631, 669, 761, 762, 646, 647, 376, 633, 700, 721, 821, 751, 822, 696, 528, 584, 437, 707, 664, 629, 849, 448, 720, 706, 553, 587, 626, 722, 641, 853, 620, 665, 843, 663, 675, 625, 755, 750, 807, 839, 677, 876, 638, 837, 619, 632, 575, 603, 816, 837, 810, 705, 810, 853, 685, 718, 703, 573, 603, 843, 865, 813, 874, 771, 644, 761, 776, 689, 787, 775, 789, 734, 753, 513, 676, 557, 676, 848, 651, 856, 672, 705, 693, 634, 739, 768, 703, 711, 795, 716, 650, 648, 580, 657, 610, 820, 677, 742, 702, 846, 839, 755, 700, 871, 711, 882, 657, 804, 650, 875, 872, 818, 654, 845, 894]

Control Count:
 [570, 539, 471, 527, 503, 442, 496, 446, 521, 466, 388, 466, 462, 537, 486, 576, 557, 491, 492, 488, 535, 477, 461, 461, 411, 578, 296, 405, 440, 511, 310, 535, 442, 609, 577, 452, 423, 510, 463, 403, 444, 508, 503, 526, 456, 463, 433, 440, 441, 514, 427, 505, 398, 442, 496, 544, 511, 481, 617, 525, 573, 506, 536, 550, 493, 587, 548, 473, 495, 578, 469, 483, 565, 448, 488, 473, 541, 600, 440, 530, 443, 535, 476, 518, 487, 608, 484, 562, 523, 448, 439, 579, 517, 457, 443, 443, 500, 543, 537, 446, 571, 472, 561, 463, 390, 346, 451, 586, 509, 349, 535, 541, 542, 520, 522, 366, 520, 572, 378, 621, 418, 393, 580, 363, 483, 479, 526, 502, 485, 476, 287, 415, 483, 528, 605, 546, 596, 519, 396, 428, 310, 500, 536, 439, 630, 306, 539, 528, 437, 410, 475, 507, 440, 606, 466, 520, 613, 472, 512, 434, 557, 564, 532, 588, 438, 615, 465, 617, 422, 433, 441, 416, 605, 613, 577, 519, 625, 637, 503, 538, 503, 381, 493, 585, 623, 608, 621, 545, 525, 558, 548, 505, 532, 512, 533, 511, 573, 393, 497, 425, 482, 620, 432, 616, 469, 564, 545, 482, 589, 548, 525, 489, 590, 539, 469, 460, 403, 459, 454, 577, 488, 547, 528, 626, 614, 543, 565, 641, 506, 649, 402, 595, 472, 638, 638, 605, 495, 624, 662]

Cluster Number:
 [1, 2, 3, 4, 5, 6, 7, 8, 9, 10, 11, 12, 13, 14, 15, 16, 17, 18, 19, 20, 21, 22, 23, 24, 25, 26, 27, 28, 29, 30, 31, 32, 33, 34, 35, 36, 37, 38, 39, 40, 41, 42, 43, 44, 45, 46, 47, 48, 49, 50, 51, 52, 53, 54, 55, 56, 57, 58, 59, 60, 61, 62, 63, 64, 65, 66, 67, 68, 69, 70, 71, 72, 73, 74, 75, 76, 77, 78, 79, 80, 81, 82, 83, 84, 85, 86, 87, 88, 89, 90, 91, 92, 93, 94, 95, 96, 97, 98, 99, 100, 101, 102, 103, 104, 105, 106, 107, 108, 109, 110, 111, 112, 113, 114, 115, 116, 117, 118, 119, 120, 121, 122, 123, 124, 125, 126, 127, 128, 129, 130, 131, 132, 133, 134, 135, 136, 137, 138, 139, 140, 141, 142, 143, 144, 145, 146, 147, 148, 149, 150, 151, 152, 153, 154, 155, 156, 157, 158, 159, 160, 161, 162, 163, 164, 165, 166, 167, 168, 169, 170, 171, 172, 173, 174, 175, 176, 177, 178, 179, 180, 181, 182, 183, 184, 185, 186, 187, 188, 189, 190, 191, 192, 193, 194, 195, 196, 197, 198, 199, 200, 201, 202, 203, 204, 205, 206, 207, 208, 209, 210, 211, 212, 213, 214, 215, 216, 217, 218, 219, 220, 221, 222, 223, 224, 225, 226, 227, 228, 229, 230, 231, 232, 233, 234, 235, 236, 237, 238, 239]

Odds Ratio:

0.8757396449704145
0.9481621631550908
1.082567513573225
1.0583892680808482
1.04506577555941
0.8585311133238379
1.1534567287196247
1.0675421042637416
1.1484977868306638
1.1871492241663917
1.095870848407366
0.9123954550456698
0.8327103163898414
0.9590224839695076
1.0662729658792653
0.8503239329268293
0.9013738193739754
1.0684631051229825
1.0208613405031692
0.8627680777004267
0.8588951935914553
2.0711206044064716
1.158719613226501
0.9125589049293138
1.02431079206129
0.8072067062118962
1.0732490840545852
1.111992445703494
1.10972756884809
1.2604151955938427
1.3649843912591049
0.6557529697716614
0.9498771432791329
0.8047356873783997
1.192260704037276
0.9734443702343182
1.5948340094378672
1.5874727668845314
0.9632971001664129
1.1103103131011791
1.0607021812809598
0.9721959028980297
0.9404204693101238
0.966865833785986
0.8956339712918662
1.063938463870259
1.0952239605580374
1.154074186682882
0.9340812348331142
0.784783417257954
0.9487655855455104
0.6696307366585715
1.2092073740797014
1.4526592688357396
0.905621354600643
1.1083810704514363
0.711442851853811
0.8675171465869137
0.5996521903725344
1.1184761904761902
0.9127728934110445
0.8851634788666273
1.0116985226926594
0.9142708333333335
1.0765365320244744
1.0795854628052235
1.10741291140347
0.9129832126905899
1.3872666054484242
1.1568673959147227
1.276088692340765
1.3696522900098689
0.8722763861806913
1.0588745915032678
1.0741557377049176
1.1254809522652347
0.7730081790992682
0.8683200000000005
0.8736097003555102
1.0384811320754714
0.9393858442304355
0.7834423676012462
1.169705882352941
0.725648882232512
0.8031814181711514
1.0298426478567544
1.6480079949694577
0.9804378302598946
1.3016334334881179
0.9804167590949422
1.2207675512922578
0.6631061511890528
1.4061329985182165
1.0028051798974063
0.9526094134294668
0.9797800297776287
1.2094859813084113
0.969169553144591
1.4498940473897128
1.0319970866299164
0.8920023350846471
0.5532277260228998
1.166072489601902
1.074784971265903
0.8584223646723644
0.9829097338031173
1.1942286525546744
1.19469298650186
0.8648616097975895
1.1578940170004994
1.1049370174725721
1.1637445449474457
1.562237683445537
0.9091672099087352
0.8995353387136223
0.9441956851570886
0.9248596896665566
0.8694987647083458
0.8459228824273072
0.9719346675868423
0.854352366842348
0.8919820000364371
0.9897047878938228
0.9652219438315696
0.8680228438034101
1.0850971575397461
1.3348157704146295
1.627000978123435
0.9224873410804706
0.9881026878836641
0.933419863777558
1.370709866492999
1.2530852477691286
1.0044525786713283
0.9549433731251913
1.0431843437461417
1.0956219030295427
0.9323972313875314
0.9476309226932672
1.0006230529595017
1.0629884605297666
1.1528558558558557
0.6778372289495915
1.155793470007593
0.8591071428571428
1.1414129061187888
0.9075818235080022
0.9173970648185893
0.8211938263790838
1.1344815290258163
0.8959944415494181
1.1970385615870565
1.2190735479797983
1.3890698280354346
0.9257330166534719
0.779902389277389
1.0873705375772986
1.1036622276029056
0.8771761195866146
1.1700748847926268
0.9659712334138133
0.8691905384523954
1.8526284974731921
1.4744331065759633
1.4904598825831703
1.7737689829728487
1.0184236780844698
0.9436967091818754
1.225508332059318
1.2187774589622167
0.8839694069718281
1.1782901722510621
0.9071308418050169
1.0092205120930562
1.2268616285335616
0.9824009083402144
0.609882352941176
0.7752623316533083
0.9934654368868756
0.9044732993886428
1.1007758757191366
1.2673626470848445
0.7053596983536384
1.6085867620751348
1.258276484751203
0.8414955762250447
1.535353535353536
1.217698292881199
0.671438596491228
0.9984959037378389
1.2309527217212914
1.0005280528052807
1.552247696706556
1.6611074472402598
1.5648887697668195
1.2522454714235536
0.8064017134697761
0.9036993540810332
0.9892079751234683
0.9019101834282102
1.1031440145638238
1.0300278773397051
1.34974520383693
1.2373243195161
1.1819501713223763
0.6529017857142857
0.7327631783548438
0.8873057177016671
0.6075239031364491
1.1577277054903206
0.9242983565107459
1.280576349411831
0.9150645079686316
0.8855905998763137
1.0531062047672541
1.1079065449481662
1.1464162051092452
1.1682525951557095
0.9561128526645769
1.3559537627398914
1.0624918683320324
0.9720302280792654
0.8961253504205043
0.8955310058123859
1.0172457473760406
1.102749730107322
0.627584341306952
0.9371133466028296
1.1279780251658993
0.9252860374389421
1.6763882791922737
0.9296672268907564
1.0316050057712172
1.0920991524439811
1.031072980256284
0.9257389621025983
0.8936198347107439
0.91889880952381
0.7331031506258093
