Case Count:
 [307, 0, 0, 30, 0, 0, 0, 0, 0, 0, 65, 489, 430, 0, 0, 504, 325, 364, 459, 457, 107, 0, 471, 342, 0, 540, 98, 1, 452, 482, 357, 558, 471, 0, 78, 19, 296, 427, 506, 509, 6, 21, 316, 1, 4, 471, 535, 162, 299, 397, 472, 366, 375, 539, 427, 487, 7, 402, 300, 445, 568, 439, 520, 516, 471, 555, 448, 5, 193, 352, 535, 476, 488, 327, 495, 594, 445, 201, 479, 43, 232, 288, 540, 475, 231, 118, 200, 47, 421, 492, 484, 323, 170, 465, 233, 442, 435, 497, 508, 495, 466, 548, 388, 400, 438, 555, 535, 496, 336, 357, 670, 546, 47, 452, 372, 464, 419, 169, 469, 547, 382, 480, 425, 464, 461, 450, 537, 293, 169, 160, 520, 480, 350, 239, 384, 246, 440, 435, 440, 391, 427, 279, 491, 181, 474, 398, 457, 193, 729, 440, 416, 456, 614, 328, 451, 401, 493, 438, 539, 472, 301, 512, 475, 490, 499, 209, 341, 492, 583, 439, 329, 417, 423, 367, 416, 502, 367, 519, 438, 404, 234, 444, 170, 451, 450, 476, 501, 492, 423, 385, 411, 514, 466, 297, 357, 411, 307, 496, 308, 550, 541, 638, 379, 408, 292, 386, 502, 304, 417, 490, 508, 446, 460, 242, 525, 346, 542, 362, 353, 730, 390, 417, 519, 472, 481, 365, 520, 545]

Control Count:
 [254, 0, 0, 23, 0, 0, 0, 0, 0, 0, 40, 366, 293, 0, 0, 331, 249, 327, 323, 352, 82, 0, 341, 261, 0, 329, 80, 0, 311, 293, 263, 320, 371, 0, 45, 11, 248, 333, 351, 370, 1, 16, 255, 0, 7, 307, 408, 126, 209, 288, 357, 287, 280, 354, 329, 338, 10, 320, 172, 321, 272, 339, 373, 354, 310, 423, 312, 3, 122, 272, 370, 349, 351, 250, 356, 404, 377, 114, 312, 26, 171, 202, 369, 318, 154, 77, 134, 26, 273, 362, 310, 225, 119, 312, 189, 325, 308, 337, 389, 279, 342, 354, 341, 261, 307, 375, 402, 322, 229, 287, 508, 382, 29, 353, 255, 345, 306, 136, 334, 350, 284, 333, 372, 345, 313, 320, 384, 204, 123, 139, 354, 348, 248, 165, 335, 199, 324, 349, 339, 262, 319, 215, 393, 112, 335, 281, 313, 145, 531, 334, 315, 331, 462, 237, 313, 230, 371, 342, 390, 339, 205, 380, 343, 429, 341, 144, 240, 367, 411, 331, 258, 290, 316, 251, 320, 380, 288, 389, 358, 281, 160, 372, 138, 362, 309, 345, 334, 343, 295, 329, 339, 311, 405, 179, 278, 308, 265, 387, 227, 404, 406, 448, 259, 295, 230, 287, 363, 220, 303, 303, 362, 342, 350, 145, 389, 252, 394, 328, 293, 526, 299, 354, 357, 335, 332, 256, 360, 399]

Cluster Number:
 [1, 4, 11, 12, 13, 16, 17, 18, 19, 20, 21, 23, 24, 26, 27, 28, 29, 30, 31, 32, 33, 35, 36, 37, 38, 39, 40, 41, 42, 43, 44, 45, 46, 47, 48, 49, 50, 51, 52, 53, 54, 55, 56, 57, 58, 59, 60, 61, 62, 63, 64, 65, 66, 67, 68, 69, 70, 71, 72, 73, 74, 75, 76, 77, 78, 79, 80, 81, 82, 83, 84, 85, 86, 87, 88, 89, 90, 91, 92, 93, 94, 95, 96, 97, 98, 99, 100, 101, 102, 103, 104, 105, 106, 107, 108, 109, 110, 111, 112, 113, 114, 115, 116, 117, 118, 119, 120, 121, 122, 123, 124, 125, 126, 127, 128, 129, 130, 131, 132, 133, 134, 135, 136, 137, 138, 139, 140, 141, 142, 143, 144, 145, 146, 147, 148, 149, 150, 151, 152, 153, 154, 155, 156, 157, 158, 159, 160, 161, 162, 163, 164, 165, 166, 167, 168, 169, 170, 171, 172, 173, 174, 175, 176, 177, 178, 179, 180, 181, 182, 183, 184, 185, 186, 187, 188, 189, 190, 191, 192, 193, 194, 195, 196, 197, 198, 199, 200, 201, 202, 203, 204, 205, 206, 207, 208, 209, 210, 211, 212, 213, 214, 215, 216, 217, 218, 219, 220, 221, 222, 223, 224, 225, 226, 227, 228]

Odds Ratio:

0.8297402334354509
nan
nan
0.9546839483484063
nan
nan
nan
nan
nan
nan
1.2055844907407405
0.9565014903129659
1.1411218341119098
nan
nan
1.2539541496356852
0.9335354663687864
0.6974425590647074
1.082418812989922
0.9049559418335901
0.9508782861551242
nan
1.0253684898001
0.9375550725489046
nan
1.4852204624123895
0.8859506618531889
inf
1.1273568053280487
1.4279191576761268
0.9919567124890319
1.6967486522911055
0.8592968372979908
nan
1.2954171562867214
1.2717282717282716
0.8164398919635123
0.8889128171996697
1.1246489260673658
1.0186550836550838
4.420368364030336
0.9612472466960353
0.8611841473946837
inf
0.41637065637065634
1.2528199365603176
0.9085734547626156
0.9303408455950829
1.0718310928837245
1.0183074874686715
0.9373517459500216
0.8924564150487991
0.9694107787519342
1.2766405910473706
0.9100618801390185
1.1181089185788105
0.5094360086767896
0.8605431688804553
1.4114319517876288
1.0311269019850158
2.3658953886263645
0.9038468484739027
1.0498371100637793
1.154101859071695
1.2307437667277084
0.9051086585504604
1.1015512553974094
1.222943722943723
1.2015212936564503
0.9173208278111938
1.1413431197695156
0.9995888600036685
1.040370564180088
0.9364584717607973
1.0412351783772589
1.2157381409782773
0.7413902711708356
1.3732287449392713
1.2589102564102563
1.2226515019968744
0.9927257167308516
1.0654144977680298
1.173741300395009
1.194310531127919
1.1325214899713467
1.1413198392236616
1.119914829146449
1.3424472353043786
1.2385567188716797
0.9921235950794595
1.3016600217470098
1.0802200220022
1.0577827969132316
1.1852412135278514
0.8714650611202337
0.9941683778234088
1.0664007045585993
1.1743598197604128
0.90576360605487
1.6433774342203058
0.9976507142586487
1.3286178210774502
0.7150871905507884
1.2167829128913803
1.0867404817662552
1.210909090909091
0.9424009394651106
1.2771219141336618
1.1183752218384797
0.8568139177895278
0.8809625148207825
1.1158394050824982
1.1980608335288139
0.8804793890046977
1.1157249973598053
0.9718186068256193
1.0068242983467899
0.891108746130031
1.0592488935173132
1.3542034405385195
0.9762211293354275
1.1171973755492686
0.700444828469022
0.9718186068256193
1.158133311487944
1.0598251565762007
1.059530452806122
1.0772058823529411
1.008793324775353
0.8112937478365813
1.1744229414446148
1.0229629060748022
1.0554209148141958
1.0832147562582344
0.7277228536217992
0.8723853528256217
0.9914413390896011
0.8376738628586011
0.9077582930669419
1.1622704957575414
0.9652549675904534
0.9303327370304114
0.8214995294363694
1.2293377578304048
1.0759652288010493
1.0669454664870552
1.138354903341095
0.9693403298350826
1.029661016949153
0.9348174816012147
0.9422073702775458
1.0193979420425006
0.9239744382601524
1.0224309694812443
1.1093079524643414
1.4892210144927533
0.9448181211207001
0.8842319648408188
1.031222879684418
1.0419627815108155
1.1129097405623738
0.9725608986495012
1.031003968610729
0.6556541408477629
1.1570619927709198
1.0824942129629629
1.0656249999999998
0.9632682583131212
1.1069153200286908
0.9473457056538626
0.8990116279069766
1.098107489224138
0.9655963876519736
1.1187279352341524
0.9148148148148149
0.9312338222605694
0.8911069098457887
0.9502037745313185
0.8048447473517732
1.09540755804101
1.0963489208633095
0.7604256734286663
0.8813083576788681
0.8314397004091633
1.1309970204917204
1.0233611670985696
1.2161214953271027
1.1094461975702345
1.093843371072553
0.7571964956195247
0.8004578535551988
1.4735210940223915
0.6858971282297418
1.3179230606039178
0.9047580117724003
0.9608822644536931
0.7748104107262027
0.8702221744812647
0.9919484702093402
0.9949972569816349
0.9444352749987306
1.1402644820814927
1.1227658827658826
1.0246787468687986
0.8988601460651151
0.9758920951482601
1.0299030328836587
1.0192290909090909
1.016050433168317
1.3924535961568822
1.0633193790107742
0.9152954850895354
0.9275662503807491
1.302133212869548
0.9754638702944846
1.0103324348607368
1.02017340206456
0.6871101647524411
0.8115519529768677
1.0809752182968073
0.924417197709123
0.7523338188559321
1.1488419758147161
1.0667363401809336
1.1286373171256454
1.0743918993794326
1.1336593317033414
1.003093671679198
