Case Count:
 [611, 647, 658, 627, 731, 764, 643, 787, 789, 741, 634, 705, 712, 677, 722, 749, 704, 702, 753, 690, 652, 770, 683, 800, 726, 733, 628, 691, 756, 730, 661, 777, 609, 768, 645, 810, 832, 806, 681, 716, 757, 635, 775, 731, 646, 513, 672, 776, 787, 829, 741, 742, 783, 792, 751, 789, 808, 816, 666, 659, 757, 751, 791, 521, 678, 747, 800, 819, 616, 620, 632, 820, 823, 679, 629, 583, 651, 763, 828, 751, 770, 630, 668, 655, 775, 742, 735, 680, 636, 658, 773, 852, 776, 625, 825, 675, 659, 593, 795, 726, 695, 673, 632, 657, 738, 820, 552, 595, 833, 669, 648, 791, 722, 837, 696, 791, 693, 790, 792, 795, 796, 729, 817, 717, 800, 630, 664, 655, 735, 751, 615, 663, 775, 818, 789, 779, 534, 686, 714, 684, 773, 643, 829, 564, 842, 564, 721, 741, 727, 841, 818, 641, 646, 674, 778, 730, 657, 703, 575, 604, 792, 856, 661, 798, 820, 823, 798, 809, 727, 690, 768, 718, 721, 662, 780, 808, 625, 879, 751, 558, 618, 860, 798, 761, 720, 776, 594, 726, 830, 704, 820, 695, 775, 643, 844, 685, 582, 688, 793, 816, 741, 817, 776, 750, 659, 849, 654, 740, 816, 861, 628, 662, 743, 834, 672, 888, 859, 872, 741, 825, 654, 838, 739, 747, 601, 764, 872, 826, 793, 850, 625, 833, 679, 631, 879, 839, 606, 804, 815, 622, 793, 838, 873, 873, 791, 877, 863, 589]

Control Count:
 [452, 476, 471, 449, 533, 558, 500, 559, 594, 535, 464, 504, 539, 486, 521, 546, 518, 540, 557, 510, 500, 478, 510, 570, 534, 533, 448, 504, 540, 505, 536, 553, 452, 528, 449, 609, 597, 576, 539, 536, 567, 460, 571, 551, 496, 347, 543, 562, 548, 590, 578, 548, 559, 617, 536, 533, 544, 593, 483, 502, 547, 532, 590, 366, 497, 569, 576, 607, 480, 480, 481, 592, 592, 476, 455, 437, 481, 504, 610, 511, 519, 465, 462, 522, 599, 567, 575, 515, 524, 474, 574, 590, 569, 525, 600, 512, 484, 450, 598, 517, 527, 504, 438, 471, 551, 590, 422, 436, 620, 489, 452, 600, 452, 582, 527, 586, 511, 585, 553, 563, 593, 540, 607, 540, 591, 474, 456, 461, 517, 552, 443, 536, 548, 601, 590, 555, 358, 491, 515, 507, 572, 377, 616, 395, 625, 438, 540, 485, 516, 561, 604, 449, 475, 504, 574, 513, 486, 454, 441, 417, 540, 621, 538, 593, 589, 611, 572, 597, 539, 528, 554, 538, 532, 471, 579, 583, 428, 622, 544, 438, 469, 626, 589, 558, 556, 548, 453, 527, 597, 503, 573, 454, 531, 469, 611, 497, 434, 520, 625, 619, 542, 602, 553, 558, 438, 622, 446, 543, 622, 619, 481, 466, 591, 613, 485, 633, 630, 644, 505, 603, 473, 608, 505, 558, 480, 575, 636, 606, 586, 602, 454, 615, 473, 464, 640, 622, 474, 599, 586, 519, 599, 587, 650, 633, 584, 630, 663, 421]

Cluster Number:
 [1, 2, 3, 4, 5, 6, 7, 8, 9, 10, 11, 12, 13, 14, 15, 16, 17, 18, 19, 20, 21, 22, 23, 24, 25, 26, 27, 28, 29, 30, 31, 32, 33, 34, 35, 36, 37, 38, 39, 40, 41, 42, 43, 44, 45, 46, 47, 48, 49, 50, 51, 52, 53, 54, 55, 56, 57, 58, 59, 60, 61, 62, 63, 64, 65, 66, 67, 68, 69, 70, 71, 72, 73, 74, 75, 76, 77, 78, 79, 80, 81, 82, 83, 84, 85, 86, 87, 88, 89, 90, 91, 92, 93, 94, 95, 96, 97, 98, 99, 100, 101, 102, 103, 104, 105, 106, 107, 108, 109, 110, 111, 112, 113, 114, 115, 116, 117, 118, 119, 120, 121, 122, 123, 124, 125, 126, 127, 128, 129, 130, 131, 132, 133, 134, 135, 136, 137, 138, 139, 140, 141, 142, 143, 144, 145, 146, 147, 148, 149, 150, 151, 152, 153, 154, 155, 156, 157, 158, 159, 160, 161, 162, 163, 164, 165, 166, 167, 168, 169, 170, 171, 172, 173, 174, 175, 176, 177, 178, 179, 180, 181, 182, 183, 184, 185, 186, 187, 188, 189, 190, 191, 192, 193, 194, 195, 196, 197, 198, 199, 200, 201, 202, 203, 204, 205, 206, 207, 208, 209, 210, 211, 212, 213, 214, 215, 216, 217, 218, 219, 220, 221, 222, 223, 224, 225, 226, 227, 228, 229, 230, 231, 232, 233, 234, 235, 236, 237, 238, 239, 240, 241, 242, 243, 244, 245, 246, 247, 248]

Odds Ratio:

0.9734443702343182
0.9881026878836641
1.082567513573225
1.0727591852387202
1.0251482934409768
1.020658194851743
0.8138671328671325
1.209579480460581
0.8254329004329007
1.0756213959037582
1.0050993571011106
1.1053093112244898
0.864410112599711
1.0779198510679995
1.0711470880043026
1.028846153846154
0.9845731445731444
0.8074889867841412
0.9524645013873017
0.9680039379768642
0.8520722021660648
2.0566564037788484
0.930918220946915
1.2076703386372913
0.9845021309569936
1.0384423938430911
1.0851032273374466
1.0196328531412566
1.1410404624277457
1.27847156574954
0.6672212630875471
1.1832111925383078
0.9641938606194687
1.3822699040090345
1.1734997961040181
0.8047356873783997
1.206859037455317
1.1945291327913283
0.723427494164821
0.9093616424917662
0.8848898732619659
1.037673765158237
0.9694771078308732
0.8710517149718606
0.8514048786048101
1.186973509199734
0.6645312466410132
1.073942269671807
1.3451089750179914
1.2786271186440676
0.7023761319296176
0.96301573051251
1.1704609503271495
0.5996521903725344
1.1413613114204262
1.5648887697668195
1.68169664560039
1.0716172454446418
1.0380936636516072
0.8703039693079538
1.0781641936992472
1.1816655402551328
0.8840702530090887
1.0990236258437802
1.0000400811241956
0.8078950926051099
1.1304909560723513
0.9076830912086263
0.8241214057507986
0.8402103559870551
0.8848008848008846
1.1309818993305234
1.167245665476798
1.169705882352941
1.0414212454212455
0.940807661274322
0.9736909017484555
1.6142068273092371
0.9541957474435967
1.403614855207899
1.5116152252153998
0.9787463588305103
1.213215902871075
0.7281441396090279
0.6889187607050714
0.7977817389582094
0.6984311967727473
0.8802588996763753
0.6503660474689317
1.0603484515857822
0.9236911462521216
1.7066255778120187
0.998334424572406
0.6109022556390976
1.0709134615384623
0.8771761195866146
0.9934419957147234
0.9059722222222221
0.8234538012279732
1.134472277539042
0.8679187142185246
0.9232468377976193
1.1805728518057286
1.0769482952416636
0.9116218964091942
1.1603172134971238
0.8986385407369224
1.0010369169917048
0.8537130376344088
1.0102878716375647
1.1683305514439577
0.7738043478260869
1.7671112821170527
1.5475683549977592
0.8728978508196856
0.9292303506949593
0.9768980729045744
0.9326692492160114
1.338102717757157
1.2434718061557222
0.8881563098302248
0.9517500000000004
0.8892974817604138
0.8830974842767296
0.9443985361822692
0.9201557935735152
1.2363455809334656
1.1408078281108982
1.201818580629723
0.9859855886663415
1.0522494284769452
0.6742719672315114
1.221383543463835
0.9809476697995836
0.8692372881355939
1.1790270270270269
1.2197298635174316
1.0924207756070166
1.0704357642808764
0.9581451515517448
0.9442464586695355
1.8129138765743538
0.8747564935064928
1.118807005375412
0.8671632183908047
0.8572715331206606
0.9051014957264959
1.5928493090590041
1.1508461892700899
2.0442391832766176
0.9394725851679493
1.1500247463499136
0.989964664310954
0.9282446311858079
0.9604495004268868
1.201328278821006
0.9691584967320264
1.5553097345132747
0.8839694069718281
1.176579966795794
1.5094890510948904
1.1329495069816693
0.6555720468290515
0.903981566108415
1.1750595785112388
0.889509928048668
1.1608124699727753
0.9485762144053593
0.9481621631550908
0.8365823507036896
1.0935264703903853
0.9044732993886428
0.9708375506072875
1.1054653021302985
0.9222102444622182
1.1224926640488786
1.21529912690605
1.6675562700964643
1.0625309814937214
0.8344348853524352
0.8982373387997998
1.0950594990044913
0.9514897808421575
0.9984959037378389
0.7745000172111113
1.2309527217212914
0.892438469902145
1.0450827717071256
1.1796355514948471
1.1072409984537221
1.4179355396512803
1.4850427350427355
1.4216009978721844
1.0162673147747772
1.1375758159237517
1.0393508592538838
0.9545545093560343
0.8838812639642513
0.522447058823529
0.7232904913720392
1.0108247625029443
0.9572704081632654
1.17396494462764
0.9235898360064877
1.3541095890410964
1.0066519292604499
1.2530778638401958
0.9950597795901663
0.6849728253137183
1.2682219899268283
0.8675171465869137
1.1439295301474015
0.6083183232356314
0.9738473426633466
1.056697019535481
1.642353485146225
0.9934013605442185
0.8789364716138167
1.37366757952391
1.026119402985075
1.0457966557755145
1.1056607865818386
1.355539343408025
0.9047323644097837
0.7672827743902438
0.8535862977602108
1.082423038728897
0.9925021628376431
0.9452795623368797
1.411960132890365
1.0279605263157894
0.9311991869918694
1.1943509513742072
0.9902727956491554
1.1262187500000012
0.8842622365130406
0.819336128855273
0.8805075125208688
1.1589874857792943
0.6324113648773323
0.7982176175979575
1.4746616245764455
0.7434890109890113
1.1821259309410965
0.9520423863410757
1.3652930402930414
0.35499794323323736
1.069861673885706
