Case Count:
 [0, 13, 0, 0, 0, 0, 0, 0, 0, 221, 0, 5, 1, 488, 0, 483, 254, 0, 0, 11, 123, 281, 133, 706, 0, 22, 157, 0, 4, 4, 106, 240, 7, 349, 61, 374, 2, 312, 326, 212, 344, 385, 11, 8, 591, 138, 85, 448, 425, 106, 312, 448, 91, 626, 608, 92, 494, 275, 305, 322, 715, 557, 196, 215, 188, 588, 485, 361, 310, 512, 404, 310, 525, 272, 477, 375, 513, 498, 698, 472, 552, 433, 486, 538, 222, 371, 361, 711, 554, 597, 503, 484, 737, 534, 271, 155, 576, 571, 330, 308, 548, 465, 241, 480, 655, 530, 676, 597, 199, 433, 529, 255, 496, 726, 416, 617, 578, 266, 641, 552, 661, 469, 865, 382, 705, 329, 519, 860, 868, 453, 587, 691, 602, 521, 570, 623, 443, 449, 563, 567, 478, 587, 399, 514, 817, 816, 417, 695, 736, 519, 526, 578, 429, 242, 609, 493, 740, 614, 581, 561, 621, 880, 538, 600, 224, 501, 546, 534, 507, 622, 867, 698, 564, 545, 638, 737, 446, 424, 465, 456]

Control Count:
 [0, 15, 0, 0, 0, 0, 0, 0, 0, 145, 0, 3, 3, 351, 0, 346, 197, 0, 0, 6, 96, 192, 115, 505, 0, 16, 117, 0, 4, 1, 88, 160, 6, 233, 23, 249, 1, 237, 226, 147, 236, 305, 8, 2, 423, 97, 76, 317, 324, 55, 243, 328, 43, 468, 444, 64, 344, 217, 248, 250, 533, 428, 182, 168, 148, 402, 362, 224, 242, 374, 303, 216, 364, 217, 341, 281, 410, 375, 486, 319, 425, 293, 348, 417, 161, 259, 256, 519, 391, 438, 380, 399, 533, 408, 191, 129, 438, 392, 241, 223, 407, 341, 183, 358, 480, 387, 507, 380, 144, 325, 416, 194, 365, 544, 319, 455, 400, 182, 490, 393, 473, 331, 627, 268, 510, 225, 386, 619, 636, 286, 426, 538, 442, 387, 410, 440, 295, 318, 410, 414, 306, 446, 297, 381, 607, 599, 290, 533, 532, 404, 376, 422, 323, 186, 428, 392, 482, 333, 407, 403, 481, 643, 398, 450, 154, 438, 394, 374, 366, 452, 639, 487, 415, 394, 430, 524, 322, 328, 323, 324]

Cluster Number:
 [2, 10, 12, 13, 14, 16, 17, 20, 21, 22, 23, 24, 26, 27, 29, 30, 31, 32, 33, 34, 35, 36, 37, 38, 39, 40, 41, 42, 43, 44, 45, 46, 47, 48, 49, 50, 51, 52, 53, 54, 55, 56, 57, 58, 59, 60, 61, 62, 63, 64, 65, 66, 67, 68, 69, 70, 71, 72, 73, 74, 75, 76, 77, 78, 79, 80, 81, 82, 83, 84, 85, 86, 87, 88, 89, 90, 91, 92, 93, 94, 95, 96, 97, 98, 99, 100, 101, 102, 103, 104, 105, 106, 107, 108, 109, 110, 111, 112, 113, 114, 115, 116, 117, 118, 119, 120, 121, 122, 123, 124, 125, 126, 127, 128, 129, 130, 131, 132, 133, 134, 135, 136, 137, 138, 139, 140, 141, 142, 143, 144, 145, 146, 147, 148, 149, 150, 151, 152, 153, 154, 155, 156, 157, 158, 159, 160, 161, 162, 163, 164, 165, 166, 167, 168, 169, 170, 171, 172, 173, 174, 175, 176, 177, 178, 179, 180]

Odds Ratio:

nan
0.6301310043668121
nan
nan
nan
nan
nan
nan
nan
1.1538671342294955
nan
1.222943722943723
0.24353448275862064
1.040370564180088
nan
1.0485302884989245
0.9245046061289715
nan
nan
1.3480392156862744
0.9299395161290324
1.1044319058641976
0.8223508848590779
1.1033698885583627
nan
1.0081312017640576
0.9803374518400425
nan
0.7318918918918919
2.9405405405405403
0.8679167126919253
1.134252539912917
0.85412147505423
1.1569631493266241
2.0105189340813463
1.1691305763594921
1.4670981661272922
0.947336027737316
1.0884368716887536
1.074089887000825
1.1087932782848038
0.8724686595949859
1.0080337690631807
2.9489685124864278
1.0664736245750972
1.0503734018011912
0.8017117735096033
1.069485889675164
0.9291409465020578
1.465944990610847
0.9114592712647818
1.0023832462856854
1.6112005328301047
0.9402978759414401
1.0110297213100952
1.0596624850657108
1.1125233894680564
0.8991107540974365
0.8533976943755172
0.9145436573311366
0.9277410531114662
0.8850932067128932
0.73313044390807
0.9194927971188475
0.9137031768610717
1.1967435549525098
0.9625889701856551
1.2966627892354123
0.9084901000013353
1.0078610908064989
0.9600000000000001
1.078127804702926
1.131711728865194
0.8852415321703878
1.05221498455869
0.963552038233745
0.8150973264540334
0.942849187935035
1.2123884346106566
1.1720433795435683
0.8819597441098456
1.156033248926566
1.049778158324901
0.8711107840070654
1.0141706273555482
1.08330911556718
1.0551345180457745
1.0180304396245425
1.095720375106564
0.9976274962865159
0.9352792191746974
0.7687082875728648
1.0658614759224514
0.9045793000744601
1.056589060933497
0.8569196562706569
0.9052737785711513
1.1758850188119936
1.0058257538497772
1.0186376667172146
0.968304023422134
0.9992163009404388
0.953250095310713
0.9645270060096305
1.0010264598540146
1.009111927104583
0.9169960474308302
1.4243579581483832
1.0165810502283104
0.9562531017369726
0.842457932692308
0.9497460919575392
0.9917175487993927
0.9006628513474356
0.9202246298435047
0.9822626091856863
1.1568233618233617
1.1000116022740456
0.8675666099773243
1.07299491769089
1.0845981508945757
1.078090109024038
1.164025119617223
1.0761958034325632
1.0552783613445376
1.1112888888888888
0.967427018829774
1.248390344407765
1.0068048252397142
1.3143841452664984
1.0274071328556131
0.7717112867451813
0.995461275547622
0.9700942392460862
1.0494598817854472
1.1151440879382053
1.1927041919508963
1.0677869496855346
1.0167466346794616
1.0101489310593321
1.298856571453415
0.9043676081084624
0.9733562035448826
0.9752395408405272
0.8892974817604138
0.9885502385982541
1.098107489224138
0.8247141643014066
1.0680587479060344
0.8679244143926589
1.0587482181511012
1.0106668827047973
0.9509721362229102
0.9374559797154528
1.1249780957943925
0.8336278318666913
1.6165009111067203
2.0370084370084367
1.1239656584484172
1.0516102060632213
0.8383508383508383
1.0613514457104776
0.9783829634104024
0.9361702127659575
1.0872985170857512
0.6494206887722442
1.0384355409471047
1.1097136668246121
1.0340105663895582
1.0264766077657028
0.919127669241254
1.2036943207374415
0.9904208615283053
1.0338343379864636
1.279773036042516
1.1500974077608141
1.0294998906935173
0.9035981646945181
1.1107478381552258
1.0622504110876207
