Case Count:
 [721, 450, 625, 661, 623, 730, 600, 702, 695, 759, 714, 623, 667, 739, 658, 558, 757, 616, 689, 492, 632, 542, 699, 807, 662, 733, 791, 629, 587, 532, 596, 715, 613, 694, 679, 533, 761, 519, 694, 510, 615, 823, 642, 719, 577, 737, 527, 551, 819, 616, 735, 700, 439, 666, 690, 709, 673, 827, 541, 839, 742, 684, 636, 813, 647, 851, 665, 796, 525, 838, 729, 831, 805, 664, 609, 774, 814, 845, 888, 815, 829]

Control Count:
 [541, 361, 456, 477, 467, 528, 427, 511, 522, 562, 512, 347, 512, 579, 475, 377, 567, 438, 497, 329, 466, 409, 546, 581, 485, 527, 571, 508, 444, 372, 318, 539, 475, 521, 512, 356, 558, 366, 520, 385, 462, 592, 467, 567, 473, 516, 384, 390, 544, 471, 538, 534, 368, 464, 513, 530, 480, 580, 297, 623, 557, 493, 494, 603, 498, 628, 476, 600, 379, 615, 467, 568, 597, 456, 420, 600, 560, 617, 628, 585, 619]

Cluster Number:
 [1, 2, 3, 4, 5, 6, 7, 8, 9, 10, 11, 12, 13, 14, 15, 16, 17, 18, 19, 20, 21, 22, 23, 24, 25, 26, 27, 28, 29, 30, 31, 32, 33, 34, 35, 36, 37, 38, 39, 40, 41, 42, 43, 44, 45, 46, 47, 48, 49, 50, 51, 52, 53, 54, 55, 56, 57, 58, 59, 60, 61, 62, 63, 64, 65, 66, 67, 68, 69, 70, 71, 72, 73, 74, 75, 76, 77, 78, 79, 80, 81]

Odds Ratio:

0.8970211858381915
0.8327598470960393
1.0144347299168974
1.0548202384304888
0.9329610502302275
1.0629853814527181
1.0848287693172842
1.0288197108545911
0.9046812064053448
0.9453736654804271
1.0961664244186051
1.959673014258537
0.8403133945610688
0.685192255249523
1.0530044668867744
1.212809311703261
0.8848898732619659
1.0918639765416431
1.062843729040912
1.2045655303847038
0.981777719975145
0.931395032947316
0.751433349259436
1.138511893005277
1.0019846326112976
1.0928435890485229
1.1042158430417013
0.714022309711286
0.9161727516990674
1.1131063622328752
2.0430619298543826
0.8802212473774557
0.841292471685543
0.9069302078653985
0.8964921874999999
1.2287552491204177
0.9984959037378389
1.0894642143142743
0.9143535188216039
0.935808821250349
0.9284266688725286
1.167245665476798
1.0250617403696212
0.6883849836230787
0.7208341341533732
1.227440649224806
1.0139342350746268
1.0876475376475374
1.87505013368984
0.8774750208583463
1.0070229563484454
0.8414699965654284
0.7620175244010648
1.184295922381015
0.9454598840196728
0.9181732418524869
1.1008544921874999
1.4118830290736981
1.802769967718421
0.8678794364187624
0.8833418139575071
1.0646355093761644
0.8216827182158601
0.9065877509006689
0.8430957874049387
0.9207700473624044
1.0848373440285204
0.8079699248120303
1.0354894328482982
0.9882605199678369
1.670299785867238
1.6869610520264433
0.9134381585346084
1.2363455809334656
1.1826562499999997
0.6741290322580645
1.529409937888199
1.0434514162228912
1.8278701258350165
1.1731893837156993
0.8303392568659128
