Case Count:
 [721, 611, 683, 626, 639, 495, 640, 667, 766, 735, 735, 707, 756, 662, 574, 689, 714, 745, 725, 605, 576, 572, 633, 597, 585, 655, 806, 625, 757, 635, 802, 688, 705, 626, 661, 702, 657, 556, 527, 526, 802, 746, 803, 664, 638, 808, 764, 636, 736, 793, 783, 636, 726, 769, 655, 591, 730, 757, 690, 664, 793, 692, 615, 679, 645, 819, 767, 819, 793, 610, 512, 697, 711, 781, 679, 712, 649, 652, 634, 637, 775, 526, 551, 717, 626, 668, 742, 581, 634, 652, 648, 668, 735, 784, 774, 770, 591, 621, 696, 765, 737, 528, 751, 734, 611, 612, 648, 710, 692, 679, 718, 748, 668, 706, 817, 478, 851, 602, 663, 652, 626, 732, 573, 649, 724, 530, 738, 807, 817, 852, 848, 818, 783, 630, 614, 837, 865, 705, 841, 776, 709, 753, 670, 855, 852, 683, 859, 765, 606, 624, 707, 796, 872]

Control Count:
 [541, 452, 485, 471, 466, 376, 469, 456, 561, 524, 530, 518, 567, 490, 417, 510, 446, 455, 549, 472, 405, 412, 361, 443, 429, 502, 576, 414, 567, 460, 576, 508, 520, 474, 501, 522, 461, 429, 366, 407, 624, 549, 559, 487, 519, 581, 550, 485, 471, 618, 528, 366, 516, 576, 489, 456, 541, 547, 471, 495, 594, 519, 445, 488, 457, 559, 590, 614, 591, 467, 387, 526, 532, 574, 476, 559, 520, 482, 509, 458, 535, 387, 390, 542, 481, 504, 504, 484, 526, 469, 452, 504, 541, 537, 576, 574, 501, 472, 488, 568, 539, 398, 558, 520, 479, 477, 413, 542, 511, 473, 523, 553, 476, 516, 607, 346, 628, 430, 536, 477, 475, 514, 391, 519, 468, 382, 484, 528, 598, 620, 628, 588, 551, 459, 421, 605, 620, 511, 633, 548, 521, 573, 470, 615, 595, 510, 625, 522, 408, 477, 488, 585, 636]

Cluster Number:
 [1, 2, 3, 4, 5, 6, 7, 8, 9, 10, 11, 12, 13, 14, 15, 16, 17, 18, 19, 20, 21, 22, 23, 24, 25, 26, 27, 28, 29, 30, 31, 32, 33, 34, 35, 36, 37, 38, 39, 40, 41, 42, 43, 44, 45, 46, 47, 48, 49, 50, 51, 52, 53, 54, 55, 56, 57, 58, 59, 60, 61, 62, 63, 64, 65, 66, 67, 68, 69, 70, 71, 72, 73, 74, 75, 76, 77, 78, 79, 80, 81, 82, 83, 84, 85, 86, 87, 88, 89, 90, 91, 92, 93, 94, 95, 96, 97, 98, 99, 100, 101, 102, 103, 104, 105, 106, 107, 108, 109, 110, 111, 112, 113, 114, 115, 116, 117, 118, 119, 120, 121, 122, 123, 124, 125, 126, 127, 128, 129, 130, 131, 132, 133, 134, 135, 136, 137, 138, 139, 140, 141, 142, 143, 144, 145, 146, 147, 148, 149, 150, 151, 152, 153]

Odds Ratio:

0.8970211858381915
0.9734443702343182
1.122018271729109
0.9211494397847425
1.0166124019535299
0.9251826159427394
1.0010255199533722
1.256152069104058
1.0052163642925105
1.1351518847879118
1.0794106205018472
1.0021305088872656
0.8786127167630053
0.9664602919819609
1.0236498125443307
0.9625735294117646
1.7498174992178541
2.0111084567606308
0.854494803385835
0.8268270035572296
1.111992445703494
1.0461233036904078
1.8956352474358014
0.9660719627947458
0.9989429175475689
0.8523933463227386
1.1945291327913283
1.3259200991609459
0.8848898732619659
1.037673765158237
1.1511646981627295
0.9721959028980297
0.9744591346153844
0.9022433888958517
0.8861381714183568
0.9419717454048308
1.15270511675386
0.8756069667597817
1.128272571568388
0.8786923625633304
0.576847365233192
0.980142733434859
1.3908907629837859
0.998148076401534
0.6843453906203444
1.149343537076287
1.1028539944903586
0.8772105133528026
1.7002739183525288
0.5944103369503143
1.5540551058530512
1.8681810552229627
1.143601787146294
0.8761393229166667
0.9386055259504724
0.8627569293055123
0.9492936029500557
1.0781641936992472
1.287210510886656
0.9415208690680388
0.854018122400475
0.9113924050632911
1.038717526658556
1.0741557377049176
1.1131999876722039
1.624947145877378
0.7302469135802473
0.8124518803671897
0.8879516273514481
0.8762661690373422
0.9327607681296821
0.8853005768978626
0.9134562323239295
0.9836966757698465
1.169705882352941
0.7160911106897603
0.7176442307692306
0.9717932201866474
0.7262362225700109
1.0621747323084287
1.3733462798883356
0.9915555812029933
1.0876475376475374
0.8673588386827263
0.8590464036008587
0.8988323298668127
1.39349376114082
0.6795442671226373
0.6333054069729973
1.063973582320476
1.1683305514439577
0.8988323298668127
0.9804295215046591
1.4498940473897128
0.9102822580645157
0.9027458199110296
0.6282110335541932
0.8927814769975791
1.1813832406951386
0.9279993988320163
1.0112670068027205
0.936252333989148
0.9300169143409448
1.1654240631163701
0.8102703483410143
0.8256651389798226
1.496419739257063
0.8314377664324591
0.9713724227336161
1.1943509513742072
1.0280101130010058
0.9565504081204482
1.1022569947519238
1.012357910105329
0.8892974817604138
1.026171769862733
0.9207700473624044
1.0746177370030583
0.6742719672315114
1.0066525895147924
0.8959944415494181
1.2072527602757317
1.1937843041466705
0.7234929810074316
1.607379612257661
1.039706596333766
1.5726926571762363
1.916775335320418
1.0124671524128042
1.088646837033934
0.8835417158134782
1.1655635227063794
1.2653208363374193
1.0190832185717096
1.2037853938091467
1.142867409270571
1.329763104838709
1.0470540956108474
0.7246876346402414
1.2309527217212914
0.9897051125458038
0.8064017134697761
1.1613406719789696
1.239947264337508
1.5993015387973364
0.930918220946915
1.09952
1.4208368376787222
1.2553724276088143
0.8749768017321371
1.2595166888199674
0.9821476768845188
1.082423038728897
