Case Count:
 [693, 658, 627, 761, 658, 520, 797, 556, 700, 703, 636, 624, 677, 780, 722, 753, 673, 696, 655, 754, 740, 652, 769, 693, 622, 716, 420, 634, 756, 734, 657, 774, 768, 497, 703, 810, 655, 795, 611, 814, 624, 575, 769, 675, 632, 609, 591, 630, 799, 814, 688, 658, 760, 717, 796, 681, 721, 826, 675, 633, 775, 708, 789, 817, 640, 691, 675, 715, 778, 678, 699, 747, 799, 822, 820, 679, 629, 618, 621, 670, 833, 776, 755, 668, 672, 762, 619, 640, 742, 717, 736, 768, 661, 678, 833, 658, 478, 796, 641, 588, 825, 561, 468, 795, 736, 653, 673, 668, 692, 555, 817, 693, 696, 516, 607, 820, 785, 539, 611, 814, 650, 843, 704, 623, 755, 808, 646, 763, 802, 625, 826, 704, 771, 797, 683, 828, 829, 678, 656, 707, 597, 630, 615, 474, 719, 710, 694, 553, 663, 818, 566, 758, 710, 586, 565, 644, 651, 583, 777, 674, 686, 688, 753, 689, 653, 829, 700, 643, 634, 750, 612, 574, 646, 800, 749, 642, 628, 621, 582, 703, 657, 816, 840, 661, 824, 785, 803, 836, 728, 629, 555, 587, 625, 866, 874, 591, 787, 769, 604, 768, 728, 607, 793, 554, 627, 822, 754, 704, 750, 695, 828, 779, 532, 743, 849, 684, 663, 768, 697, 697, 848, 776, 858, 816, 625, 659, 848, 781, 818, 667, 650, 645, 861, 799, 618, 825, 646, 744, 672, 764, 684, 659, 551, 743, 771, 773, 809, 654, 580, 780, 808, 838, 677, 801, 626, 746, 746, 882, 716, 816, 880, 805, 733, 652, 737, 710, 637, 800, 631, 861, 879, 815, 833, 644, 818, 850, 630, 777, 805, 835, 855, 631, 692, 823, 793, 872, 838, 812, 751, 818, 818, 850, 731, 591, 877, 840, 845, 607]

Control Count:
 [512, 471, 449, 551, 478, 400, 572, 396, 499, 503, 470, 451, 488, 586, 521, 547, 487, 529, 506, 581, 548, 500, 477, 513, 468, 517, 296, 458, 539, 507, 535, 546, 528, 331, 499, 609, 484, 569, 452, 567, 463, 406, 565, 503, 480, 459, 421, 445, 591, 598, 507, 496, 543, 561, 564, 444, 487, 600, 428, 486, 577, 505, 582, 586, 493, 471, 485, 483, 583, 497, 546, 569, 576, 615, 592, 476, 455, 469, 487, 452, 610, 544, 489, 468, 437, 543, 475, 439, 566, 565, 517, 529, 552, 502, 610, 475, 357, 546, 478, 488, 600, 427, 346, 598, 536, 454, 504, 509, 527, 381, 576, 520, 520, 402, 490, 590, 574, 411, 454, 585, 478, 623, 550, 448, 577, 565, 485, 565, 585, 487, 610, 484, 575, 582, 528, 615, 613, 522, 511, 486, 443, 459, 451, 338, 513, 541, 502, 412, 524, 601, 396, 558, 531, 456, 438, 482, 459, 442, 560, 476, 498, 517, 579, 489, 481, 616, 490, 488, 446, 564, 478, 406, 475, 606, 527, 447, 430, 453, 438, 454, 502, 605, 614, 538, 614, 583, 574, 605, 538, 429, 419, 415, 416, 623, 621, 440, 559, 580, 461, 536, 544, 436, 582, 435, 481, 578, 560, 503, 548, 454, 617, 516, 400, 538, 606, 497, 556, 555, 519, 503, 611, 553, 634, 597, 475, 438, 620, 588, 588, 479, 499, 465, 619, 584, 442, 606, 452, 589, 485, 549, 484, 478, 427, 567, 582, 553, 596, 474, 403, 553, 627, 608, 488, 594, 496, 565, 555, 647, 539, 606, 620, 594, 531, 430, 548, 521, 374, 593, 464, 633, 642, 600, 616, 467, 604, 640, 450, 529, 594, 591, 624, 526, 504, 609, 599, 647, 587, 553, 570, 589, 605, 614, 558, 463, 630, 635, 624, 399]

Cluster Number:
 [1, 2, 3, 4, 5, 6, 7, 8, 9, 10, 11, 12, 13, 14, 15, 16, 17, 18, 19, 20, 21, 22, 23, 24, 25, 26, 27, 28, 29, 30, 31, 32, 33, 34, 35, 36, 37, 38, 39, 40, 41, 42, 43, 44, 45, 46, 47, 48, 49, 50, 51, 52, 53, 54, 55, 56, 57, 58, 59, 60, 61, 62, 63, 64, 65, 66, 67, 68, 69, 70, 71, 72, 73, 74, 75, 76, 77, 78, 79, 80, 81, 82, 83, 84, 85, 86, 87, 88, 89, 90, 91, 92, 93, 94, 95, 96, 97, 98, 99, 100, 101, 102, 103, 104, 105, 106, 107, 108, 109, 110, 111, 112, 113, 114, 115, 116, 117, 118, 119, 120, 121, 122, 123, 124, 125, 126, 127, 128, 129, 130, 131, 132, 133, 134, 135, 136, 137, 138, 139, 140, 141, 142, 143, 144, 145, 146, 147, 148, 149, 150, 151, 152, 153, 154, 155, 156, 157, 158, 159, 160, 161, 162, 163, 164, 165, 166, 167, 168, 169, 170, 171, 172, 173, 174, 175, 176, 177, 178, 179, 180, 181, 182, 183, 184, 185, 186, 187, 188, 189, 190, 191, 192, 193, 194, 195, 196, 197, 198, 199, 200, 201, 202, 203, 204, 205, 206, 207, 208, 209, 210, 211, 212, 213, 214, 215, 216, 217, 218, 219, 220, 221, 222, 223, 224, 225, 226, 227, 228, 229, 230, 231, 232, 233, 234, 235, 236, 237, 238, 239, 240, 241, 242, 243, 244, 245, 246, 247, 248, 249, 250, 251, 252, 253, 254, 255, 256, 257, 258, 259, 260, 261, 262, 263, 264, 265, 266, 267, 268, 269, 270, 271, 272, 273, 274, 275, 276, 277, 278, 279, 280, 281, 282, 283, 284, 285, 286, 287, 288, 289, 290, 291, 292, 293, 294, 295, 296, 297, 298]

Odds Ratio:

0.9692548331567801
1.082567513573225
1.0727591852387202
1.068727854118054
1.031156880606463
0.8931540342298289
1.1505748039838948
1.0727922658217566
1.1148935425436022
1.1007758757191366
0.9744826083799288
1.0433644723928606
1.0624918683320324
0.8486611539959227
1.0711470880043026
1.0480929034402522
1.0472439681724848
0.8583041936766269
0.8267577392458384
0.7415785591344971
0.9502568261692346
0.8520722021660648
2.0555031446540886
0.9616413916146301
0.9221164286310868
1.0663179593356396
1.0732490840545852
1.046421434386796
1.1512649200510467
1.2918221817630096
0.6591671247938429
1.234668557249202
1.3822699040090345
1.2165016224683898
1.134534555837338
0.8047356873783997
0.9729972250708816
1.16779896650316
0.9734443702343182
1.4231423970554398
0.9632971001664129
1.1001989925134286
0.9867699115044251
0.9404204693101238
0.8910774410774409
0.9204656862745096
1.0798465192764477
1.1174326406373305
0.935962514642718
0.9824342009597201
0.9797441626359595
0.905621354600643
1.142894504560463
0.7234386035717889
1.2415613501839704
1.4657530514385353
1.3808442584109932
1.0826213592233018
1.570893737581868
0.8580455455455456
0.9070652051587922
1.116509116975046
0.9586524300441832
1.1825786201852753
0.8444871803870102
1.2944923192206819
1.07395080769543
1.3696522900098689
0.866084309293106
1.0000400811241956
0.751433349259436
0.8078950926051099
1.120392628205128
0.8244358331433782
1.1309818993305234
1.169705882352941
1.0414212454212455
0.8982373387997998
0.8031814181711514
1.310605801756244
1.0099556010928963
1.2772971933871586
1.7036880332839708
1.1648491993319579
1.4599720414214357
1.1596255003804548
0.8659694397283534
1.2207675512922578
0.8062016968689176
0.6943730171981964
1.2096892193904647
1.370639551949653
0.5763911421155093
0.9631751876954339
1.0099556010928963
1.0530044668867744
0.9618960666306433
1.4797983970916297
0.9452216992096701
0.6819624056535741
1.0709134615384623
0.9068195703085227
0.9829097338031173
0.8234538012279732
1.0316294176784468
1.1829710144927539
0.9232468377976193
0.8648616097975895
0.8532334125973787
1.1684702513790053
1.3297526041666663
0.9091672099087352
0.9248596896665566
0.8671171985110763
0.7348016225123587
1.1603172134971238
1.016199670925281
0.9079169006176303
0.9606918238993711
1.161560758082497
0.9894122763605824
0.912576057336967
0.7452444444444446
1.0588745915032678
0.7820872925755489
1.3709939296423614
0.9224873410804706
0.9436826953833031
1.036301231576822
0.8189911380092941
0.9334076078306549
1.2735353535353535
0.8995707209686299
1.0270618556701032
0.8045315964523279
0.8797874909442157
0.9196084828711252
0.8227778541008384
0.7994093316989602
1.277805583361139
0.9660719627947458
1.0190832185717096
0.9988419224088012
1.057168866636322
1.1212475633528265
0.8389672431401348
1.0530304314656274
0.9602677649246021
0.7467930321988175
0.9809476697995836
1.1221721345688291
0.9771112368735455
0.9158217888192353
0.8429875709682367
0.861150835465904
0.9329256751838102
1.1325998025109323
0.9111042816415138
1.1045230263157897
1.1383259186027355
1.0373841043185084
0.9055755756559146
0.7537093735280265
1.12719836400818
0.9837596794118532
0.8747564935064928
1.1915159076731123
0.8891651381405478
1.1324010032682224
0.8691905384523954
0.8198988952391008
1.0951918406993688
0.989964664310954
0.7675186123263487
1.2159603626396798
1.1710123237378105
1.2178629374951708
1.014793153866002
0.9305199163080812
1.5553097345132747
0.861282809936724
0.9071308418050169
1.0299015481462506
0.6555720468290515
0.8563362804405151
0.9163569658852679
1.1880012167468617
1.1292277614858257
0.9626958146072611
1.2316083916083913
0.9279159700330555
1.1001338688085676
1.3096612474696356
1.2797268720222161
1.535353535353536
0.9577124798278642
1.209579480460581
0.8369504310344832
0.8869013849491069
1.2904421989431727
0.9121305238513318
1.0592840047865975
0.9918511218920556
0.8354574712643679
0.8632677506849689
1.3689810173657146
0.9309591836734694
1.1072409984537221
1.0169024996941647
1.4850427350427355
0.8503618595246875
1.6606589147286819
0.9413853904282113
1.061767997761522
1.313428217821781
1.0335975033876728
0.5603599826905391
1.0829612220916571
0.9377616105242171
1.0631555494618494
1.1994099937362346
1.17396494462764
0.8958546230061758
1.0160537199270685
0.8916204986149584
1.3541095890410964
1.0300278773397051
0.8346318257032539
1.1655635227063794
1.073594798323479
0.8497281300953159
1.0549750113584733
1.2682219899268283
1.0208508956796627
1.0744933145160116
0.9817688499619194
1.1564933237437065
0.6281650071123759
1.056697019535481
1.1132969034608378
1.136346770113004
1.0365488919882226
0.8670929209570896
0.8031518461625987
0.8300600287093833
1.1469374507349188
0.9614793064876951
1.0385730724971234
1.1464162051092452
1.211694600531573
0.5751117086480287
1.1056607865818386
1.0624918683320324
0.9165482954545455
0.7705871393590971
0.8369456936989217
0.9254762959680993
0.9861554145154418
0.8855905998763137
0.8937176903531058
1.7669519420671513
0.9508390355164551
1.056439524962528
1.3739568466123753
0.9316168643552307
0.9956266049658634
1.7907021463629038
0.9202975280076344
0.9902727956491554
0.9601338165597997
1.0679439252336456
0.9651315789473687
0.9156013257575752
1.0354709042413313
0.9394725851679493
0.6892800632911392
1.0816053511705683
1.468809073724007
0.9508390355164551
1.3527378766605467
1.055418399168399
0.6239633041569909
1.0254169178219814
0.9179291755739388
0.7982176175979575
0.8039263537514583
1.4746616245764455
1.6064048469111756
0.8216144293317569
1.1510729745025166
0.9257389621025983
1.1740815569207927
0.8138101444553058
0.823277569747083
1.3652930402930414
0.683712288772892
0.91889880952381
1.3323214869471813
