Case Count:
 [726, 620, 352, 253, 288, 617, 582, 139, 35, 489, 527, 56, 360, 115, 286, 337, 280, 161, 65, 465, 56, 150, 704, 84, 589, 661, 201, 175, 11, 610, 410, 0, 153, 671, 316, 249, 691, 762, 476, 659, 195, 359, 305, 583, 201, 55, 75, 375, 108, 485, 455, 87, 490, 195, 43, 569, 195, 285, 39, 313, 557, 228, 58, 517, 574, 582, 62, 98, 227, 656, 261, 63, 211, 384, 0, 724, 0, 69, 502, 220, 147, 22, 119, 76, 611, 639, 81, 448, 573, 498, 0, 441, 307, 469, 266, 13, 96, 709, 8, 332, 451, 211, 624, 679, 90, 354, 569, 474, 533, 390, 549, 252, 650, 0, 149, 90, 614, 45, 141, 443, 190, 171, 497, 599, 386, 140, 51, 151, 245, 751, 452, 326, 30, 592, 445, 205, 258, 163, 168, 424, 531, 353, 343, 354, 647, 587, 614, 282, 73, 535, 133, 354, 597, 180, 186, 168, 497, 679, 70, 633, 474, 212, 413, 240, 586, 517, 407, 320, 527, 161, 462, 725, 407, 224, 377, 241, 494, 618, 502, 517, 440, 721, 688, 496, 670, 820, 642, 690, 692, 689, 25, 234, 419, 714, 619, 153, 525, 493, 229, 373, 529, 291, 367, 204, 672, 604, 389, 583, 551, 737, 738, 857, 600, 293, 637, 597, 730, 617, 480, 495, 204, 262, 470, 563, 408, 278, 482, 496, 840, 581, 649, 649, 548, 704, 557, 588, 424, 301, 466, 413, 571, 480, 543, 539, 43, 524, 707, 615, 429, 698, 306, 587, 375, 834, 731, 645, 828, 661, 556, 685, 476, 493, 622, 485, 517, 614, 494, 622, 626, 592, 235, 475, 597, 701, 689, 433, 856, 557, 533, 531, 625, 655, 672, 687, 488, 576, 422, 384, 691, 537, 875, 699, 461, 432, 186, 580, 471, 595, 756, 854, 861, 643, 474, 654, 749, 536, 339, 645, 679, 481, 562, 685, 881, 366, 511, 632, 684, 677, 653, 849, 455, 693, 457, 405, 864, 814, 432, 511, 632, 659, 684, 654, 682, 875, 304, 663, 743, 863, 701, 676, 574, 544, 366, 536, 704, 733, 628, 857, 690, 500, 390, 633, 544, 712, 853, 384, 588, 881, 834, 555, 559, 545, 851, 322, 626, 555, 876, 895, 868, 830, 854, 881, 598, 793, 852, 899, 888, 534, 894, 885, 807, 860]

Control Count:
 [541, 451, 322, 236, 154, 473, 411, 102, 29, 375, 392, 42, 227, 88, 186, 249, 212, 83, 47, 350, 44, 132, 512, 49, 426, 479, 145, 136, 8, 446, 282, 0, 116, 538, 206, 159, 514, 555, 391, 454, 141, 234, 230, 401, 110, 36, 57, 287, 74, 364, 323, 62, 378, 155, 25, 422, 153, 213, 21, 230, 430, 212, 43, 316, 439, 435, 34, 44, 121, 428, 160, 44, 141, 286, 0, 539, 0, 52, 397, 152, 94, 9, 88, 72, 443, 452, 44, 336, 416, 397, 0, 352, 183, 352, 156, 3, 83, 541, 10, 214, 328, 174, 421, 512, 60, 270, 411, 342, 414, 312, 384, 178, 476, 0, 115, 65, 398, 44, 123, 316, 130, 94, 276, 418, 316, 105, 30, 97, 210, 512, 358, 242, 28, 438, 304, 167, 215, 97, 133, 314, 397, 258, 239, 251, 460, 449, 391, 204, 74, 399, 126, 288, 507, 144, 161, 148, 376, 553, 49, 459, 312, 155, 348, 169, 424, 374, 261, 229, 408, 137, 334, 543, 353, 183, 279, 181, 360, 417, 425, 447, 352, 531, 522, 318, 516, 596, 475, 508, 512, 526, 12, 154, 290, 540, 448, 141, 364, 330, 185, 326, 415, 178, 287, 159, 506, 405, 277, 400, 432, 521, 539, 609, 358, 203, 485, 460, 525, 448, 352, 374, 158, 199, 391, 385, 234, 211, 352, 376, 592, 411, 479, 483, 424, 504, 390, 423, 318, 197, 313, 306, 418, 343, 400, 330, 30, 400, 543, 471, 339, 522, 243, 470, 279, 633, 523, 468, 592, 466, 406, 520, 310, 330, 467, 327, 350, 411, 368, 407, 512, 422, 145, 362, 507, 547, 499, 304, 617, 477, 361, 383, 454, 469, 478, 483, 354, 310, 376, 272, 494, 369, 616, 496, 340, 325, 144, 421, 329, 473, 565, 613, 640, 478, 368, 463, 519, 397, 241, 475, 525, 354, 369, 572, 642, 246, 387, 475, 445, 495, 489, 629, 286, 510, 330, 321, 633, 601, 333, 369, 531, 482, 492, 505, 539, 638, 266, 385, 558, 641, 497, 486, 413, 402, 262, 430, 446, 464, 449, 625, 518, 341, 295, 471, 428, 514, 643, 280, 383, 657, 611, 407, 398, 390, 627, 245, 461, 424, 639, 632, 620, 608, 617, 647, 447, 579, 607, 655, 654, 374, 656, 639, 592, 624]

Cluster Number:
 [1, 2, 3, 4, 5, 6, 7, 8, 9, 10, 11, 12, 13, 14, 15, 16, 17, 18, 19, 20, 21, 22, 23, 24, 25, 26, 27, 28, 29, 30, 31, 33, 34, 35, 36, 37, 38, 39, 40, 41, 42, 43, 44, 45, 46, 47, 48, 49, 50, 51, 52, 53, 54, 55, 56, 57, 58, 59, 60, 61, 62, 63, 64, 65, 66, 67, 68, 69, 70, 71, 72, 73, 74, 76, 78, 79, 80, 81, 82, 83, 84, 85, 86, 87, 88, 89, 90, 92, 93, 94, 95, 96, 97, 98, 99, 100, 101, 102, 103, 104, 105, 106, 107, 108, 109, 110, 111, 112, 113, 115, 116, 117, 118, 119, 120, 121, 122, 123, 124, 125, 126, 127, 128, 129, 130, 131, 132, 133, 134, 135, 136, 137, 138, 139, 140, 141, 142, 143, 144, 145, 146, 147, 148, 149, 150, 151, 152, 153, 154, 155, 156, 157, 158, 159, 160, 161, 162, 163, 164, 165, 166, 167, 168, 169, 170, 171, 172, 173, 174, 175, 176, 177, 178, 179, 180, 181, 182, 183, 184, 185, 186, 187, 188, 189, 190, 191, 192, 193, 194, 195, 196, 197, 198, 199, 200, 201, 202, 203, 204, 205, 206, 207, 208, 209, 210, 211, 212, 213, 214, 215, 216, 217, 218, 219, 220, 221, 222, 223, 224, 225, 226, 227, 228, 229, 230, 231, 232, 233, 234, 235, 236, 237, 238, 239, 240, 241, 242, 243, 244, 245, 246, 247, 248, 249, 250, 251, 252, 253, 254, 255, 256, 257, 258, 259, 260, 261, 262, 263, 264, 265, 266, 267, 268, 269, 270, 271, 272, 273, 274, 275, 276, 277, 278, 279, 280, 281, 282, 283, 284, 285, 286, 287, 288, 289, 290, 291, 292, 293, 294, 295, 296, 297, 298, 299, 300, 301, 302, 303, 304, 305, 306, 307, 308, 309, 310, 311, 312, 313, 314, 315, 316, 317, 318, 319, 320, 321, 322, 323, 324, 325, 326, 327, 328, 329, 330, 331, 332, 333, 334, 335, 336, 337, 338, 339, 340, 341, 342, 343, 344, 345, 346, 347, 348, 349, 350, 351, 352, 353, 354, 355, 356, 357, 358, 359, 360, 361, 362, 363, 364, 365, 366, 367, 368, 369, 370, 371, 372, 373, 374, 375, 376, 377, 378, 379, 380, 381, 382]

Odds Ratio:

0.9254891962521514
1.023256481461549
0.6801511351281526
0.7057027880854478
1.5375326701379743
0.8696264975334745
1.1018321798944026
0.9987714072970958
0.8801974851500425
0.9068727272727276
0.9664877144887806
0.9759450171821306
1.2653778558875222
0.9520186508822871
1.183715446746601
0.9876261803972648
0.9544437014855948
1.5103852911646583
1.0148246650906225
0.9477524630541874
0.9286681245444132
0.8008519080406116
1.032777777777778
1.2821639898562975
1.0369718309859155
1.040117782694045
1.020613868889731
0.9300885473552815
1.0080337690631807
1.0075628716420428
1.1177386955274053
nan
0.9603292747955919
0.6912841128497736
1.1886472703083673
1.2021642619311872
0.9433100088284343
1.0358957760155365
0.779345426624436
1.2203703703703708
1.0174502869731579
1.2031264057579845
0.9584378483835005
1.176538422729304
1.4332042957042954
1.1274790236460717
0.9614199433008752
0.9292569717858088
1.0790400632057149
0.9512981387981387
1.06393123538556
1.0315876178070644
0.8947101999493801
0.9015557704139934
1.2734988713318287
0.9700566087414425
0.9168135919217825
0.9723558743766949
1.3772070626003208
0.9963509316770186
0.8740122530632657
0.7195381261270962
0.9880116412570421
1.449436217279095
0.891321505341846
0.948504422140515
1.3608114526087254
1.7073077343835465
1.4965505874596785
1.4204238129471778
1.2722773203592814
1.0531965148015956
1.1254667219818646
0.9731186244947716
nan
0.9304312412326347
nan
0.9705053667262967
0.8410148714893316
1.079912404424319
1.1738722315938404
1.8110988607129732
0.9899971941638608
0.7536146932395467
1.0322557746638843
1.116348794629234
1.3828527015437393
0.9563409563409563
1.0253146607605879
0.8265705085122174
nan
0.8446406948584202
1.3431553423646623
0.9529458992094862
1.3502146420698458
3.2074235807860254
0.8303273116475506
0.8339774827760044
0.5828447339847991
1.2135756664944661
1.0154288702928869
0.856281817308616
1.2635022000700904
0.8964921874999999
1.1102502979737783
0.9371594202898552
1.0383211678832114
1.0326200115673796
0.8680464060898843
0.8557513914656771
1.117413651315789
1.0518646374454383
1.003358332580344
nan
0.9401783723522854
1.0165948473457411
1.3859934593602934
0.7369652406417112
0.8117494119103629
1.0528663332812418
1.0897262412823983
1.4087604558468534
1.6881793478260865
1.1420690155139916
0.8210947152481524
0.973384030418251
1.2604783599088838
1.1685262237298915
0.8033625730994154
1.3926329880617985
0.8549477062178655
0.9807299590203253
0.7782456697918321
0.9745945286776959
1.1402036211396258
0.8714890660667615
0.8333830104321907
1.2811499017523083
0.9096064734767275
0.9813205524374093
0.9544194524258571
1.004784399224806
1.0824824710468819
1.054702927420752
1.102274128893
0.8868570833170526
1.4457029188486987
1.0191381034639513
0.6995295529174035
0.9596961948017251
0.7359715242881072
0.840108695652174
0.6171312468810153
0.8961949265687583
0.8085401636808973
0.7950420854494442
0.9332212864460205
0.6286582278481012
1.0510560452353235
1.034313725490196
1.2320794590025357
1.0033922706618075
0.7658881315156377
1.0552983914600527
1.035549260135321
1.0300542547115932
1.2546791738230503
1.0371358300886988
0.8771766169154229
0.8324209245742091
1.0277987921373526
0.9032065865020042
0.724474401137486
0.8646436460876643
0.9840657628175158
0.9676538609790567
1.0126053639846742
1.25804436836383
0.7081526381044222
0.6569036293738189
0.8410020449897749
0.9791938287701001
0.8695569227834218
1.3075951021831012
0.827197629523211
1.0729019149067174
0.9701228681459746
0.983181234144895
0.9637724156118147
0.8459679974651457
1.541758849557522
1.1521816313183222
1.1077011494252877
0.867131782945737
1.0385008640552997
0.7550998025882869
1.131711728865194
1.2026897414512092
0.8770965250965251
0.7305413338041223
0.8476746987951811
1.2889031735409107
0.8964871600927499
0.9237735849056603
0.9043232186524355
1.2665071225071225
1.0506484824174354
1.183692196531792
0.8401859200470309
1.1788227767114523
1.0179409222041977
1.4072249589490977
1.6454127116197725
1.084781733122657
0.8815986442592856
0.8639143530644315
1.0900215362526922
1.0285099015567767
0.9991901194573799
0.9362293304418537
0.9314011348756002
0.9514137403659978
0.7594626370013764
1.1826555957703502
1.4959397608150005
0.9512161384963709
1.0078426886312792
0.9291926686649306
1.4189189189189195
1.096778253209162
0.977467939158962
0.9501774622892637
0.8718120140642801
1.098835978835979
1.1172249793217535
1.0517252137018778
0.9584158415841583
1.1775679782728183
1.1833368985433241
0.9808671530627756
1.0035350565341743
1.053458609024265
0.9882318652849741
1.47
1.0531602708803613
0.9089135802469136
0.8093673784281521
0.8732605785224551
0.8655929203539824
0.920386127282679
0.8853219190297842
0.7705424909792208
0.9753115174100383
0.6657021701172361
1.1153407883809419
1.033653846153846
1.232472571581482
1.1379395938761128
1.0096541158758041
0.8692071248423704
1.2575375631987467
1.2026897414512092
0.928429437326061
1.1825357467559303
1.1867337031900138
1.2805005213764338
0.9659045477261368
1.363980504045651
0.6819435849834984
1.0781498305370776
1.2517142005366197
0.9219765375909652
0.6171312468810153
0.753183232303794
1.0470774883099532
1.082614866298811
1.2163140249994444
0.6403597754784608
1.1930943786899464
1.0380754949683138
1.0279605263157894
1.0805721133643567
1.1104635071553002
1.163749294184077
1.0221761020792497
1.9528100155350456
0.6751752066809353
1.0594711279007019
1.0990456911509545
1.158287705326033
1.7098063973063968
1.1335466339410938
0.9879399195575665
0.952125058040551
0.9335464333781964
1.0263460583002675
1.100277405396796
0.7833803851071642
0.8971916722082969
1.263121261555193
0.811144301470589
0.9548014746759514
0.8860606784519827
1.1197486746514829
1.2988439306358381
0.9756635324731927
1.0490189183486887
0.9849518161601185
0.8070399999999998
0.9917713377723968
1.2947874437872446
0.5349721999312164
1.1149727414330228
1.1495472858813849
0.9287118430325283
0.9228566365408472
1.4806145379500113
1.0094757094757099
0.9289588334667022
0.8773449920508745
1.3257575757575761
0.9845712861415752
1.0298343605546998
0.8668045944210601
1.0079475027342317
0.9421977862981987
0.9083691337212461
1.0336484226086278
0.6011147254085109
1.007691716612879
1.072473867595819
0.828831683168317
0.7274229529868624
1.0920991524439811
0.758857142857143
1.9162972365979885
0.8805353220025434
0.8159599111237184
1.1382682057255813
1.0720733909139708
1.049224158510384
0.9806551657297926
1.0396458449147832
0.79611811349784
1.6486297957149976
1.748999384236454
1.078039793117226
1.0664888888888888
0.9084667452868289
1.1620832735202236
0.9467626804188547
0.9534773627130313
0.8352469959946597
1.0660402732700966
0.6632970451010884
1.0090694626474446
1.3416537139269384
0.6704718417047201
1.0057713842708245
0.9990277102576568
1.074269998641858
1.0589943910256412
0.9396393080603598
0.9440338903271356
0.985946750857298
0.8994740692160228
1.0863672601647631
2.040906552494417
1.4
1.0066121743753313
1.1811129119394914
0.9645157135497187
0.9457612684766521
1.0272020725388602
1.3489377179657236
1.1895165394402039
0.8941597672857452
1.1097136668246121
0.973432055749128
1.3220230473751597
0.9944478289765181
1.1385172798216279
