Case Count:
 [9, 33, 128, 5, 40, 29, 0, 27, 42, 214, 48, 63, 73, 148, 561, 207, 154, 0, 137, 62, 143, 706, 37, 40, 351, 141, 608, 38, 105, 38, 30, 13, 117, 21, 16, 39, 320, 91, 27, 95, 175, 274, 32, 310, 400, 45, 534, 63, 184, 150, 96, 56, 114, 394, 119, 0, 208, 32, 112, 187, 4, 73, 0, 24, 51, 672, 466, 64, 250, 617, 517, 0, 522, 20, 343, 381, 62, 0, 42, 302, 301, 134, 52, 579, 521, 91, 18, 409, 96, 430, 293, 509, 75, 254, 319, 296, 128, 66, 120, 196, 282, 345, 98, 231, 149, 393, 407, 146, 235, 81, 572, 619, 688, 275, 66, 238, 307, 690, 74, 247, 251, 620, 354, 345, 688, 589, 327, 340, 310, 562, 470, 586, 514, 528, 8, 440, 544, 267, 182, 523, 401, 501, 391, 408, 565, 103, 514, 381, 257, 592, 387, 504, 471, 626, 70, 549, 322, 364, 543, 449, 156, 836, 643, 515, 343, 587, 414, 629, 654, 694, 250, 432, 379, 569, 692, 689, 88, 607, 590, 490, 709, 693, 395, 209, 644, 847, 549, 147, 450, 228, 674, 549, 364, 441, 524, 548, 524, 725, 456, 245, 533, 643, 539, 432, 471, 574, 691, 79, 602, 544, 685, 629, 554, 508, 376, 543, 597, 481, 439, 527, 236, 611, 587, 435, 537, 654, 878, 313, 682, 562, 534, 554, 498, 503, 694, 708, 648, 539, 361, 400, 641, 700, 854, 510, 874, 485, 532, 507, 530, 570, 846, 449, 526, 548, 521, 475, 574, 575, 631, 467, 867, 391, 606, 635, 819, 621, 544, 479, 231, 715, 633, 674, 613, 600, 685, 660, 700, 595, 533, 512, 509, 576, 554, 357, 679, 522, 645, 879, 444, 726, 631, 682, 875, 650, 500, 533, 601, 446, 542, 879, 495, 424, 550, 543, 889, 465, 565, 514, 914]

Control Count:
 [9, 31, 85, 4, 29, 35, 0, 29, 37, 174, 42, 43, 61, 128, 427, 161, 127, 0, 65, 37, 137, 503, 40, 23, 290, 80, 407, 22, 64, 24, 26, 6, 85, 15, 24, 29, 211, 48, 13, 62, 140, 196, 31, 229, 278, 27, 389, 38, 156, 116, 43, 40, 74, 314, 58, 0, 178, 28, 63, 137, 3, 68, 0, 22, 30, 506, 393, 33, 217, 440, 359, 0, 379, 20, 281, 281, 56, 2, 41, 232, 246, 92, 50, 447, 355, 74, 15, 277, 73, 299, 209, 369, 57, 179, 230, 239, 89, 48, 80, 124, 132, 261, 74, 159, 121, 298, 279, 119, 160, 55, 418, 464, 500, 201, 56, 166, 239, 541, 52, 175, 194, 421, 175, 197, 513, 426, 203, 311, 271, 456, 336, 438, 383, 440, 5, 378, 387, 200, 103, 362, 346, 392, 281, 295, 430, 80, 398, 238, 210, 399, 290, 361, 349, 482, 51, 389, 176, 267, 384, 333, 124, 622, 523, 381, 225, 423, 322, 459, 495, 505, 210, 313, 264, 423, 514, 511, 66, 417, 461, 342, 497, 525, 290, 165, 457, 618, 409, 94, 325, 141, 508, 417, 295, 335, 409, 419, 408, 508, 379, 196, 401, 474, 418, 294, 399, 364, 508, 66, 424, 399, 520, 412, 421, 342, 308, 435, 406, 362, 338, 411, 142, 446, 419, 298, 393, 481, 622, 212, 491, 403, 369, 389, 295, 363, 518, 533, 493, 403, 279, 240, 429, 502, 629, 358, 635, 331, 375, 365, 381, 410, 625, 325, 375, 419, 361, 348, 431, 409, 482, 292, 631, 318, 447, 478, 573, 464, 375, 312, 212, 502, 407, 538, 455, 378, 516, 489, 506, 423, 463, 394, 348, 399, 404, 262, 494, 372, 465, 654, 296, 539, 455, 489, 614, 489, 339, 423, 412, 322, 394, 652, 362, 328, 417, 395, 651, 323, 382, 363, 670]

Cluster Number:
 [1, 2, 3, 4, 5, 6, 8, 9, 10, 11, 12, 13, 14, 15, 16, 17, 19, 20, 21, 22, 23, 24, 25, 26, 27, 28, 29, 30, 31, 32, 33, 34, 35, 36, 37, 38, 39, 40, 41, 42, 43, 44, 45, 46, 47, 48, 49, 50, 51, 52, 53, 54, 55, 57, 58, 59, 60, 61, 62, 64, 65, 66, 67, 68, 69, 70, 71, 73, 74, 75, 76, 77, 79, 80, 81, 82, 83, 84, 85, 86, 87, 88, 89, 90, 91, 92, 93, 94, 95, 96, 97, 98, 99, 100, 101, 102, 103, 104, 105, 106, 107, 108, 109, 110, 111, 112, 113, 114, 115, 116, 117, 118, 119, 120, 121, 122, 123, 124, 125, 126, 127, 128, 129, 130, 131, 132, 133, 134, 135, 136, 137, 138, 139, 140, 141, 142, 143, 144, 145, 146, 147, 148, 149, 150, 151, 152, 153, 154, 155, 156, 157, 158, 159, 160, 161, 162, 163, 164, 165, 166, 167, 168, 169, 170, 171, 172, 173, 174, 175, 176, 177, 178, 179, 180, 181, 182, 183, 184, 185, 186, 187, 188, 189, 190, 191, 192, 193, 194, 195, 196, 197, 198, 199, 200, 201, 202, 203, 204, 205, 206, 207, 208, 209, 210, 211, 212, 213, 214, 215, 216, 217, 218, 219, 220, 221, 222, 223, 224, 225, 226, 227, 228, 229, 230, 231, 232, 233, 234, 235, 236, 237, 238, 239, 240, 241, 242, 243, 244, 245, 246, 247, 248, 249, 250, 251, 252, 253, 254, 255, 256, 257, 258, 259, 260, 261, 262, 263, 264, 265, 266, 267, 268, 269, 270, 271, 272, 273, 274, 275, 276, 277, 278, 279, 280, 281, 282, 283, 284, 285, 286, 287, 288, 289, 290, 291, 292, 293, 294, 295, 296, 297, 298, 299, 300, 301, 302, 303, 304, 305, 306, 307, 308, 309]

Odds Ratio:

0.7304347826086957
0.7722494239631337
1.1204817507527354
0.9158549783549784
1.011597688220007
0.5947301587301588
nan
0.6729872314397126
0.8241567384746641
0.8721003134796238
0.8289281660450786
1.0793812771899671
0.8667841274705071
0.8187019846350833
0.9068195703085227
0.9259992085476849
0.8668122936245872
nan
1.6393162393162395
1.244677203154712
0.7224234319570587
1.1203451934135102
0.6647141255605381
1.2872304005477577
0.818762677484787
1.3442417512690354
1.2751306956914434
1.2775227017651258
1.2284777002427185
1.1675084175084172
0.8406776760503123
1.5966157205240172
1.0103158504781224
1.0268722466960352
0.4797371303395398
0.9851995350639287
1.1704371240243117
1.4320554892601431
1.5381204161691966
1.1372514891312757
0.8968832891246683
1.0351300825673784
0.7480130902290789
0.9884939083322165
1.0961363234554131
1.2330316742081449
1.0147928801535908
1.23097726996475
0.8311822405782137
0.9378734894426985
1.7099304838214353
1.0279495990836198
1.1473719117890897
0.8607536162866838
1.578054491272882
nan
0.8152223036045443
0.8319796145883102
1.3447572419420646
1.0007279595490586
0.9772972972972971
0.7687774876305663
nan
0.7943746860873933
1.2604783599088838
0.9043232186524355
0.7375727499051983
1.4528638991066736
0.787278662712175
1.0831657925407925
1.1255239743624417
nan
1.0219833649912806
0.7271727172717273
0.8332017538532547
0.9896875081175158
0.7981133629922558
0.0
0.7391316303241949
0.9321756585821922
0.8475415566257576
1.0791085589280833
0.7482782212086658
0.8660019175455418
1.1726456779895054
0.8907469522027995
0.8772777167947312
1.1471535684532073
0.9598579157690476
1.100930958907782
1.0404140711985794
1.0246999612853274
0.9614199433008752
1.0553114007862612
1.0254383464005703
0.86479340591062
1.0629409866879884
1.0085457705677867
1.1143386897404204
1.201117810148308
1.8127722354924831
0.9506376948512048
0.9673464077796208
1.0865005135967993
0.8840856113583387
0.9423457377541821
1.123429324764141
0.8806035824291403
1.1026206772334295
1.0871783876500858
1.0081085065605189
0.933836206896552
1.033427385892116
1.0041535442055773
0.8535424598576393
1.0685578784021759
0.9127931224690229
0.747105546059908
1.0469185784975257
1.0471889400921657
0.9293327859380226
1.2391516577112591
1.7801142857142855
1.4513942006814546
0.9348960229065058
1.0369718309859155
1.2790370358247551
0.6867599451902239
0.7576796284925694
0.7555930015775134
1.0513927793339557
0.9478413674667516
0.9636792601214252
0.7211970074812968
1.1743756786102062
0.7212646476450157
1.0734319943622272
0.9699924471299093
1.3672294355415184
1.1351617995264405
0.7353247066036085
0.8629899389662407
1.0345420629985844
1.0246787468687986
0.9060503450038334
0.9367887409200968
0.8806805109886783
1.2941099797583266
0.8577593537414966
1.2415608754824745
0.9626988166433389
1.051197653576666
0.9782910624241442
0.8529778289032224
1.0066424707251935
1.0844811256934106
1.522109480305526
0.998946007755792
1.088022182642487
0.9775525525525526
0.9065225556065603
0.8526777996749992
0.679204161039725
0.9794971280763816
1.1862571103526736
1.0468665754220061
0.8962552011095699
1.014074074074074
0.8936198347107439
1.0292310933220985
0.825794235219861
1.0219528030804632
1.0884504132231405
0.9640267927501966
0.9486611174046531
0.9550717547292893
0.9750297265160522
1.1934402788328342
0.8305658469788004
1.1063821284418338
1.1931223705871594
0.872542372881356
0.9973201601446466
0.9077777777777778
1.10757418710891
1.0529836609045702
0.9608029854587568
1.1738722315938404
1.0290669664364864
1.245636932042371
0.9001235139725182
0.9146535403256341
0.8429818509074546
0.9333618791289453
0.8604425126022519
0.8993792243749963
0.8657225853304286
1.210292187741238
0.7681949271198827
0.8863304093567251
0.9398221617672986
0.9818314596795609
0.8695681511470985
1.1441711493450495
0.726827986998063
1.4081256771397612
0.9887431350492953
0.866042780748663
1.1158761756390287
0.9986524753442048
0.8692071248423704
1.3689401294498378
0.9123673792557401
1.1960661749385342
0.8234188957516264
0.7955333214221907
1.217987714404416
0.9461264305445934
0.9091715976331359
0.8612049242836911
1.2926447574334898
1.0123882449163777
1.0732459629583104
1.1317351846316874
1.0038946876460506
0.9888489888489888
1.6329991803795485
1.1240887650085765
1.0684631051229825
1.056355264670286
1.143068848410003
1.108949443016281
1.511880136851626
1.0343770612656655
0.929286125030806
0.8895605001995027
0.879386139042683
0.9533753260800405
0.9157579887929727
1.3894139886578445
1.3074009324009326
1.0899632909410393
0.9413460519342877
1.0981853575285667
1.1511524695776658
1.1550447728695463
1.0934811083123426
1.0401350386288388
1.0459218913425292
1.0494598817854472
0.9132722891566256
1.0246410256410257
1.065052109181142
0.8993792243749963
1.1319319971756014
1.0011582864955186
0.9378778471291787
1.0802149379083612
0.8742167701690386
1.346609440787523
1.1080721844486474
0.8296100161324261
0.9821513911110186
0.9172643952978681
1.4033317467872446
0.9429369122257056
1.152997402597403
1.2589102564102563
0.7321389955127859
1.1913560710429316
1.4396872302277708
0.7025439171951308
0.96354152176937
1.4618613402807934
0.8977077773541745
0.9633498300909978
1.0571828020090785
1.0865503036480229
0.6337347557649935
0.8943748554455925
1.1596674876847293
1.1532514004558136
1.012924092409241
0.9981249666364171
1.0281214574898785
1.0653483395418877
1.0549750113584733
0.7257798165137614
1.1907216494845358
0.9421936262189603
1.051744228925437
1.0841260773453214
1.76815659307516
0.9147481144314707
1.1758153351073706
0.8209398954079802
1.196342943405162
1.0294998906935173
1.02017340206456
0.7819325153374238
1.005072943452911
0.9035981646945181
0.9187373056699758
1.018547911064472
1.0241935483870965
1.1107478381552258
1.2149401645474946
1.0850144379169568
1.000398009950251
