Case Count:
 [547, 672, 514, 507, 681, 79, 617, 717, 749, 485, 720, 688, 639, 700, 639, 738, 554, 635, 757, 604, 625, 520, 608, 239, 386, 665, 552, 698, 59, 33, 696, 109, 741, 783, 710, 671, 304, 763, 794, 360, 748, 766, 579, 741, 440, 48, 745, 543, 607, 670, 376, 646, 140, 822, 35, 554, 581, 603, 543, 282, 684, 541, 599, 565, 614, 750, 577, 611, 419, 717, 737, 719, 669, 486, 774, 719, 597, 606, 439, 735, 666, 491, 555, 713, 760, 674, 741, 640, 667, 610, 208, 483, 755, 597, 64, 311, 831, 456, 518, 574, 581, 668, 701, 259, 674, 670, 558, 586, 480, 452, 333, 662, 602, 686, 762, 435, 49, 587, 625, 748, 813, 778, 738, 648, 632, 678, 574, 503, 843, 402, 594, 273, 778, 512, 681, 615, 213, 519, 848, 705, 738, 843, 621, 865, 528, 658, 528, 470, 820, 642, 506, 535, 706, 605, 810, 826, 850, 570, 413, 544, 664, 689, 671, 865, 859, 569, 777, 618, 795, 581, 725, 817, 549, 560, 842, 851, 806, 609, 584, 729, 820, 850, 558, 855, 668, 525, 695, 688, 764, 834, 711, 859, 887, 868, 613, 712, 865, 612, 615, 885, 844, 833, 881, 856, 855, 605, 874, 766, 876, 888, 866, 720, 881, 892, 877, 888, 616, 810, 887, 898]

Control Count:
 [382, 484, 429, 432, 511, 57, 430, 501, 568, 305, 518, 474, 470, 515, 475, 545, 485, 480, 571, 438, 467, 388, 437, 144, 276, 513, 409, 511, 40, 22, 473, 69, 483, 534, 511, 453, 294, 536, 561, 318, 570, 580, 377, 494, 273, 39, 526, 425, 453, 508, 308, 452, 95, 592, 23, 469, 397, 406, 375, 203, 502, 442, 483, 409, 412, 548, 448, 406, 310, 493, 499, 504, 495, 398, 610, 525, 449, 436, 322, 503, 510, 342, 394, 501, 522, 386, 453, 439, 461, 431, 150, 395, 490, 421, 58, 217, 601, 318, 429, 389, 390, 523, 538, 181, 514, 494, 430, 388, 377, 340, 252, 446, 436, 446, 502, 317, 30, 452, 478, 548, 599, 571, 538, 506, 454, 493, 408, 363, 622, 291, 425, 165, 611, 385, 447, 422, 157, 402, 604, 490, 542, 605, 429, 629, 347, 467, 397, 313, 609, 447, 368, 412, 458, 450, 582, 597, 626, 407, 280, 403, 482, 450, 486, 609, 603, 444, 550, 415, 598, 420, 525, 573, 387, 386, 603, 615, 595, 504, 409, 550, 584, 612, 416, 622, 471, 390, 537, 409, 575, 622, 508, 631, 641, 628, 431, 508, 629, 510, 461, 634, 618, 608, 644, 615, 641, 459, 633, 532, 650, 627, 622, 524, 620, 642, 632, 667, 515, 591, 637, 661]

Cluster Number:
 [1, 2, 3, 4, 5, 6, 7, 8, 9, 10, 11, 12, 13, 14, 15, 16, 17, 18, 19, 20, 21, 22, 23, 24, 25, 26, 27, 28, 29, 30, 31, 32, 33, 34, 35, 36, 37, 38, 39, 40, 41, 42, 43, 44, 45, 46, 47, 48, 49, 50, 51, 52, 53, 54, 55, 56, 57, 58, 59, 60, 61, 62, 63, 64, 65, 66, 67, 68, 69, 70, 71, 72, 73, 74, 75, 76, 77, 78, 79, 80, 81, 82, 83, 84, 85, 86, 87, 88, 89, 90, 91, 92, 93, 94, 95, 96, 97, 98, 99, 100, 101, 102, 103, 104, 105, 106, 107, 108, 109, 110, 111, 112, 113, 114, 115, 116, 117, 118, 119, 120, 121, 122, 123, 124, 125, 126, 127, 128, 129, 130, 131, 132, 133, 134, 135, 136, 137, 138, 139, 140, 141, 142, 143, 144, 145, 146, 147, 148, 149, 150, 151, 152, 153, 154, 155, 156, 157, 158, 159, 160, 161, 162, 163, 164, 165, 166, 167, 168, 169, 170, 171, 172, 173, 174, 175, 176, 177, 178, 179, 180, 181, 182, 183, 184, 185, 186, 187, 188, 189, 190, 191, 192, 193, 194, 195, 196, 197, 198, 199, 200, 201, 202, 203, 204, 205, 206, 207, 208, 209, 210, 211, 212, 213, 214, 215, 216, 217, 218, 219, 220]

Odds Ratio:

1.1208094624599108
1.0642827282374507
0.7275423371808912
0.6924861769352291
0.9135313427182629
1.0174613003095976
1.154345557543232
1.2151169359394411
0.8278266823161189
1.3466253138384288
1.0840368735105574
1.2467041336204634
0.9892076302274395
0.9852885063806333
0.9556007259528133
0.9641961669628702
0.5970254295532645
0.9044430272108843
0.8478597320083087
1.0310642781875656
0.9421137157669333
0.960098807753384
1.057564675606122
1.2916968599033816
1.0431179437905356
0.8249158249158249
0.9737407015882691
1.0052439406646843
1.0867528735632186
1.1032366071428572
1.313576931103631
1.1790031813361612
1.6157658252940401
1.476335231645375
1.078554897282614
1.3089994352892862
0.6402612244897959
1.2434251933105556
1.2580709051297287
0.7222203800112742
0.8047688281477178
0.8183414427755451
1.333959833270178
1.4920212765957448
1.3447493202094427
0.8968829127739456
1.1931207637626053
0.8473514172508384
0.9487886142075604
0.8809625148207825
0.8234188957516264
1.1564933237437065
1.0945233806950838
1.1549318009598388
1.1200272347047953
0.6677924662402273
1.19433104606387
1.252871044758077
1.147896373056995
1.0263055709945867
0.9954955687454266
0.7539476139385174
0.7440993788819878
1.0322684650313014
1.2726614270303591
1.0169024996941647
0.852532721185065
1.3014298107011186
0.9832321315623025
1.2897164070572926
1.4000292251169
1.202409297052154
0.9668531468531469
0.7800741858275578
0.5812162876784771
1.017360544217687
0.9291330131215284
1.054264776890959
0.9988655089364937
1.3407185751470556
0.8490717960187875
1.1111711928222383
1.0809536089470393
1.1859614105123086
1.3697884785417944
2.0200142233059033
1.9837959701282235
1.2207675512922578
1.2149161298869033
1.1091796434623857
1.02124826629681
0.7841176136686157
1.6913558526859012
1.110522851501016
0.7947378911700219
1.0760443231473613
1.1287310265204251
1.1004826678367705
0.7403399520187841
1.213715196060683
1.245733863837312
0.7731991238287804
0.8172161351333722
1.0678650944174155
0.8587624933241781
0.9792412423991373
0.8779414530182411
1.2901475759670584
0.8620394274337905
0.9503761252928844
0.9511625119846596
1.3064107085873597
1.0344948517240415
1.487479008654893
1.627000978123435
1.011124024572472
1.2082954545454543
0.8695789991202191
0.8731212838581808
1.002984231963544
0.9594439007541307
0.9925656162651791
1.0270149282780898
0.7975468752197825
1.0639730639730642
1.0300703878199176
1.081897265948633
1.0343770612656655
0.9298025873027748
1.0223204679277764
1.068052677787533
1.3014412416851442
0.590281917603321
0.9439845526176462
1.4374864689326694
1.2020783650798441
0.99288332206526
0.8785402257007644
1.3346414847518593
1.22681304664723
0.990919804486003
1.2313665193157797
1.1843610934520028
1.1173489666136722
1.267379102675588
1.1126369936076237
0.9419272976249554
1.2038951185728108
0.889411126677815
1.1710123237378105
1.0174349881796692
0.8865691685969146
1.5414847161572052
0.9585390946502055
1.1578445811314213
1.1283602478411476
0.9453229263558046
1.0688987290658598
1.1462693798449612
0.9747156069736714
1.034494637125186
1.4736944444444444
1.0435209110919705
1.5979064039408863
1.5873489694385223
0.843674924924925
1.2175478468899523
1.2736838027350565
0.8234538012279732
1.0375
1.0560224089635855
1.3749065071054598
1.0975520195838433
1.159835432551217
1.2519014124778411
1.170856785490931
0.9471339755414363
0.6683593749999999
1.1257432408490133
0.8681727272727277
1.2495287168530855
1.213080168776371
0.9581043956043958
1.0959633266707223
1.1411279498255116
0.9696306169078447
0.796447500358115
1.8985279347462183
0.8535862977602108
0.8327297343036046
1.110696742035686
0.9723794430609016
1.317881286680038
1.2008979847551429
1.1252165996064494
1.1173845204833268
1.1173489666136722
0.6473186119873814
0.9346891968443012
1.4910739891023783
1.0122215876641931
1.0418208607456132
1.0545095755693588
1.2584029401937853
0.721001813045495
0.9031307996449606
1.2049978457561394
1.3161815581899539
0.788272859216256
1.8653285097444252
1.3038840402184446
1.0321779466014098
1.805813172043013
1.464511240212175
1.3076010223953267
0.45460196730902924
0.6343621080058315
1.036556754681568
1.4587725199970076
0.876482358108439
