Case Count:
 [0, 0, 0, 0, 0, 0, 0, 0, 0, 0, 26, 0, 0, 0, 0, 0, 0, 0, 108, 0, 0, 0, 0, 0, 0, 0, 0, 0, 0, 0, 0, 0, 139, 312, 0, 14, 78, 0, 0, 0, 0, 0, 0, 0, 1, 1, 0, 0, 0, 0, 0, 334, 0, 0, 0, 0, 79, 0, 0, 155, 0, 0, 104, 234, 0, 0, 273, 233, 0, 0, 0, 0, 96, 0, 0, 157, 0, 0, 98, 70, 0, 0, 0, 180, 170, 0, 0, 0, 0, 0, 0, 0, 253, 0, 0, 132, 0, 0, 324, 164, 29, 0, 0, 2, 0, 217, 0, 0, 0, 161, 131, 150, 73, 0, 0, 149, 235, 0, 0, 0, 12, 205, 99, 305, 0, 171, 0, 0, 139, 68, 141, 130, 120, 71, 0, 0, 74, 0, 180, 0, 0, 293, 285, 237, 157, 40, 149, 166, 295, 292, 189, 2, 0, 29, 1, 162, 279, 148, 167, 78, 7, 397, 89, 40, 213, 197, 225, 37, 332, 186, 141, 343, 178, 255, 168, 104, 110, 84, 244, 189, 156, 291, 74, 235, 66, 51, 301, 180, 212, 296, 158, 193]

Control Count:
 [0, 0, 0, 0, 0, 0, 0, 0, 0, 0, 16, 0, 0, 0, 0, 0, 0, 0, 81, 0, 0, 1, 0, 0, 0, 0, 0, 0, 0, 0, 0, 0, 112, 184, 0, 13, 54, 0, 0, 0, 0, 0, 0, 0, 0, 0, 0, 0, 0, 0, 0, 232, 0, 0, 0, 0, 61, 0, 0, 125, 0, 0, 72, 186, 0, 0, 184, 193, 0, 0, 0, 0, 44, 0, 0, 145, 0, 0, 70, 68, 0, 0, 0, 118, 130, 0, 0, 0, 0, 0, 0, 0, 200, 0, 0, 89, 0, 0, 250, 139, 13, 0, 0, 0, 0, 91, 0, 0, 0, 118, 105, 96, 50, 0, 0, 92, 160, 0, 0, 1, 8, 161, 59, 210, 0, 115, 0, 0, 82, 56, 91, 105, 83, 39, 0, 0, 42, 0, 151, 0, 0, 226, 223, 162, 110, 21, 129, 118, 223, 193, 127, 3, 0, 16, 0, 107, 220, 111, 125, 76, 6, 267, 53, 30, 131, 83, 166, 22, 232, 106, 126, 250, 118, 189, 119, 60, 81, 57, 194, 126, 110, 191, 36, 148, 42, 30, 193, 104, 143, 217, 101, 126]

Cluster Number:
 [11, 19, 33, 34, 36, 37, 45, 46, 52, 57, 60, 63, 64, 67, 68, 73, 76, 79, 80, 84, 85, 93, 96, 99, 100, 101, 104, 106, 110, 111, 112, 113, 116, 117, 121, 122, 123, 124, 126, 129, 130, 131, 132, 133, 134, 137, 139, 142, 143, 144, 145, 146, 147, 148, 149, 150, 151, 152, 154, 155, 156, 157, 158, 159, 160, 161, 162, 163, 164, 165, 166, 167, 168, 169, 170, 171, 172, 173, 174, 175, 176, 177, 178, 179, 180, 181, 182, 183, 184, 185, 186, 187, 188, 189, 190, 191, 192]

Odds Ratio:

nan
nan
nan
nan
nan
nan
nan
nan
nan
nan
1.1967054263565893
nan
nan
nan
nan
nan
nan
nan
0.9744214372716198
nan
nan
0.0
nan
nan
nan
nan
nan
nan
nan
nan
nan
nan
0.8938856238698011
1.3658656895215278
nan
0.7862126944094157
1.0642381511946728
nan
nan
nan
nan
nan
nan
nan
inf
inf
nan
nan
nan
nan
nan
1.0863952477542742
nan
nan
nan
nan
0.9446480231436837
nan
nan
0.890749354005168
nan
nan
1.066262626262626
0.8960315618472964
nan
nan
1.1240803950159068
0.8464653683520936
nan
nan
nan
nan
1.6684491978609626
nan
nan
0.7517598713596572
nan
nan
1.0293622141997594
0.7346093268506471
nan
nan
nan
1.146613563847842
0.9493260362825579
nan
nan
nan
nan
nan
nan
nan
0.9000961538461537
nan
nan
1.1016593123087988
nan
nan
0.9232661157024792
0.8359242018150185
1.6557264957264954
nan
nan
inf
nan
1.9760155574762313
nan
nan
nan
1.0002096574858756
0.9005370569280344
1.1733793324775355
1.0762383177570092
nan
nan
1.222979375696767
1.1026206772334295
nan
nan
0.0
1.1008724100327154
0.9145190624892762
1.2574637533183584
1.0962683150183152
nan
1.1103131811403004
nan
nan
1.2852886693423895
0.8814501410320226
1.1601216042840408
0.8925442517432505
1.0687000163819678
1.362201900663439
nan
nan
1.3167919799498746
nan
0.8435087843393841
nan
nan
0.9274990259920964
0.9089073336489986
1.097222222222222
1.0556641544983514
1.414108950666881
0.817412045319022
1.0380300775262679
0.9556379171323082
1.1590600369282829
1.1141306660991699
0.48759439050701175
nan
1.339236111111111
inf
1.1330465827535365
0.8994335664335664
0.9731113956466072
0.9748241469816272
0.7296369596140763
0.85412147505423
1.1570921686238067
1.2554357592093444
0.9763779527559056
1.2489871636317116
1.9390019092764503
0.9915371714129244
1.2425091724419077
1.0762721654248253
1.3579572868787935
0.7881617113850617
1.009098976109215
1.1308537768850573
0.9848805991239228
1.042591018010358
1.3047272727272725
0.9948898837787726
1.088259109311741
0.8941831590036874
1.125
1.0475832059273196
1.1701324492442025
1.5506822612085769
1.2194777630656595
1.163549081277934
1.2604783599088838
1.2119071977822515
1.3333162164937866
1.1124050287230203
0.9998762385247632
1.1768180709121496
1.155053053830228
