Case Count:
 [0, 93, 1, 4, 539, 276, 0, 0, 0, 0, 32, 0, 292, 12, 0, 47, 324, 0, 105, 290, 327, 733, 0, 241, 664, 438, 186, 298, 585, 88, 531, 22, 0, 1, 262, 260, 120, 454, 482, 276, 494, 0, 108, 149, 98, 443, 47, 482, 494, 397, 135, 68, 155, 591, 630, 543, 401, 8, 88, 98, 169, 234, 295, 404, 0, 2, 635, 560, 392, 189, 543, 504, 225, 489, 247, 394, 482, 509, 98, 211, 593, 554, 551, 405, 229, 348, 450, 349, 293, 171, 707, 316, 683, 399, 255, 142, 620, 390, 593, 412, 332, 640, 630, 435, 598, 309, 600, 474, 592, 422, 417, 152, 510, 626, 522, 556, 505, 513, 536, 417, 509, 328, 668, 847, 526, 690, 276, 850, 607, 517, 602, 561, 625, 699, 346, 720, 351, 646, 487, 664, 471, 547, 334, 418, 228, 540, 505, 466, 542, 644, 533, 501, 619, 377, 304, 610, 618, 280, 430, 478, 198, 332, 575, 621, 333, 556, 859, 524, 850, 203, 137, 857, 539, 528, 409, 660, 548, 636, 650, 684, 557, 503, 528, 520, 485, 588, 466, 524, 457, 467, 860, 552, 846, 873, 317, 535, 514, 871, 364, 507, 396, 486, 483, 562, 565, 666, 581, 579, 350, 511, 680, 498, 470, 575, 496, 579, 437, 556, 703, 643, 535, 610, 475, 458, 547, 569, 621, 344, 498, 623, 741, 872, 634, 249, 547, 406, 710, 411, 517, 551, 464, 500, 636, 856, 430, 226, 514, 480, 653, 849, 575, 561, 534, 510, 578, 556, 632, 532, 479, 625, 675, 606, 470, 555, 306, 567, 448, 331, 619, 608, 568, 385, 543, 532, 502, 446, 533, 542, 421, 605, 635, 559, 565, 838, 600, 894]

Control Count:
 [2, 76, 4, 1, 388, 220, 0, 0, 0, 0, 17, 1, 186, 7, 0, 40, 207, 0, 91, 198, 247, 528, 0, 204, 498, 334, 145, 230, 404, 63, 387, 13, 0, 1, 201, 223, 110, 296, 219, 184, 355, 0, 93, 128, 93, 340, 29, 373, 378, 287, 121, 48, 121, 423, 416, 462, 288, 6, 92, 50, 155, 171, 164, 319, 0, 1, 367, 387, 305, 140, 414, 391, 147, 367, 153, 364, 395, 408, 83, 120, 426, 358, 399, 253, 171, 252, 370, 271, 298, 176, 505, 240, 519, 324, 214, 118, 356, 252, 432, 302, 206, 467, 463, 367, 441, 216, 442, 327, 399, 297, 266, 123, 312, 398, 381, 355, 347, 326, 317, 347, 352, 271, 510, 612, 345, 489, 244, 628, 436, 397, 429, 407, 473, 534, 312, 493, 239, 478, 396, 487, 363, 348, 257, 306, 165, 412, 357, 343, 341, 474, 401, 318, 471, 281, 218, 455, 451, 200, 305, 360, 113, 214, 379, 454, 248, 469, 623, 409, 607, 172, 87, 635, 403, 339, 289, 472, 379, 481, 478, 515, 367, 363, 391, 403, 310, 467, 330, 396, 381, 284, 628, 404, 619, 635, 256, 413, 366, 634, 280, 365, 271, 297, 411, 448, 408, 499, 409, 406, 233, 336, 498, 361, 353, 421, 327, 420, 308, 424, 501, 488, 358, 432, 420, 352, 404, 412, 464, 234, 380, 465, 528, 636, 458, 220, 417, 267, 472, 320, 376, 385, 330, 414, 426, 645, 306, 164, 374, 357, 456, 631, 392, 403, 349, 349, 404, 408, 468, 352, 340, 443, 481, 381, 385, 407, 224, 405, 319, 246, 492, 432, 432, 254, 401, 379, 397, 322, 378, 394, 323, 414, 428, 432, 382, 613, 412, 645]

Cluster Number:
 [2, 3, 4, 5, 6, 11, 13, 14, 16, 17, 19, 20, 21, 22, 24, 25, 26, 27, 28, 29, 30, 31, 32, 34, 35, 36, 37, 38, 39, 40, 41, 43, 44, 45, 46, 47, 48, 49, 50, 51, 52, 53, 54, 55, 56, 57, 58, 59, 60, 61, 62, 63, 64, 66, 67, 68, 69, 70, 71, 72, 73, 74, 75, 76, 77, 78, 79, 80, 81, 82, 83, 84, 85, 86, 87, 88, 89, 90, 91, 92, 93, 94, 95, 96, 97, 98, 99, 100, 101, 102, 103, 104, 105, 106, 107, 108, 109, 110, 111, 112, 113, 114, 115, 116, 117, 118, 119, 120, 121, 122, 123, 124, 125, 126, 127, 128, 129, 130, 131, 132, 133, 134, 135, 136, 137, 138, 139, 140, 141, 142, 143, 144, 145, 146, 147, 148, 149, 150, 151, 152, 153, 154, 155, 156, 157, 158, 159, 160, 161, 162, 163, 164, 165, 166, 167, 168, 169, 170, 171, 172, 173, 174, 175, 176, 177, 178, 179, 180, 181, 182, 183, 184, 185, 186, 187, 188, 189, 190, 191, 192, 193, 194, 195, 196, 197, 198, 199, 200, 201, 202, 203, 204, 205, 206, 207, 208, 209, 210, 211, 212, 213, 214, 215, 216, 217, 218, 219, 220, 221, 222, 223, 224, 225, 226, 227, 228, 229, 230, 231, 232, 233, 234, 235, 236, 237, 238, 239, 240, 241, 242, 243, 244, 245, 246, 247, 248, 249, 250, 251, 252, 253, 254, 255, 256, 257, 258, 259, 260, 261, 262, 263, 264, 265, 266, 267, 268, 269, 270, 271, 272, 273, 274, 275, 276, 277, 278, 279, 280, 281, 282, 283, 284, 285, 286]

Odds Ratio:

0.0
0.8855609418282548
0.18238146551724135
2.9405405405405403
1.0436624372191383
0.8856745092579701
nan
nan
nan
nan
1.393402846088268
0.0
1.2199321415911277
1.2600093472503506
nan
0.8539399092970523
1.226302551203737
nan
0.8261762509335323
1.1070801915872337
0.9544299030223143
1.08369086270872
nan
0.81906207250342
0.9207547169811319
0.9267778089442296
0.9253817236738293
0.9260525046510025
1.1659926893852182
1.026442443802729
1.0135561528573098
1.246374353320329
nan
0.7327586206896551
0.9380384434648346
0.798192872033086
0.7699741543993708
1.243172119487909
2.2747693910698414
1.1416539050535988
1.0428622308564024
nan
0.8317158461357117
0.8252904647435898
0.7456232289119212
0.9142035826676349
1.1980608335288139
0.8903923085688924
0.9103083378945448
1.0244557386497601
0.7868934363095115
1.041521486643438
0.9268157259700599
1.0664736245750972
1.3422144327244663
0.6668292847049323
1.0363596906565657
0.9771986970684039
0.6699064260972962
1.4882791817087846
0.7546179966044143
1.0041650889814466
1.4668288835885201
0.8732527242872071
nan
1.4670981661272922
1.8479489888598495
1.1529169555261447
0.899911469304271
0.9869594594594595
0.9072426222122103
0.8795546863246577
1.1610041743970316
0.9508669804310135
1.249841872232764
0.6413577077128477
0.7807436354883471
0.8109068627450982
0.8496658112594784
1.3738509749303622
1.0564428236083165
1.332901303538175
1.0302343159486016
1.3075159158796728
0.9756892230576443
1.019670518809934
0.7896518648084412
0.9103575518513806
0.5920972099109364
0.6473000119932837
1.10990990990991
0.9472267536704729
0.8666290709149863
0.8295073375262054
0.8256260572949887
0.860874808864385
1.8317515726700853
1.231778425655977
1.017257771164021
1.0000896665684604
1.2823014750126032
1.0147966479701847
0.9920758178810579
0.7534004787697602
0.9832089935672154
1.0729166666666667
0.9861227633442902
1.1277749773162618
1.2415608754824745
1.0761659992429224
1.2706693491541357
0.8874658630756191
1.4395538828713055
1.4690448944391925
1.009886049256128
1.368847940188045
1.146416725572291
1.342872522416234
1.5660815052054484
0.7839404719020174
1.1327178030303031
0.8256841303853971
0.8581473968897901
1.1645743663318981
1.271161937641601
1.1335575121287573
0.7569854141038835
0.9080464403773284
1.0592840047865975
0.8976791959110807
1.0814139988451916
1.026292596944771
0.9040836764214978
0.8366145578895944
0.7019065839820557
1.313702844609218
1.12306177701206
0.9694250188506289
0.7929692856163447
0.998148076401534
0.9008986249954889
1.370215742913884
0.926109276395383
1.0024557768312807
1.017144339255609
0.9063568522724436
1.0809418106865392
0.9918077690810974
1.396409708487728
0.9868087941372418
0.9398221617672986
1.336206136483865
0.8902814875693446
0.9722007323740265
1.0330422018348624
0.9498088118777774
1.0133964537540727
1.0375963020030816
1.0623213640395546
0.9450480413895047
1.3615001876445163
1.2135756664944661
1.2942921455510337
1.0081168831168834
0.9755155336652956
0.6737968525812148
1.1424443934877326
0.8604425126022519
1.3117010406022553
0.8274633224421807
1.181034482758621
0.8622484689413821
0.9533753260800405
1.3283605146425974
1.0668618578653182
1.0864154747652952
1.1461021198207746
0.9025565339558512
0.9894122763605824
0.8998930057459876
1.2810787846825469
1.0343770612656655
0.9765866663265111
0.877040776086442
1.307287125835513
0.7901687315930596
1.070528175927744
0.9311634867190426
0.7623782196716937
1.413015974635693
1.0518785193390578
1.0039131234078316
1.0209237596589913
1.1293025871766023
0.8599175347222223
0.8811346959845624
1.0659687932056094
1.1132655281192205
0.9226548672566373
1.0401350386288388
1.1240420096508656
1.4184280730556122
0.7114333409708357
0.7964310042818218
1.0386029411764708
0.9236114815181692
1.110305482955344
1.1205137227304718
1.1622821647505317
1.2552332535885165
1.0035322010935304
1.0242237661561402
0.9514463638776253
1.0031268032797884
1.2400788185689768
1.0280204081632653
1.0756585893781014
0.9035105468157217
1.1175878331831908
0.8891651381405478
1.2251155602189263
1.1021856495994424
0.6501730648206416
0.9088617062343178
0.9817985070758389
1.031964670981661
0.9429369122257056
1.1232960771422311
0.9152399560385883
0.9457305502846298
1.1421361218568662
1.082423038728897
1.046421434386796
0.7673061497326201
0.9065501525481188
1.203686596343481
1.4355506539741512
0.8950953185328187
1.0179004854368934
1.1207036349893493
1.061348973607038
0.7516637951420562
1.2993318271403165
0.6544759477540615
1.0560336358992497
1.0134441244839192
1.0166741833644737
0.9702232786210253
1.1674056064073228
0.8409270998415213
1.1975023060071486
1.0516102060632213
1.2860469333720213
1.1578940170004994
1.1290654706496295
0.9973978867686485
0.9684883018216351
1.2524902679184793
1.0675751633986925
1.1045354639420222
1.1049814199420498
1.4772921186709242
0.7872563166680816
0.9990277102576568
1.0020780784223804
1.067403314917127
1.0569411948722296
0.9787706990782283
0.7670535011801733
1.0917272412599512
0.9068944290550935
1.1897507526632702
0.982259377463078
1.067797398696025
0.8410148714893316
1.0294998906935173
1.0789041205707872
1.02017340206456
0.9185417225323614
1.2042628377169438
1.2767420052133005
0.8708145645645645
1.2149401645474946
1.0215298567663984
1.1907221058222917
1.4256478405315611
