Case Count:
 [45, 47, 44, 216, 3, 17, 0, 179, 33, 735, 451, 729, 330, 12, 219, 735, 252, 607, 1, 495, 709, 513, 80, 582, 564, 637, 735, 60, 225, 43, 68, 404, 739, 550, 592, 6, 47, 460, 513, 341, 195, 280, 217, 540, 194, 83, 290, 1, 72, 324, 423, 2, 704, 329, 693, 447, 200, 275, 10, 436, 241, 595, 437, 119, 769, 559, 243, 657, 0, 465, 422, 339, 264, 587, 197, 404, 105, 599, 149, 66, 537, 316, 555, 626, 589, 5, 628, 364, 691, 456, 277, 543, 59, 424, 253, 699, 228, 322, 672, 158, 320, 465, 204, 128, 611, 439, 572, 221, 271, 138, 706, 327, 722, 732, 251, 335, 596, 257, 80, 441, 711, 34, 672, 233, 733, 455, 802, 313, 474, 4, 356, 66, 736, 617, 741, 551, 8, 66, 268, 617, 585, 757, 542, 578, 518, 587, 278, 383, 320, 532, 147, 496, 171, 271, 425, 557, 632, 458, 331, 141, 587, 379, 364, 215, 505, 334, 542, 339, 636, 261, 793, 430, 538, 390, 752, 645, 629, 377, 705, 595, 421, 283, 844, 84, 466, 676, 779, 639, 733, 656, 559, 789, 746, 320, 495, 835, 323, 379, 782, 429, 287, 30, 747, 427, 608, 265, 368, 321, 464, 751, 376, 245, 518, 797, 656, 865, 596, 829, 774, 723, 306, 329, 285, 622, 829, 804, 666, 603, 712, 830, 678, 809, 857, 832, 711, 622, 680, 422, 693, 547, 512, 489, 633, 770, 644, 857, 369, 664, 685, 694, 635, 544, 741, 485, 876, 811, 750, 705, 623, 574, 726, 753, 576, 596, 652, 653, 594, 843, 679, 335, 747, 828, 824, 676, 881, 852, 881, 829, 860, 846, 859, 669, 768, 596, 791, 755, 655, 600, 874, 852, 683, 758, 829]

Control Count:
 [38, 39, 24, 175, 4, 7, 0, 166, 35, 521, 352, 549, 219, 9, 135, 501, 190, 447, 1, 363, 520, 372, 37, 439, 401, 468, 545, 36, 221, 37, 45, 292, 548, 410, 420, 6, 44, 319, 325, 263, 142, 219, 148, 414, 120, 57, 202, 0, 54, 261, 333, 1, 448, 160, 505, 329, 155, 195, 5, 238, 178, 376, 309, 76, 540, 478, 176, 494, 0, 334, 288, 226, 199, 449, 213, 209, 78, 441, 116, 56, 382, 242, 419, 459, 431, 5, 474, 245, 536, 340, 222, 397, 44, 281, 162, 452, 145, 246, 442, 137, 263, 364, 173, 75, 424, 327, 378, 181, 199, 112, 552, 239, 540, 529, 185, 220, 470, 181, 47, 293, 479, 30, 494, 143, 534, 312, 578, 230, 393, 1, 256, 48, 562, 503, 531, 439, 1, 38, 201, 372, 432, 559, 444, 420, 380, 475, 221, 277, 239, 410, 132, 381, 114, 220, 273, 336, 453, 302, 253, 116, 450, 259, 309, 142, 365, 243, 376, 253, 431, 191, 571, 295, 404, 313, 520, 460, 482, 286, 484, 423, 269, 188, 627, 46, 352, 408, 530, 477, 535, 478, 409, 570, 542, 193, 405, 611, 224, 304, 554, 349, 217, 22, 528, 298, 493, 185, 248, 234, 359, 556, 295, 164, 386, 581, 462, 625, 417, 599, 561, 520, 255, 250, 241, 438, 610, 596, 492, 442, 498, 616, 491, 613, 639, 616, 540, 436, 499, 323, 511, 353, 397, 329, 417, 564, 468, 615, 262, 497, 475, 492, 487, 405, 534, 359, 643, 622, 547, 500, 473, 360, 525, 560, 448, 405, 500, 482, 448, 626, 533, 251, 563, 613, 608, 538, 643, 601, 645, 606, 622, 610, 640, 490, 570, 429, 536, 572, 438, 440, 648, 615, 487, 556, 571]

Cluster Number:
 [1, 2, 3, 4, 5, 6, 8, 9, 10, 11, 12, 13, 14, 15, 16, 17, 18, 19, 20, 21, 22, 23, 24, 25, 26, 27, 28, 29, 30, 31, 32, 33, 34, 35, 36, 37, 38, 39, 40, 41, 42, 43, 44, 45, 46, 47, 48, 49, 50, 51, 52, 53, 54, 55, 56, 57, 58, 59, 60, 61, 62, 63, 64, 65, 66, 67, 68, 70, 71, 72, 73, 74, 75, 76, 77, 78, 79, 80, 81, 82, 83, 84, 85, 86, 87, 88, 89, 90, 91, 92, 93, 94, 95, 96, 97, 98, 99, 100, 101, 102, 103, 104, 105, 106, 107, 108, 109, 110, 111, 112, 113, 114, 115, 116, 117, 118, 119, 120, 121, 122, 123, 124, 125, 126, 127, 128, 129, 130, 131, 132, 133, 134, 135, 136, 137, 138, 139, 140, 141, 142, 143, 144, 145, 146, 147, 148, 149, 150, 151, 152, 153, 154, 155, 156, 157, 158, 159, 160, 161, 162, 163, 164, 165, 166, 167, 168, 169, 170, 171, 172, 173, 174, 175, 176, 177, 178, 179, 180, 181, 182, 183, 184, 185, 186, 187, 188, 189, 190, 191, 192, 193, 194, 195, 196, 197, 198, 199, 200, 201, 202, 203, 204, 205, 206, 207, 208, 209, 210, 211, 212, 213, 214, 215, 216, 217, 218, 219, 220, 221, 222, 223, 224, 225, 226, 227, 228, 229, 230, 231, 232, 233, 234, 235, 236, 237, 238, 239, 240, 241, 242, 243, 244, 245, 246, 247, 248, 249, 250, 251, 252, 253, 254, 255, 256, 257, 258, 259, 260, 261, 262, 263, 264, 265, 266, 267, 268, 269, 270, 271, 272, 273, 274, 275, 276, 277, 278, 279, 280, 281, 282, 283, 284, 285, 286, 287, 288, 289, 290, 291, 292, 293]

Odds Ratio:

0.8613658013812813
0.8772021629164488
1.3610169491525421
0.8759447004608294
0.5483261339092873
1.7947994987468672
nan
0.740441767068273
0.6797831632653062
1.163503967390229
0.881864539748954
0.8763934426229507
1.1622109909209413
0.9770992366412214
1.247511737089202
1.3611951355021907
0.9619217911840162
0.9868272958439284
0.7327586206896551
0.999162128194386
0.9978059440559439
1.0243292493796525
1.640085314996976
0.9245797036755005
1.0789464694428315
0.9928652968036531
0.9454270311169958
1.2370540851553509
0.6652354997943233
0.8447318650478921
1.116221447928765
1.0251532941943902
0.9439781021897806
0.959199433682991
1.0916490038151758
0.7313109425785482
0.7714646464646464
1.1130197645895021
1.3507988165680473
0.9217169757636895
1.0084142456921363
0.9101462735082423
1.097602869723656
0.8952721582653406
1.2339455782312925
1.074032599228568
1.0761709973814284
inf
0.9754959159859976
0.8617839840410373
0.8736246127550473
1.4670981661272922
1.627301587301587
1.7855104166666667
1.023393186776305
0.9922183405012046
0.9310146466657817
1.047988708539167
1.471164309031556
1.6461383742137825
0.9898664097204077
1.4450487323225893
1.0693030231273186
1.169509421702404
1.2549652777777787
0.6416204907836708
1.0163911343758283
0.9143471659919031
nan
1.0411612120586413
1.1358070348454967
1.1567796610169492
0.9615596780896968
0.8868570833170526
0.5913184022165783
1.737871952608795
0.9851101568334578
0.9878375592661307
0.9304266136162689
0.8535424598576393
1.0722499732877442
0.9351381230366845
0.9279159700330555
0.9992450225414696
1.0048450934898319
0.7316017316017318
0.9111400815845915
1.1464981036662452
0.7854242443245956
0.9668946648426814
0.8783991046260985
1.006329857349813
0.9817920585161963
1.195165779923188
1.1990192855577473
1.5397364370911881
1.2023021299621233
0.9380399405312011
1.413877493529588
0.8137313376314769
0.835128334800552
0.8727560155361879
0.8262467610125575
1.2911860174781522
1.164612258217634
0.9698932784122822
1.284335956604864
0.8622842338546055
0.9975561699072872
0.8863328517247607
0.7398615714564244
1.004559418396141
0.9107353730542138
1.067659505052153
0.9925536155624651
1.1817799204162838
0.8035013737141395
1.0564654038410943
1.2710823747587903
1.1966933363173502
1.3753998199613109
0.8243575418994413
0.9898076529245895
1.259484768105458
1.0294943820224722
1.1352848101265824
1.1253303544669369
0.9963509316770186
0.7634258870900089
2.9405405405405403
1.0314408813263525
1.0085457705677867
0.8074788412958899
0.6998139368914719
1.1134150739271549
0.803545817213243
5.906623235613463
1.2940781850338476
0.9682299546142208
1.642654052936311
0.9801962209302326
0.96054000083205
0.747573154549899
1.0233211233211232
0.9983224484569087
0.7443644198214834
0.8888518186430897
1.0230756006929294
0.971755604564723
0.8857406155925537
0.7818239944199022
0.9019657762179264
1.1220316622691293
0.86302155291517
1.2602476888191174
1.5374183947772655
1.071019243204674
1.2203287355352148
0.9363755337290308
0.8715320322072467
0.881072124756335
1.1227658827658826
0.7755992782885128
1.142985363159348
1.0311449987076766
1.0118062039630666
1.1360575072846226
0.9720104508608562
1.259076835361846
1.0023669937611688
1.123287318429999
1.127543222037295
0.9434174875288042
0.8507056612944335
1.3154280747501088
1.0911282914880585
0.8656362378976489
0.9432641633728592
1.2810378541912635
1.0865503036480229
1.269297192869479
1.1487961926091828
0.8551646495918941
1.3722665294571652
0.9407151973296682
1.7878400372006518
1.4796100628930813
0.942355237475602
1.0205798207133323
1.020491363587598
1.0047445978986322
1.0974812030075196
1.0454499626963485
1.3286029080204533
0.7772657450076804
1.0176898701117807
1.0874219118340405
0.8545633971291866
1.2195044082614996
0.8162063037249283
0.9558838307707768
0.999595510162807
1.189341908091908
1.0932177330944677
0.7222864653434691
1.0700097688049495
1.1453050428382499
1.0085399797570846
0.895007038667745
0.9485389216716517
0.889668066325436
1.1291631008415348
0.9632136959015671
1.0392218223543526
1.1390514247657104
1.2109999999999985
1.1331043273489319
1.1348580968280468
1.0681386924271175
1.0866598207617622
0.8205457463884429
0.9453266666666666
0.8079688667817839
1.1240462272990945
0.9649016393442622
0.9173154362416107
0.972781229713438
1.0001735002637204
1.205707623119205
0.8846582710219066
1.0452690257300736
0.7478520935290915
0.7823422013562864
0.9050743071361622
0.8516055045871564
1.1384962495890987
0.9960483215426834
0.922539554594806
0.9768980729045744
1.3305251917001617
0.8783381355369103
1.1890577507598787
1.3538790589150305
1.0046166198313933
1.0284300494826808
1.277371273712737
1.0537827153762267
0.9276489123419762
1.2175150992234685
1.134457706279191
0.8603975471091928
0.9629244829244832
1.0850167344011474
0.9797610981454994
0.976789225035946
0.6519292604501606
1.0264214149295805
1.1393303571428568
0.8953004739598447
1.441737089201878
1.0626882477128783
0.9244419642857142
0.8486442735734521
1.2197085974863755
0.8520722021660648
0.9768100908052201
0.9221881663113006
0.8612266884612527
0.7541613508442776
0.9661689940574404
0.8602463256104466
0.9094051330092221
0.9422305764411025
0.710198803943753
1.0846941420425098
1.472869892171057
1.024418604651163
1.0259900990099002
1.1822545318980389
1.186371716373691
0.7861383928571435
1.0029748822605964
0.9289310232101999
1.0513450513450513
1.5506029634436505
0.8268527449561932
1.326242375762424
0.9988947222989777
0.8092592592592601
1.1874564459930308
1.1060082469407855
0.9965711641213343
1.5970227670753063
