Case Count:
 [611, 775, 627, 647, 785, 749, 675, 744, 737, 703, 644, 752, 804, 693, 671, 671, 716, 756, 613, 692, 681, 765, 732, 683, 634, 775, 806, 628, 716, 764, 731, 680, 612, 591, 711, 568, 537, 746, 818, 819, 711, 796, 761, 793, 726, 769, 691, 652, 758, 744, 772, 830, 689, 688, 525, 659, 814, 772, 822, 708, 612, 723, 743, 679, 648, 685, 621, 641, 759, 601, 680, 662, 588, 716, 851, 770, 795, 770, 665, 757, 581, 788, 687, 673, 821, 607, 824, 667, 594, 670, 668, 762, 672, 697, 692, 818, 728, 741, 674, 717, 800, 496, 851, 602, 800, 663, 819, 617, 797, 739, 816, 680, 769, 841, 810, 674, 654, 638, 703, 812, 700, 701, 753, 630, 660, 865, 751, 848, 825, 776, 657, 864, 753, 811, 849, 852, 744, 819, 620, 823, 622, 850, 837, 709, 850, 838, 743, 835, 828, 873]

Control Count:
 [452, 568, 449, 474, 558, 557, 467, 537, 529, 502, 480, 560, 545, 526, 487, 501, 544, 517, 443, 504, 511, 507, 456, 503, 471, 576, 576, 417, 536, 558, 551, 521, 460, 421, 526, 434, 423, 549, 570, 584, 559, 567, 549, 617, 516, 577, 514, 477, 552, 553, 564, 597, 518, 504, 369, 468, 583, 600, 615, 510, 465, 521, 554, 476, 515, 506, 463, 484, 517, 505, 560, 478, 453, 511, 602, 570, 546, 565, 511, 559, 435, 592, 488, 506, 603, 417, 569, 464, 434, 516, 479, 521, 383, 434, 511, 589, 539, 544, 495, 540, 591, 359, 628, 430, 615, 536, 603, 440, 584, 560, 591, 521, 512, 561, 572, 504, 485, 514, 509, 560, 536, 507, 544, 459, 460, 620, 544, 637, 603, 548, 491, 623, 573, 613, 606, 595, 563, 612, 434, 618, 474, 604, 613, 489, 621, 608, 550, 621, 580, 630]

Cluster Number:
 [1, 2, 3, 4, 5, 6, 7, 8, 9, 10, 11, 12, 13, 14, 15, 16, 17, 18, 19, 20, 21, 22, 23, 24, 25, 26, 27, 28, 29, 30, 31, 32, 33, 34, 35, 36, 37, 38, 39, 40, 41, 42, 43, 44, 45, 46, 47, 48, 49, 50, 51, 52, 53, 54, 55, 56, 57, 58, 59, 60, 61, 62, 63, 64, 65, 66, 67, 68, 69, 70, 71, 72, 73, 74, 75, 76, 77, 78, 79, 80, 81, 82, 83, 84, 85, 86, 87, 88, 89, 90, 91, 92, 93, 94, 95, 96, 97, 98, 99, 100, 101, 102, 103, 104, 105, 106, 107, 108, 109, 110, 111, 112, 113, 114, 115, 116, 117, 118, 119, 120, 121, 122, 123, 124, 125, 126, 127, 128, 129, 130, 131, 132, 133, 134, 135, 136, 137, 138, 139, 140, 141, 142, 143, 144, 145, 146, 147, 148, 149, 150]

Odds Ratio:

0.9734443702343182
1.0011775196634347
1.0727591852387202
1.001952598976569
1.2016502389486259
0.9263514861360463
1.2177747053566914
1.0784236750717195
1.1029458097038431
1.1091651094736101
0.9462280701754383
0.9179983857949966
1.6050495412844041
0.8653009602371593
1.036037756872483
0.9344102492689038
0.8465548191107427
1.386209903735423
1.0421893305140444
1.0254169178219814
0.9135313427182629
1.6008803579160054
1.8334223884584564
0.9825114354523268
0.9582208787649787
0.9173768939393936
1.1945291327913283
1.320872869810464
0.9093616424917662
1.020658194851743
0.8710517149718606
0.8386713841932028
0.9275270881909201
1.0798465192764477
0.9610789409425473
0.8954644676206646
0.8355405992184105
0.980142733434859
1.435087719298246
1.236659402241594
0.7118051566526069
1.2033257747543458
1.0891230809263592
0.6048241014396029
1.143601787146294
0.8662911611785096
0.9433100088284343
1.0066525895147924
1.0359140605136028
0.9308635941547335
1.0200569182816097
1.1796355514948471
0.9033703346203346
1.0025686623196999
1.0987684134267086
1.1108499525166193
1.189827727645611
0.6638216560509554
0.8244358331433782
1.0741549108331114
0.8967945456395645
1.07783761623465
0.9157350258142153
1.169705882352941
0.7433092630342397
0.9709307976414177
0.9493282095873893
0.9059128213957763
1.4162703379224026
0.6385897126297997
0.5900745840504877
1.0529672637236924
0.8678798236585035
1.118308021645857
1.43174461197717
0.9430652101953002
1.4669099557159255
0.9942672677686873
0.8380033208800334
0.96054000083205
0.9441537851763776
0.840185930611463
1.1227391274895
0.9092067070158104
0.9833241201400408
1.1934402788328342
1.5446983011130637
1.1906011450381682
1.0091340532361237
0.827197629523211
1.0793239427607002
1.4012665647591578
2.0344810069998274
1.7098263944064835
0.9713724227336161
1.1510729745025166
0.9541900885184466
0.992617725281602
0.9931788472964945
0.8830974842767296
0.9443985361822692
1.0274370042522531
0.9207700473624044
1.0746177370030583
0.665532236717716
0.6742719672315114
0.9630936227951155
1.0831657925407925
1.0028668534661684
0.840404135338346
1.0996810565563093
0.8386713841932028
1.586437988281251
2.0442391832766176
1.2970852676735027
0.9282446311858079
0.961079662605436
0.7123296829662912
1.0511327085905033
1.4995726495726498
0.8269243303134978
1.055174919547389
1.0774669953208553
1.0190832185717096
1.1787619201551636
1.329763104838709
1.0625309814937214
0.7231428183809127
1.026119402985075
1.2309527217212914
0.9346921049478855
1.2374861093962206
0.8064017134697761
0.7624077197445182
1.313428217821781
1.5993015387973364
0.8428976045317077
0.8394385026737969
1.1419325011558026
0.7914911155889365
0.8847977569785185
1.3716573057255421
1.0092205120930562
1.2653653095370887
1.0395646058827126
1.1056607865818386
0.9514467253176934
0.8582588138554837
1.4275862068965512
1.261989795918368
