Case Count:
 [622, 700, 682, 627, 763, 681, 520, 708, 793, 798, 553, 702, 546, 733, 756, 745, 637, 675, 624, 676, 673, 752, 740, 770, 692, 638, 657, 718, 436, 634, 693, 673, 735, 643, 633, 775, 608, 695, 575, 810, 655, 807, 611, 736, 646, 624, 576, 766, 710, 675, 709, 600, 548, 569, 799, 687, 815, 797, 758, 653, 717, 791, 761, 671, 771, 749, 780, 542, 669, 722, 817, 627, 750, 744, 715, 778, 570, 658, 744, 822, 632, 732, 679, 629, 583, 627, 495, 832, 776, 755, 764, 753, 638, 623, 640, 703, 742, 717, 743, 677, 600, 832, 770, 510, 798, 604, 826, 676, 614, 468, 795, 657, 781, 692, 668, 510, 724, 809, 693, 696, 478, 697, 824, 785, 581, 612, 639, 833, 651, 704, 649, 692, 620, 700, 769, 839, 793, 678, 712, 804, 811, 534, 534, 698, 630, 615, 544, 485, 720, 710, 677, 553, 663, 818, 757, 563, 649, 709, 779, 754, 650, 631, 617, 568, 736, 550, 757, 674, 686, 620, 829, 700, 783, 734, 634, 773, 828, 695, 686, 800, 755, 642, 628, 703, 581, 603, 840, 661, 822, 834, 751, 853, 555, 704, 594, 867, 591, 749, 558, 717, 680, 728, 768, 553, 594, 720, 754, 761, 704, 826, 582, 645, 676, 684, 703, 713, 851, 879, 819, 697, 793, 625, 796, 743, 856, 624, 750, 829, 645, 846, 628, 809, 744, 740, 666, 834, 737, 809, 687, 580, 626, 808, 838, 820, 677, 800, 601, 789, 746, 823, 869, 838, 644, 711, 652, 703, 657, 800, 631, 878, 861, 753, 631, 692, 776, 875, 751, 648, 818, 711, 814, 817, 840, 845, 607]

Control Count:
 [504, 525, 482, 449, 557, 500, 400, 499, 565, 574, 393, 501, 422, 530, 567, 546, 470, 505, 451, 486, 482, 584, 548, 478, 486, 481, 476, 519, 312, 458, 543, 476, 511, 412, 481, 547, 453, 491, 386, 609, 484, 577, 452, 547, 427, 463, 406, 559, 528, 503, 517, 458, 391, 382, 591, 507, 598, 562, 542, 487, 561, 560, 549, 434, 554, 538, 579, 341, 508, 523, 586, 473, 535, 518, 483, 583, 406, 468, 569, 615, 481, 531, 476, 455, 437, 497, 334, 608, 544, 489, 562, 523, 437, 464, 439, 548, 566, 565, 504, 560, 462, 610, 570, 385, 550, 436, 601, 514, 468, 346, 598, 455, 553, 527, 509, 349, 517, 553, 520, 520, 379, 540, 592, 573, 456, 459, 466, 619, 493, 550, 487, 506, 452, 483, 573, 609, 587, 492, 536, 590, 601, 396, 402, 480, 459, 451, 386, 349, 513, 541, 489, 412, 524, 601, 575, 393, 486, 533, 555, 604, 497, 480, 441, 433, 516, 384, 539, 476, 498, 466, 616, 491, 543, 534, 446, 573, 570, 461, 518, 606, 574, 447, 430, 454, 448, 416, 614, 538, 611, 605, 560, 637, 419, 503, 397, 621, 440, 559, 438, 518, 552, 544, 565, 435, 453, 527, 560, 549, 503, 569, 445, 470, 497, 497, 522, 584, 631, 623, 618, 503, 591, 475, 570, 564, 616, 419, 552, 632, 465, 609, 481, 627, 589, 528, 437, 616, 503, 596, 498, 403, 470, 627, 608, 577, 488, 591, 480, 588, 555, 603, 638, 616, 467, 506, 430, 529, 402, 593, 464, 640, 622, 546, 526, 504, 567, 650, 570, 460, 605, 542, 590, 602, 635, 624, 399]

Cluster Number:
 [1, 2, 3, 4, 5, 6, 7, 8, 9, 10, 11, 12, 13, 14, 15, 16, 17, 18, 19, 20, 21, 22, 23, 24, 25, 26, 27, 28, 29, 30, 31, 32, 33, 34, 35, 36, 37, 38, 39, 40, 41, 42, 43, 44, 45, 46, 47, 48, 49, 50, 51, 52, 53, 54, 55, 56, 57, 58, 59, 60, 61, 62, 63, 64, 65, 66, 67, 68, 69, 70, 71, 72, 73, 74, 75, 76, 77, 78, 79, 80, 81, 82, 83, 84, 85, 86, 87, 88, 89, 90, 91, 92, 93, 94, 95, 96, 97, 98, 99, 100, 101, 102, 103, 104, 105, 106, 107, 108, 109, 110, 111, 112, 113, 114, 115, 116, 117, 118, 119, 120, 121, 122, 123, 124, 125, 126, 127, 128, 129, 130, 131, 132, 133, 134, 135, 136, 137, 138, 139, 140, 141, 142, 143, 144, 145, 146, 147, 148, 149, 150, 151, 152, 153, 154, 155, 156, 157, 158, 159, 160, 161, 162, 163, 164, 165, 166, 167, 168, 169, 170, 171, 172, 173, 174, 175, 176, 177, 178, 179, 180, 181, 182, 183, 184, 185, 186, 187, 188, 189, 190, 191, 192, 193, 194, 195, 196, 197, 198, 199, 200, 201, 202, 203, 204, 205, 206, 207, 208, 209, 210, 211, 212, 213, 214, 215, 216, 217, 218, 219, 220, 221, 222, 223, 224, 225, 226, 227, 228, 229, 230, 231, 232, 233, 234, 235, 236, 237, 238, 239, 240, 241, 242, 243, 244, 245, 246, 247, 248, 249, 250, 251, 252, 253, 254, 255, 256, 257, 258, 259, 260, 261, 262, 263, 264, 265, 266, 267, 268, 269, 270, 271, 272, 273, 274, 275]

Odds Ratio:

0.7115324957344504
0.908296943231441
1.1399700976027687
1.0727591852387202
1.023252795743116
0.9940403225806448
0.8931540342298289
1.1684545561711657
1.1971369078604888
1.1355427294730964
1.0777976287152833
1.111081801155398
0.87494586267061
1.0654890257989988
0.8786127167630053
1.001104873387482
0.9793573302244244
0.9261713572932099
1.0433644723928606
1.0720733909139708
1.08537830653527
0.7056729355313058
0.9502568261692346
2.0566564037788484
1.1715372193571914
0.9116174064627672
1.0402635318833418
1.0621592745801711
1.0459510063972535
1.046421434386796
0.7462777413615509
1.1321970194327733
1.2604151955938427
1.467911942426505
0.8891948081137269
1.2328165436026493
0.9533122898227807
1.1493202430065974
1.241364421416235
0.8047356873783997
0.9729972250708816
1.192260704037276
0.9734443702343182
0.9341959439618831
1.357850398457477
0.9632971001664129
1.1052345134595793
1.0256263924404885
0.9394458281444582
0.9404204693101238
1.0222964656233515
0.8879627294567368
1.0667848104664668
1.237136416521233
0.935962514642718
0.9742774707809672
0.9922695534823676
1.2784832308853662
1.1368118944347338
0.9424902538463829
0.7234386035717889
1.2384963768115942
1.0891230809263592
1.4801646840281502
1.1186423250925381
1.1060202395704255
0.9222102444622182
1.396409708487728
0.876264385221078
1.0537127866914218
1.1825786201852753
0.9129832126905899
1.1434240066830266
1.2654909735990816
1.3696522900098689
0.866084309293106
1.075442183404915
1.1050714353297382
0.7916021469624279
0.8244358331433782
0.8848008848008846
1.0496429493246155
1.169705882352941
1.0414212454212455
0.940807661274322
0.7686383199861418
1.1849457766494658
1.0298426478567544
1.2772971933871586
1.7036880332839708
0.9804378302598946
1.29252129323831
1.2241540651269593
0.9521565810232138
1.2207675512922578
0.754949615657903
0.8062016968689176
0.6943730171981964
1.4028737839221712
0.5804776077097509
0.8644850590139342
0.9983437552813927
0.9430652101953002
0.935808821250349
1.4509090909090914
1.044318983768525
1.067476535870637
0.8681195306131868
0.8871387871387871
0.9829097338031173
0.8234538012279732
1.199757595345831
1.2214456771418798
0.8532334125973787
0.8648616097975895
1.1578940170004994
1.120309477756286
1.56045810729355
0.9091672099087352
0.9248596896665566
0.8445377905446119
0.7844588122605364
1.1797940797940805
1.0274869109947646
0.8237862976406535
0.9337539432176655
1.0166124019535299
0.8691101238556814
0.892991083806383
0.7452444444444446
0.9233352889410383
1.0098230516502396
1.016553541254976
1.2530852477691286
0.9058900523560213
1.102134646962234
0.9337358452750771
1.0376542610047619
0.8876126281037211
0.9920542372881362
0.9148594150991285
0.972957422324511
0.9382580767050819
1.2653138528138523
1.0190832185717096
0.9988419224088012
1.0798734943812667
1.0391336895634893
1.1281792999244522
0.8389672431401348
1.054825202064466
0.9602677649246021
0.7467930321988175
0.9809476697995836
0.8113447927199189
1.127268176698786
0.9300044091710759
0.894866109500256
1.1790270270270269
0.5492715231788078
0.8625228070934567
0.8866820469798656
1.0762253619396476
0.9011662497680936
1.2194240269912033
1.1224027044854876
1.1594900116494795
1.1383259186027355
1.0373841043185084
0.9257330166534719
0.8747564935064928
1.1828635971504544
1.362975857110422
1.0361855373091327
1.1324010032682224
0.9339508658880384
1.5964564877540384
1.4173943675028275
0.8883327772216659
0.7675186123263487
0.8088529776923383
1.1710123237378105
1.2178629374951708
1.5553097345132747
0.868309985632184
1.1782901722510621
1.0299015481462506
0.6555720468290515
0.8801260382091566
1.1028099173553716
0.9116272070626009
0.7752623316533083
0.9279159700330555
1.1072409984537221
1.2684386631076359
1.3510986442262736
0.9577124798278642
0.9081494732657522
0.8344348853524352
1.0642438260362785
0.6382049938885979
0.9121305238513318
0.9793656901005884
0.8317314746881879
0.892438469902145
1.006691301308299
0.9309591836734694
1.0891230809263592
1.1072409984537221
1.5785145119183717
0.889499077162193
1.019590949955049
0.9892079751234683
1.0335975033876728
0.9474875394161327
0.5482702308472858
0.8645211101629484
1.636661316211879
0.7590026478375999
1.0631555494618494
0.8879516273514481
0.8916204986149584
1.1654926790660867
0.828671928620453
1.2373243195161
1.2792988771078677
0.9791717269856696
0.6427373417721517
1.0549750113584733
1.2050566799216569
0.8675171465869137
0.5806220095693774
0.6281650071123759
1.1345598845598843
1.4139266168396691
0.9263499658236495
1.3583706096752817
0.9614793064876951
1.0431892860698992
1.1464162051092452
0.9275050909346251
0.5751117086480287
1.1056607865818386
1.3559537627398914
1.0624918683320324
0.9443985361822692
0.7672827743902438
0.891362973760933
0.9254762959680993
1.004318032479114
0.9761494252873567
0.9717068645640071
1.0354709042413313
1.1279780251658993
1.3739568466123753
0.8937885808923162
1.6763882791922737
0.9202975280076344
0.9902727956491554
1.1028799019607853
1.2010355589181019
1.057848401598401
0.6239633041569909
1.0254169178219814
1.019746170072967
0.7727920227920233
0.8216144293317569
1.1079065449481662
0.9257389621025983
0.8364281119875422
1.0917317612380253
0.9572704081632654
0.683712288772892
0.91889880952381
1.3323214869471813
