Case Count:
 [400, 653, 50, 0, 0, 0, 0, 484, 523, 592, 464, 207, 379, 27, 590, 0, 3, 234, 528, 481, 403, 14, 514, 0, 5, 298, 388, 465, 418, 628, 472, 560, 408, 609, 558, 214, 218, 307, 485, 442, 503, 509, 166, 42, 0, 624, 595, 687, 422, 449, 534, 378, 548, 605, 496, 139, 397, 7, 349, 2, 598, 389, 558, 630, 547, 534, 537, 618, 409, 809, 566, 402, 89, 283, 482, 478, 312, 251, 523, 498, 419, 326, 438, 468, 266, 581, 293, 547, 284, 456, 625, 509, 603, 601, 320, 189, 428, 546, 350, 173, 540, 511, 370, 122, 361, 489, 206, 424, 494, 630, 292, 459, 636, 476, 459, 552, 304, 441, 308, 474, 44, 592, 422, 362, 593, 585, 483, 540, 578, 737, 679, 685, 90, 597, 287, 323, 848, 836, 551, 373, 349, 409, 550, 572, 254, 633, 510, 478, 306, 606, 557, 393, 249, 503, 547, 583, 568, 505, 481, 307, 681, 615, 440, 507, 555, 553, 477, 642, 577, 547, 850, 543, 469, 625, 598, 619, 633, 514, 581, 501, 515, 646, 643, 381, 87, 568, 587, 484, 575, 634, 522, 484, 117, 590, 204, 249, 483, 640, 702, 704, 417, 583, 654, 646, 684, 392, 380, 533, 553, 442, 594, 479, 495, 503, 467, 719, 468, 646, 588, 555, 599, 539, 712, 625, 867, 529, 541, 611, 608, 447, 515, 705, 484, 389, 513, 558, 585, 433, 564, 567, 569, 415, 646, 518, 439, 688, 361, 420, 662, 517, 473, 475, 544, 612, 557, 431, 341, 878, 619, 546, 443, 538, 503, 509, 636, 699, 634, 451, 624, 390, 386, 621, 680, 425, 631, 517, 516, 705, 412, 657, 547, 512, 517, 567, 617, 609, 634, 523, 539, 636, 442, 555, 532, 273, 602, 577, 597, 499, 426, 460, 688, 498, 555, 644, 570, 538, 283, 422, 514, 701, 646, 551, 498, 645, 654, 459, 652, 542, 606, 556, 662, 504, 800, 590, 496, 591, 530, 545, 537, 500, 442, 498, 651, 658, 568, 610, 575, 352, 536, 542, 550, 424, 906, 571, 565, 511, 481, 896, 710, 436]

Control Count:
 [304, 465, 39, 0, 0, 0, 0, 327, 371, 401, 365, 170, 327, 9, 457, 0, 1, 148, 401, 365, 288, 9, 374, 0, 1, 238, 285, 386, 380, 474, 355, 426, 170, 377, 438, 173, 150, 226, 339, 301, 385, 393, 115, 37, 0, 417, 463, 505, 334, 304, 387, 304, 463, 443, 369, 96, 284, 4, 252, 1, 349, 250, 320, 420, 400, 349, 394, 446, 293, 584, 384, 288, 66, 237, 396, 373, 191, 165, 388, 367, 325, 263, 295, 339, 185, 402, 228, 451, 234, 381, 409, 377, 447, 429, 254, 175, 285, 416, 273, 148, 381, 414, 293, 101, 283, 374, 183, 343, 423, 360, 192, 324, 471, 417, 394, 357, 250, 324, 225, 327, 41, 399, 297, 232, 470, 401, 344, 403, 380, 505, 517, 479, 86, 431, 201, 242, 629, 624, 431, 285, 236, 282, 418, 399, 188, 472, 382, 395, 241, 454, 390, 267, 185, 360, 409, 426, 371, 408, 323, 203, 489, 451, 362, 389, 422, 399, 231, 477, 448, 424, 632, 411, 383, 476, 449, 471, 478, 399, 426, 362, 373, 500, 455, 270, 72, 433, 414, 331, 379, 464, 377, 375, 68, 417, 132, 134, 358, 474, 498, 511, 208, 387, 470, 475, 488, 337, 263, 354, 441, 314, 405, 349, 295, 363, 330, 518, 406, 453, 467, 394, 447, 403, 513, 474, 637, 389, 394, 438, 452, 304, 349, 478, 397, 288, 396, 342, 386, 271, 448, 419, 449, 266, 499, 349, 340, 488, 300, 275, 464, 376, 333, 348, 396, 457, 406, 313, 225, 631, 471, 395, 346, 394, 347, 328, 419, 517, 400, 315, 526, 290, 259, 464, 486, 323, 478, 358, 397, 502, 283, 501, 417, 400, 376, 398, 457, 469, 413, 381, 382, 453, 315, 399, 376, 208, 409, 403, 465, 354, 351, 341, 508, 362, 408, 479, 390, 398, 189, 397, 403, 512, 471, 412, 369, 461, 506, 361, 487, 370, 381, 409, 494, 373, 583, 476, 374, 411, 357, 394, 403, 393, 327, 354, 475, 498, 432, 437, 434, 251, 425, 394, 396, 328, 659, 435, 382, 362, 358, 665, 509, 300]

Cluster Number:
 [1, 2, 3, 8, 9, 10, 11, 12, 13, 14, 15, 17, 18, 19, 20, 21, 22, 23, 25, 26, 27, 28, 29, 30, 31, 32, 33, 34, 35, 36, 37, 38, 39, 40, 41, 42, 43, 44, 46, 47, 48, 49, 50, 51, 52, 53, 54, 55, 56, 57, 58, 59, 60, 61, 62, 63, 64, 65, 66, 67, 68, 69, 70, 71, 72, 73, 74, 75, 76, 77, 78, 79, 80, 81, 82, 83, 84, 85, 86, 87, 88, 89, 90, 91, 92, 93, 94, 95, 96, 97, 98, 99, 100, 101, 102, 103, 104, 105, 106, 107, 108, 109, 110, 111, 112, 113, 114, 115, 116, 117, 118, 119, 120, 121, 122, 123, 124, 125, 126, 127, 128, 129, 130, 131, 132, 133, 134, 135, 136, 137, 138, 139, 140, 141, 142, 143, 144, 145, 146, 147, 148, 149, 150, 151, 152, 153, 154, 155, 156, 157, 158, 159, 160, 161, 162, 163, 164, 165, 166, 167, 168, 169, 170, 171, 172, 173, 174, 175, 176, 177, 178, 179, 180, 181, 182, 183, 184, 185, 186, 187, 188, 189, 190, 191, 192, 193, 194, 195, 196, 197, 198, 199, 200, 201, 202, 203, 204, 205, 206, 207, 208, 209, 210, 211, 212, 213, 214, 215, 216, 217, 218, 219, 220, 221, 222, 223, 224, 225, 226, 227, 228, 229, 230, 231, 232, 233, 234, 235, 236, 237, 238, 239, 240, 241, 242, 243, 244, 245, 246, 247, 248, 249, 250, 251, 252, 253, 254, 255, 256, 257, 258, 259, 260, 261, 262, 263, 264, 265, 266, 267, 268, 269, 270, 271, 272, 273, 274, 275, 276, 277, 278, 279, 280, 281, 282, 283, 284, 285, 286, 287, 288, 289, 290, 291, 292, 293, 294, 295, 296, 297, 298, 299, 300, 301, 302, 303, 304, 305, 306, 307, 308, 309, 310, 311, 312, 313, 314, 315, 316, 317, 318, 319, 320, 321, 322, 323, 324, 325, 326, 327, 328, 329, 330, 331, 332, 333, 334, 335, 336, 337, 338, 339, 340, 341, 342, 343, 344, 345, 346, 347, 348, 349, 350]

Odds Ratio:

0.9377176400358171
1.0990182328190745
0.9363787520784107
nan
nan
nan
nan
1.1774456241624576
1.0763745966831755
1.226607072822395
0.8638915893356902
0.8617972950953235
0.7459883236030025
2.235033259423503
0.853068943926983
nan
2.203023758099352
1.2125413182967142
0.9193972674299289
0.9295254403131117
1.045488751584284
1.142440801457195
1.0166741833644737
nan
3.67965367965368
0.8790501937700594
0.9965171709310245
0.7658957923887798
0.6479452054794521
0.9111400815845915
0.948451320615157
0.908431619527463
2.353934740882918
1.5346153846153845
0.8344348853524352
0.8788714175997413
1.0854008438818565
0.9936900663005435
1.1020090887347527
1.145804198189471
0.9077983049814037
0.888113413304253
1.0707846600945923
0.8241567384746641
nan
1.2952470810237053
0.8387760116915199
0.9893789378937894
0.864743885011043
1.1600397478070175
1.0270238445687372
0.8507617728531855
0.6772220427090245
1.0031909260652676
0.9685499164460465
1.0721914556962022
1.0431602774541986
1.2849783080260304
1.024363711001642
1.4670981661272922
1.7186436863199996
1.2419185185185184
1.6967486522911055
1.3093645484949832
1.0059358638743456
1.2860469333720213
0.9978698332124726
1.0470347353394953
1.0415594644263586
1.1197631278538807
1.2059659090909092
1.040915559772296
0.9872835497835498
0.8207077634518165
0.7760490814182089
0.8751716471588307
1.2972752806605174
1.1577366586216142
0.972773094307044
0.9885887328751968
0.8999336349924588
0.8592525332778439
1.1672339397286753
1.0241683143608549
1.0756675227263461
1.1587107565620174
0.9153219132737503
0.730256207845277
0.8411051480818921
0.7591017296199498
1.3672629005276025
0.9772388531009224
0.9682957961049123
1.076326112911479
0.8833378586297403
0.7384864864864865
1.1870154427986135
0.9081266318537863
0.9034143749169655
0.8241187616187616
1.093051029289719
0.788416198599265
0.8765042402632688
0.8681462941833219
0.8938311849897972
0.9122690811861934
0.7753667550960254
0.8273648356089252
0.6926550908942689
1.8787625418060196
1.167484301412873
1.0760638297872347
0.9678050477163539
0.6652373465466037
0.7113781185873205
1.3288455965940753
0.8385536000000001
0.9957308743169401
1.0051744498121309
1.1277749773162618
0.7760782692572687
1.2415608754824745
1.0761659992429224
1.2356169798698533
0.7923188956433636
1.1874383807922058
1.0609226718114504
0.9575994947916333
1.304378467536362
1.3377887788778875
0.8615551257253382
1.183904308840138
0.7421625966682373
1.0430352500489195
1.0675593992653551
0.9668944167143986
0.8654929439243165
0.8211331679073612
0.8455173768398824
0.9321469140477094
1.1346069549970776
1.112868248772504
0.9130676294959031
1.132410859080474
0.9867769897557134
0.9469265345854332
0.9527171400367367
0.7673973448595245
0.8967451030018051
0.9380804953560371
1.1172249793217535
1.1368857957403993
0.9817488076311603
1.0528364632237872
0.9522907359285195
1.0086094602295859
1.314706826649543
0.7969443673695895
1.1900016585581599
1.1621972660890503
1.0781713833366313
0.9988419224088012
0.7929137149894361
0.9018384726909441
0.910769952099754
1.039473684210526
2.055798184116768
0.9566760896719477
0.852532721185065
0.8679430504791075
0.8342012497997113
0.9241329753035059
0.7932909524350097
0.8854281844316673
0.9335011001285165
0.8902814875693446
0.9081971615967431
0.875369145755956
0.9993726728185205
1.0315162389631847
1.027185245625623
0.8263321554770315
1.1167140551755936
1.0583333333333336
0.8739608076009502
0.9011662497680936
1.1069370285617426
1.1500729827896399
1.2942921455510337
1.0050993571011106
1.0342090342090344
0.8875146067415733
1.2989169805853378
1.1018441883661212
1.170282131661442
1.4947651448639157
0.9770836986747502
0.9671061276334811
1.136404649434743
1.0409219395520768
1.8520977313701927
1.280055563023704
1.067651837524178
0.989964664310954
1.1041485446637669
0.745144195967265
1.1000990393872025
1.2433016606745417
0.8004052684903745
1.0607907505983598
1.208358208955224
1.0125947150588983
1.4923845973599934
1.0343770612656655
1.0751475796930343
1.0773763559477842
0.6876248891358474
1.1489013174829759
0.7901687315930596
1.0809536089470393
0.9502135448444174
0.9533753260800405
1.074514242595737
0.8978389407061959
0.9659188737529737
0.9927249357326481
1.0156667015542413
1.065973119669165
0.9596118324924872
1.1500805306835553
1.183367246653655
1.3366239539748952
0.7780601703789658
0.9830054012345679
0.8875109265734266
1.4908497659242446
1.2996671285697077
1.3207505058921556
0.8036448140900196
0.9794037368636187
0.8166790398416232
1.2596544864105792
0.8325626518053774
1.19894868201814
0.8985534213685473
1.129038840895177
0.8071654929577464
1.2182175388462226
1.1595473330750354
1.0179004854368934
1.0840050576892684
1.0011582864955186
1.0169224714679264
0.946289406291201
1.0141890460299805
1.017539807793474
1.175328798185941
1.3641589757931707
0.8902814875693446
1.0321975080146746
0.882543590475511
1.0022849130824254
1.1365155389590185
1.3042755516840887
1.357302858259956
0.964056849718274
1.5097796610169492
1.0962741581988444
0.602879760643271
0.9755613844283796
1.1582442742663734
0.9429369122257056
1.0957409886459415
0.9346282372598161
0.8992516357305326
1.132173075880024
0.8937735193125195
1.1222520631758681
1.1207359665370342
0.8678231771750615
0.9065501525481188
0.8625419664268582
1.0179004854368934
1.1137247008523279
0.9693093194187288
0.8602611940298506
1.3946074609102472
1.0143128660641558
1.0817626527050608
1.0925118097778184
1.0545418988950814
1.0488118692453057
1.0870089501045073
0.9463605182926832
1.2243182820783145
1.1307664110083464
0.8352895452778859
1.0719550650374456
0.7962481521129632
0.9779339581939485
0.9721959028980297
1.0182025611772696
0.9929419628814092
0.9529209244405373
1.184701092779087
0.9783829634104024
1.140400019656986
0.5954322110105874
0.854387276151753
1.0148454632675439
1.017757871756206
0.9517324189654284
0.9769679135306434
1.0838348965812223
0.8224937118217751
0.8656804384982616
0.9376496489966568
1.1771911446330052
1.4772921186709242
0.9913147217105737
0.9385585831475837
0.9792272512222046
1.0424561543473347
0.7495476066532807
0.940287263341196
1.1486632401848569
1.205534845517154
1.0338343379864636
0.9449916443003998
0.8541077243367318
0.9825367820206092
1.067324708010539
1.0155698599015526
0.8922331391988619
0.9068944290550935
1.0676958171631887
0.9244252649118697
1.0451089921078254
0.8215297111210899
1.02017340206456
1.044415127528584
0.9035981646945181
1.3150359569835717
0.9019842034290118
1.2149401645474946
1.07727537074731
0.9686938846767758
0.6532695374800631
1.095531573234294
1.1231643002028397
