Case Count:
 [754, 492, 514, 530, 501, 300, 527, 257, 575, 615, 617, 127, 443, 65, 481, 635, 722, 50, 555, 555, 711, 443, 394, 382, 548, 55, 119, 725, 323, 466, 422, 570, 658, 635, 784, 515, 620, 149, 762, 565, 624, 477, 604, 336, 580, 371, 641, 528, 823, 124, 712, 398, 59, 414, 532, 562, 718, 217, 200, 557, 557, 773, 62, 662, 543, 602, 645, 804, 773, 792, 790, 755, 790, 755, 309, 547, 748, 656, 631, 156, 381, 616, 251, 237, 786, 200, 553, 510, 589, 92, 616, 551, 655, 577, 677, 673, 498, 658, 621, 798, 737, 609, 69, 71, 264, 771, 539, 79, 275, 562, 658, 551, 265, 76, 467, 771, 785, 826, 531, 441, 698, 636, 789, 829, 807, 670, 334, 465, 461, 527, 759, 425, 452, 793, 538, 722, 645, 671, 752, 613, 671, 640, 310, 687, 609, 592, 449, 291, 169, 702, 587, 557, 525, 620, 487, 159, 711, 844, 597, 502, 101, 516, 583, 688, 555, 725, 606, 369, 799, 764, 282, 411, 113, 790, 653, 459, 592, 821, 596, 763, 570, 695, 562, 645, 710, 699, 815, 600, 564, 663, 182, 699, 722, 354, 430, 634, 651, 637, 488, 431, 366, 366, 230, 848, 569, 518, 659, 529, 546, 583, 619, 811, 471, 528, 640, 493, 589, 722, 676, 853, 816, 575, 526, 642, 562, 706, 367, 519, 575, 435, 841, 567, 671, 588, 566, 601, 577, 439, 713, 796, 567, 646, 783, 653, 739, 642, 751, 645, 430, 706, 569, 679, 477, 863, 734, 695, 697, 823, 590, 512, 744, 475, 817, 582, 231, 530, 765, 249, 869, 496, 689, 799, 650, 502, 856, 576, 742, 808, 835, 344, 584, 702, 795, 876, 710, 654, 506, 867, 835, 813, 560, 786, 530, 704, 738, 552, 463, 745, 647, 667, 625, 809, 760, 674, 475, 856, 719, 740, 648, 632, 571, 604, 507, 600, 679, 800, 809, 801, 310, 881, 720, 824, 880, 853, 824, 649, 793, 487, 408, 849, 850, 779, 850, 508, 673, 879, 870, 893, 557, 712, 631, 863, 856, 874, 867, 767, 774, 855, 562, 725, 876, 779, 863, 877, 550, 878, 907, 875, 887]

Control Count:
 [558, 388, 407, 442, 346, 226, 385, 161, 345, 418, 491, 78, 321, 51, 359, 457, 521, 37, 399, 397, 511, 316, 297, 265, 455, 33, 69, 550, 253, 315, 226, 400, 480, 425, 574, 453, 495, 157, 521, 413, 404, 345, 450, 274, 444, 242, 486, 340, 594, 95, 523, 300, 47, 320, 370, 416, 516, 149, 156, 470, 471, 545, 50, 494, 425, 460, 512, 577, 553, 561, 547, 539, 562, 539, 213, 419, 547, 440, 432, 116, 262, 464, 200, 157, 545, 136, 323, 385, 442, 79, 481, 429, 401, 447, 479, 486, 372, 537, 471, 606, 568, 459, 49, 48, 213, 589, 432, 72, 181, 382, 506, 450, 199, 54, 389, 561, 562, 562, 354, 368, 491, 487, 572, 609, 567, 500, 255, 369, 345, 389, 499, 302, 320, 601, 403, 521, 454, 504, 558, 464, 540, 448, 212, 519, 479, 437, 340, 210, 103, 520, 386, 424, 410, 500, 338, 105, 523, 627, 358, 328, 71, 364, 426, 493, 415, 518, 437, 276, 553, 556, 195, 307, 92, 577, 503, 337, 449, 603, 445, 558, 411, 504, 431, 450, 514, 512, 594, 428, 407, 536, 115, 517, 551, 274, 318, 476, 458, 448, 360, 332, 280, 268, 171, 602, 372, 386, 435, 377, 380, 424, 462, 568, 329, 419, 464, 327, 469, 519, 483, 621, 564, 420, 381, 447, 399, 458, 253, 450, 431, 352, 607, 409, 497, 409, 387, 432, 377, 307, 476, 608, 407, 483, 569, 497, 512, 447, 559, 458, 293, 498, 452, 486, 336, 608, 562, 524, 511, 607, 447, 371, 530, 366, 579, 485, 176, 401, 557, 192, 612, 358, 523, 603, 517, 363, 620, 449, 503, 573, 614, 229, 409, 556, 597, 643, 485, 438, 347, 629, 624, 601, 418, 556, 353, 553, 534, 423, 355, 530, 461, 483, 467, 582, 540, 487, 375, 645, 437, 536, 485, 449, 442, 412, 379, 458, 494, 577, 582, 599, 236, 654, 537, 598, 632, 602, 614, 510, 584, 384, 361, 601, 617, 593, 631, 403, 494, 658, 632, 642, 397, 510, 475, 619, 642, 644, 641, 531, 566, 603, 421, 546, 650, 571, 623, 632, 452, 639, 660, 641, 655]

Cluster Number:
 [1, 2, 3, 4, 5, 6, 7, 8, 9, 10, 11, 12, 13, 14, 15, 16, 17, 18, 19, 20, 21, 22, 23, 24, 25, 26, 27, 28, 29, 30, 31, 32, 33, 34, 35, 36, 37, 38, 39, 40, 41, 42, 43, 44, 45, 46, 47, 48, 49, 50, 51, 52, 53, 54, 55, 56, 57, 58, 59, 60, 61, 62, 63, 64, 65, 66, 67, 68, 69, 70, 71, 72, 73, 74, 75, 76, 77, 78, 79, 80, 81, 82, 83, 84, 85, 86, 87, 88, 89, 90, 91, 92, 93, 94, 95, 96, 97, 98, 99, 100, 101, 102, 103, 104, 105, 106, 107, 108, 109, 110, 111, 112, 113, 114, 115, 116, 117, 118, 119, 120, 121, 122, 123, 124, 125, 126, 127, 128, 129, 130, 131, 132, 133, 134, 135, 136, 137, 138, 139, 140, 141, 142, 143, 144, 145, 146, 147, 148, 149, 150, 151, 152, 153, 154, 155, 156, 157, 158, 159, 160, 161, 162, 163, 164, 165, 166, 167, 168, 169, 170, 171, 172, 173, 174, 175, 176, 177, 178, 179, 180, 181, 182, 183, 184, 185, 186, 187, 188, 189, 190, 191, 192, 193, 194, 195, 196, 197, 198, 199, 200, 201, 202, 203, 204, 205, 206, 207, 208, 209, 210, 211, 212, 213, 214, 215, 216, 217, 218, 219, 220, 221, 222, 223, 224, 225, 226, 227, 228, 229, 230, 231, 232, 233, 234, 235, 236, 237, 238, 239, 240, 241, 242, 243, 244, 245, 246, 247, 248, 249, 250, 251, 252, 253, 254, 255, 256, 257, 258, 259, 260, 261, 262, 263, 264, 265, 266, 267, 268, 269, 270, 271, 272, 273, 274, 275, 276, 277, 278, 279, 280, 281, 282, 283, 284, 285, 286, 287, 288, 289, 290, 291, 292, 293, 294, 295, 296, 297, 298, 299, 300, 301, 302, 303, 304, 305, 306, 307, 308, 309, 310, 311, 312, 313, 314, 315, 316, 317, 318, 319, 320, 321, 322, 323, 324, 325, 326, 327, 328, 329, 330, 331, 332, 333, 334, 335, 336, 337, 338, 339, 340, 341, 342, 343, 344, 345, 346, 347, 348, 349, 350, 351, 352, 353, 354, 355, 356, 357, 358, 359]

Odds Ratio:

0.9497388632872499
0.8501969850668807
0.8338178265889109
0.7182549133013526
1.1333463886337856
0.9602262335213922
1.007895587000065
1.2352114758947055
1.581920903954802
1.2323240788711791
0.7652488380594286
1.2241991175906388
1.0222683742932963
0.9293300653594772
0.9630048746518106
1.0586641658851725
1.0711470880043026
0.9900685668603758
1.0488118692453057
1.0615714112528456
1.0850284565252524
1.0528663332812418
0.9521759652600774
1.0962850539822702
0.7144183900089415
1.2356979405034323
1.3030595813204509
0.8464795008912659
0.9016814724950756
1.1694333024786587
1.6757431359201274
1.1153899721448464
1.0167435424354243
1.3010004001600644
1.0079058031959631
0.6260997536551813
0.7539472393841328
0.6375632859709293
1.4012665647591578
1.007237314743368
1.4027592923226748
1.0277799153520581
0.954010256410256
0.8416439974889526
0.88709052892434
1.206115406262034
0.8930255486968453
1.3205809006894529
1.1371736230226799
0.9501667211507028
0.991232784978545
0.9519020715630885
0.9147957935925657
0.9068810679611651
1.1263666689359382
0.9754899392160975
1.0881185936294497
1.0881909358268604
0.9232879603249974
0.6721974376572866
0.6675912608725428
1.2365090566925425
0.9024682814302191
0.9385585831475837
0.8473514172508384
0.884470150245978
0.7496492627640846
1.159320623916811
1.1469374507349188
1.2365822241305282
1.3922901897860132
1.1431343697353544
1.2034358278501749
1.1431343697353544
1.095047705588369
0.8953879218783192
1.012372862524872
1.3161505161505163
1.2204744593586874
0.9829593611990901
1.1118780297542767
0.9204032169218908
0.8903466076696164
1.143072788188947
1.3716045422467444
1.0994109577987574
1.6301132995191354
0.935808821250349
0.9367247804099011
0.8375905509429395
0.8183164732685498
0.8562548562548562
1.6691847024773832
0.8581070774862721
1.1329323657089838
1.054808063271605
0.959770975226405
0.6510956729679029
0.8989577301679212
0.7539112689894942
0.7636535357981217
0.9204656862745096
1.0348362600854295
1.0912733100233099
0.8722651699671716
0.7622015430573174
0.7965990028490026
0.7861274509803922
1.1615726426411201
1.198610496882891
0.8397386345404958
0.7482716049382714
0.9666555669915843
1.034518692197473
0.7587665119798797
1.0437961145332708
1.15429764729142
1.6980617074940412
1.2324120603015072
0.7686263809693514
1.1692720043025535
0.8646936387018103
1.0739385614385621
0.9800985221674877
1.3299505594587564
0.9364478764478763
0.9377755808205634
0.8473507148864593
0.95934596804162
0.9840514650398395
1.6284097606978658
1.0582558078419004
1.0689989517819707
0.7761573847509053
0.9491727643695301
1.0711470880043026
1.1355633802816902
0.9133674787744557
0.9365166150294637
0.9072252837189002
0.6790913006029288
1.151754819574889
1.1079190416679372
0.8861128361916589
0.8025704592901877
0.9808445769306506
0.9381678921568628
1.0229959695476938
1.2478538579458351
0.9574889867841406
1.3117368118049872
0.9075687259078923
0.8589410770345328
0.7263430420711974
1.1181089185788105
1.1327643784786645
0.985300050870946
0.8551646495918941
1.6223918018442487
1.2652510424401668
1.0480029938082602
1.0880717345608384
1.0086094602295859
1.0886350820196444
0.9511629405321823
1.118318949201302
1.0475589971023938
0.966906055900621
1.4226178884406735
1.040985393503379
1.0862917607894425
0.9665966571504031
0.8865755541346975
1.024400583519319
0.8372518512115713
0.9968811162320854
0.9076814285619873
0.9833241201400408
0.9491918885177314
1.0131817592952452
1.0430433279791795
1.043065730565731
0.8882454465567055
1.165845070422535
1.0533375974983568
1.0031504755434784
1.0470937444621653
1.0780331221770874
1.0402611827269364
0.6742719672315114
1.1991385833187824
0.964056849718274
0.8229218723971349
0.9144906378927324
0.9836654440957384
0.9255804016521864
1.1401856680594389
1.134578339041096
0.9866969009826153
0.9097776648763729
0.9310200456736869
1.001815964582063
0.9813518058379138
1.3738566916861485
1.3128808243727597
0.9632136959015671
1.3802809706257986
1.0664190981432364
1.129215335990106
1.0213150289017345
0.9465228320067028
1.3673161852470748
1.100277405396796
0.8233354561091307
1.0356759336594683
1.2240972982072214
0.7830678540072743
1.088715757728072
1.0953281123413452
1.0844139333841851
1.4980229711918658
1.0093825665859564
1.0277251323733418
1.1710123237378105
1.082297023211981
1.5414847161572052
1.1047219838802693
0.6498048780487805
0.9421657687417252
0.8230297662863449
1.1650816234836003
1.041645841494549
0.9628624459937922
1.146749456868551
1.184530292352703
1.056127201897019
1.321798890764408
1.0914445256930134
1.4216172580143172
0.7185892362485156
1.0544612920303527
0.9357592783618287
1.055637142788357
0.8759221998658618
1.2838301809210526
1.1710123237378105
0.9208056119474985
1.105810627959899
1.1411218341119098
1.1633799773083364
0.8007681907571286
1.0897530864197529
1.0835769595448794
1.5699511562998407
0.7970252760288347
0.8898920206172117
0.9994770227410756
0.9465356998539056
0.9110886737542316
1.025939356331646
1.1457827638959712
0.9004658048674803
1.2850666173205039
0.6778097982708935
0.9495881088825215
0.9275057969112305
1.0384463808731443
0.9326056985294116
1.6329248366013065
1.0335066510121667
0.8672880815806248
0.7950248756218906
0.7390306635330657
1.0299030328836587
1.153689792311092
0.8431200590547455
1.4041526243607874
1.2586214356799799
0.9693152678633306
1.160661366774904
1.1257432408490133
0.6952587709568027
0.8347708692717313
0.976789225035946
1.3101727627924495
1.3194022415940225
1.1514024294697545
1.1560592850915432
0.8114259410801962
0.9329278788226519
0.954863137148118
1.2357247069477286
1.2342470908148555
0.7242274462527627
1.0636508029884109
0.8930526553417232
0.9123979931088676
1.153558244462674
1.0949062322118117
1.043620501635769
0.9421137157669333
1.1467783505154634
1.17422748191979
1.0529129927124856
0.8537444933920705
0.6544759477540615
1.9116922741636695
1.0591881860538575
0.9319294126279488
1.0995178211213845
0.8624396471093807
1.2134129947722176
0.9573334667183535
0.8879627294567368
1.0281214574898785
1.1177837787003075
1.1467783505154634
0.8566621452420706
0.9443197064702502
0.7577408256880737
0.9237924674560956
1.089218028348463
1.3924050632911404
1.472875502710264
0.8563362804405151
0.7771638655462183
0.9684855962933114
0.8521811368778278
0.6941690016535428
1.412645590682196
1.1160576903350214
0.7706801573917932
0.8525747758229852
0.8323794816783859
0.9951527707489881
0.6144984802431622
1.1432632482299934
1.5068795430944968
1.071124834105252
1.1001355380862021
0.9183044860473332
1.3096881578303243
0.7123287671232879
0.9129870129870127
0.8726284535252373
1.3374485596707826
1.0145902199931605
1.4945542557482856
0.9457176697495906
0.8787168713639302
0.788272859216256
1.000467016929364
1.2173257454156339
1.3076010223953267
0.7352254418941319
1.1315474546626174
1.311776859504132
1.0111515571733984
0.8383133406034156
