Case Count:
 [22, 678, 582, 331, 350, 122, 286, 71, 428, 543, 122, 180, 257, 526, 499, 36, 0, 568, 674, 556, 50, 158, 523, 592, 133, 614, 354, 517, 438, 316, 281, 572, 94, 44, 398, 93, 39, 807, 280, 373, 683, 266, 73, 244, 48, 136, 613, 686, 244, 595, 725, 118, 691, 580, 361, 62, 746, 601, 542, 632, 28, 632, 493, 422, 606, 512, 3, 57, 621, 655, 577, 624, 392, 219, 573, 744, 531, 530, 254, 624, 467, 631, 537, 442, 253, 511, 409, 664, 568, 199, 216, 202, 72, 570, 766, 686, 500, 512, 682, 484, 239, 151, 713, 32, 533, 566, 23, 417, 221, 263, 290, 599, 565, 362, 235, 725, 299, 632, 219, 736, 221, 356, 838, 176, 843, 568, 10, 530, 639, 735, 642, 610, 408, 90, 523, 379, 534, 502, 663, 586, 314, 107, 609, 419, 106, 343, 596, 591, 312, 827, 751, 508, 471, 692, 206, 460, 711, 393, 366, 375, 584, 523, 246, 654, 554, 332, 395, 513, 438, 679, 242, 691, 754, 680, 564, 608, 806, 806, 421, 799, 837, 637, 525, 661, 682, 706, 347, 834, 616, 816, 456, 556, 659, 474, 859, 789, 745, 864, 534, 688, 860, 603, 603, 702, 570, 556, 648, 798, 647, 843, 387, 596, 882, 773, 389, 862, 853, 780, 777, 857, 869, 868, 767, 870, 765, 764, 877, 858]

Control Count:
 [5, 496, 365, 233, 271, 135, 245, 40, 280, 429, 106, 120, 162, 356, 410, 32, 0, 397, 502, 420, 48, 115, 379, 462, 129, 514, 244, 380, 331, 218, 200, 425, 59, 40, 243, 80, 44, 587, 168, 282, 468, 194, 45, 172, 35, 88, 440, 541, 157, 427, 521, 41, 488, 431, 206, 44, 573, 379, 384, 492, 16, 436, 355, 270, 459, 369, 3, 44, 433, 462, 446, 456, 214, 163, 418, 529, 410, 388, 198, 483, 325, 398, 412, 305, 157, 365, 230, 479, 374, 150, 138, 154, 65, 419, 559, 505, 399, 353, 452, 364, 176, 94, 481, 16, 429, 404, 34, 310, 146, 223, 221, 416, 471, 228, 171, 517, 218, 481, 189, 514, 137, 252, 622, 96, 598, 429, 8, 424, 476, 532, 473, 470, 277, 72, 381, 277, 404, 385, 504, 388, 250, 81, 450, 306, 83, 251, 465, 442, 287, 619, 547, 384, 358, 525, 136, 290, 518, 282, 252, 254, 459, 379, 202, 493, 392, 212, 324, 359, 385, 520, 183, 526, 555, 487, 404, 444, 533, 593, 290, 589, 620, 515, 424, 500, 477, 458, 261, 587, 466, 584, 358, 423, 499, 294, 602, 523, 572, 620, 373, 482, 598, 468, 453, 502, 396, 407, 469, 588, 459, 628, 299, 444, 609, 525, 290, 627, 614, 572, 563, 643, 615, 624, 531, 646, 566, 536, 632, 646]

Cluster Number:
 [1, 2, 3, 4, 5, 6, 7, 8, 9, 10, 11, 12, 13, 14, 15, 16, 18, 19, 20, 21, 22, 23, 24, 25, 26, 27, 28, 29, 30, 31, 32, 33, 34, 35, 36, 37, 38, 39, 40, 41, 42, 43, 44, 45, 46, 47, 48, 49, 50, 51, 52, 53, 54, 55, 56, 57, 58, 59, 60, 61, 62, 63, 64, 65, 66, 67, 68, 69, 70, 71, 72, 73, 74, 75, 76, 77, 78, 79, 80, 81, 82, 83, 84, 85, 86, 87, 88, 89, 90, 91, 92, 93, 94, 95, 96, 97, 98, 99, 100, 101, 102, 103, 104, 105, 106, 107, 108, 109, 110, 111, 112, 113, 114, 115, 116, 117, 118, 119, 120, 121, 122, 123, 124, 125, 126, 127, 128, 129, 130, 131, 132, 133, 134, 135, 136, 137, 138, 139, 140, 141, 142, 143, 144, 145, 146, 147, 148, 149, 150, 151, 152, 153, 154, 155, 156, 157, 158, 159, 160, 161, 162, 163, 164, 165, 166, 167, 168, 169, 170, 171, 172, 173, 174, 175, 176, 177, 178, 179, 180, 181, 182, 183, 184, 185, 186, 187, 188, 189, 190, 191, 192, 193, 194, 195, 196, 197, 198, 199, 200, 201, 202, 203, 204, 205, 206, 207, 208, 209, 210, 211, 212, 213, 214, 215, 216, 217, 218, 219, 220, 221, 222, 223, 224, 225, 226, 227, 228]

Odds Ratio:

3.279382579933848
1.0075022490682435
1.4520705854486602
1.0642628504169835
0.9145428241847186
0.6114277846619856
0.7915447360903924
1.3260780885780885
1.2234673510122616
0.8263342874741838
0.8200649973112625
1.123497997329773
1.225225970017637
1.1915549111997106
0.7670391378332387
0.8176091825307951
nan
1.125560819721317
0.9424732442777911
0.9263117579471466
0.7501422070534698
1.0086054249140022
1.0264632101589612
0.8327103163898414
0.7149701998363912
0.633302451979495
1.102622950819672
0.9939767501277464
0.9432627168181342
1.0948411332445336
1.042908950617284
0.9651145163947933
1.186806048919111
0.7967231638418079
1.3510032317314173
0.8357206937799043
0.6343973442288048
1.0592621554444663
1.317411402157165
0.9492002142966478
1.2636283093600165
1.0071527421436457
1.2052959501557634
1.0541164488202341
1.0056105075401331
1.155680385188582
1.0625215765247409
0.7305477586849534
1.1888604770096238
1.059683910866791
1.0914154529374134
2.2712098884244085
1.1482556137208981
0.9639739660548201
1.4654980856009843
1.0352836321694452
0.7683460647154752
1.4600521269064937
1.0832122093023253
0.8174427198817444
1.2916204217536071
1.1957495443733976
1.038364129732523
1.2670173131711597
0.9074242700176043
1.0381548419800741
0.7321814254859611
0.9463354879065888
1.154794397288624
1.1331642809744997
0.8637064309009377
1.0094909404659187
1.5929967455054908
0.9802298453296466
1.0127076501263372
1.1555510141521481
0.8818543939208234
1.003087615947084
0.9179349046015713
0.8386925974951634
1.1072394272394275
1.505623756365721
0.8944236675252623
1.1188743393812908
1.2491237327102098
1.0583732057416269
1.542299331103679
1.0566667979674633
1.2915401365784285
0.965013698630137
1.192023903896579
0.9508387073724075
0.796194237501122
0.9928135034336959
1.0256263924404885
0.9838732021350284
0.8237376658429291
1.1408618147974534
1.3988929096055314
0.9472033584393132
0.993865283267457
1.2120138926871957
1.3725263725263726
1.482720178372352
0.7906336088154268
1.069075089327115
0.483086612128295
0.9747164818548387
1.1438259422645305
0.8110397392908605
0.9446320962476719
1.156286421911422
0.692062714355708
1.2684953123549616
1.009909499974721
1.1273561649030985
1.0079874763361
0.8848008848008846
0.802951039570758
1.2390072780790709
1.2394737927337207
1.057674727831796
0.8735027030846968
1.4243027888446214
1.3605234502605585
0.9242391957073395
0.9153971708378673
0.8051378446115288
0.9489640683859754
1.0611096039066739
0.9836833614485344
0.8584672847328751
1.142152345184559
0.9073301549463647
1.0143128660641558
1.005027896291434
0.9269206667502194
0.9038717722558475
0.8753356605800214
1.2901475759670584
0.8802211382113821
0.9642245651978011
0.9769374999999998
1.0068242983467899
0.9279597124829817
1.0027466924112425
0.8313862249346121
0.9454670807786015
0.6941986345077621
0.8120941429883746
1.0335640778095023
0.933269002375297
0.9278439169573811
0.8676069921639543
1.1417907411927428
1.3224027645026102
1.0262920194112854
1.0374126706891078
1.106698807409287
1.1379302993263025
0.8187174386662879
1.0264632101589612
0.8540799907223521
0.9068928637285638
1.0891564625850338
1.2302708511109004
0.8150402274934111
1.1060772444825369
0.6858412463300448
0.8409153846153842
0.9585988021094329
0.8555532479151357
0.9781621621621618
1.087883360959237
1.0594601925946023
1.0110297213100952
1.8195518540551268
0.9724290160270915
1.1173703502579422
0.960010447956119
0.8951086956521743
0.7031653145365077
0.787671632729311
0.8928432835820892
1.1808621699386344
1.5414847161572052
0.9594343721609988
1.4058280283331832
0.9080064172002908
1.1994181112862163
0.8698075991826807
0.9091704219192666
0.8902100497290879
1.3712940121103383
1.6103701945894644
1.7025676044796514
0.7715586044390393
1.3077915632754336
1.1163131638782364
1.1786298445274705
1.7299209926809171
0.841847569608306
0.9309714378580429
1.102708110290117
1.1426943530007596
1.0035109445297112
1.0423935229799146
0.9634678298800432
1.1096741296991608
0.8272663309139396
0.9122289550654701
0.9553607661715772
2.2186353631694824
1.472380952380952
0.9712579821200511
1.1080482753695637
1.2247342705297442
0.9975594874923736
1.0713985229503598
0.7034301019526524
1.55430894308943
1.2998108448928114
1.3374485596707826
0.7989190323765536
0.9477613548220287
1.2526006331976482
1.3076010223953267
0.654733353682466
