Case Count:
 [611, 683, 627, 760, 648, 520, 785, 668, 789, 734, 630, 634, 733, 775, 676, 703, 769, 802, 693, 723, 770, 658, 716, 576, 691, 644, 730, 656, 592, 598, 657, 806, 625, 716, 716, 757, 635, 764, 729, 608, 627, 570, 578, 604, 746, 819, 637, 808, 760, 792, 789, 725, 769, 615, 744, 672, 751, 800, 781, 541, 679, 814, 632, 772, 804, 616, 620, 814, 672, 679, 629, 719, 749, 828, 774, 669, 551, 717, 763, 810, 651, 782, 658, 618, 657, 668, 777, 852, 783, 591, 622, 737, 674, 528, 652, 692, 785, 607, 745, 636, 824, 694, 786, 738, 820, 633, 594, 706, 704, 795, 617, 768, 722, 788, 714, 694, 730, 789, 788, 728, 683, 761, 674, 817, 800, 577, 851, 778, 602, 723, 663, 850, 555, 648, 619, 737, 573, 714, 684, 665, 858, 474, 738, 860, 842, 848, 641, 805, 563, 575, 603, 651, 827, 661, 737, 823, 739, 783, 696, 691, 581, 718, 630, 782, 628, 867, 879, 705, 779, 709, 779, 770, 772, 827, 807, 699, 660, 657, 703, 856, 735, 825, 654, 623, 819, 838, 743, 872, 815, 755, 784, 828, 805, 833, 679, 609, 577, 622, 873]

Control Count:
 [452, 485, 449, 551, 474, 400, 558, 462, 594, 528, 484, 464, 530, 581, 486, 510, 570, 544, 526, 453, 478, 461, 517, 405, 504, 372, 505, 535, 443, 442, 503, 576, 414, 537, 536, 567, 460, 558, 550, 459, 454, 384, 434, 471, 549, 583, 513, 581, 549, 617, 539, 516, 576, 472, 553, 475, 532, 605, 584, 381, 477, 583, 481, 599, 600, 480, 480, 589, 510, 476, 455, 564, 481, 610, 534, 503, 390, 563, 523, 568, 544, 617, 537, 472, 474, 504, 580, 590, 578, 501, 472, 539, 513, 398, 452, 526, 588, 417, 535, 515, 569, 522, 562, 551, 590, 503, 434, 521, 550, 547, 478, 567, 452, 543, 546, 512, 543, 558, 590, 539, 496, 551, 495, 607, 591, 432, 628, 565, 430, 562, 536, 632, 437, 485, 444, 515, 391, 515, 507, 520, 623, 350, 484, 608, 561, 613, 449, 586, 438, 441, 416, 505, 600, 538, 478, 611, 554, 551, 515, 509, 412, 538, 459, 569, 433, 621, 622, 511, 550, 521, 587, 512, 529, 600, 615, 525, 464, 451, 525, 602, 502, 603, 473, 454, 611, 608, 550, 636, 600, 559, 574, 580, 569, 615, 473, 475, 452, 519, 633]

Cluster Number:
 [1, 2, 3, 4, 5, 6, 7, 8, 9, 10, 11, 12, 13, 14, 15, 16, 17, 18, 19, 20, 21, 22, 23, 24, 25, 26, 27, 28, 29, 30, 31, 32, 33, 34, 35, 36, 37, 38, 39, 40, 41, 42, 43, 44, 45, 46, 47, 48, 49, 50, 51, 52, 53, 54, 55, 56, 57, 58, 59, 60, 61, 62, 63, 64, 65, 66, 67, 68, 69, 70, 71, 72, 73, 74, 75, 76, 77, 78, 79, 80, 81, 82, 83, 84, 85, 86, 87, 88, 89, 90, 91, 92, 93, 94, 95, 96, 97, 98, 99, 100, 101, 102, 103, 104, 105, 106, 107, 108, 109, 110, 111, 112, 113, 114, 115, 116, 117, 118, 119, 120, 121, 122, 123, 124, 125, 126, 127, 128, 129, 130, 131, 132, 133, 134, 135, 136, 137, 138, 139, 140, 141, 142, 143, 144, 145, 146, 147, 148, 149, 150, 151, 152, 153, 154, 155, 156, 157, 158, 159, 160, 161, 162, 163, 164, 165, 166, 167, 168, 169, 170, 171, 172, 173, 174, 175, 176, 177, 178, 179, 180, 181, 182, 183, 184, 185, 186, 187, 188, 189, 190, 191, 192, 193, 194, 195, 196, 197, 198, 199]

Odds Ratio:

0.9734443702343182
1.122018271729109
1.0727591852387202
1.0610079575596818
1.0070723906482275
0.8931540342298289
1.2016502389486259
1.213215902871075
0.8254329004329007
1.0907342657342651
0.8576107686779624
1.0050993571011106
1.0654890257989988
0.8661734135055993
1.0720733909139708
1.042972410203019
0.9359539473684216
1.5903485409912
0.8653009602371593
1.7664759210441718
2.0566564037788484
1.158719613226501
1.0663179593356396
1.111992445703494
1.0196328531412566
1.8769666100735707
1.27847156574954
0.6557529697716614
0.9437675412449513
0.9768971032521769
0.8547684481347214
1.1945291327913283
1.3259200991609459
0.9014084507042249
0.9093616424917662
0.8848898732619659
1.037673765158237
1.020658194851743
0.8681727272727277
0.916091462545558
1.0380794701986755
1.228020543175487
0.9371906468680664
0.8286134247917684
0.980142733434859
1.2515515359426168
0.7144115997756951
1.149343537076287
1.0812558605749019
0.5996521903725344
1.4847336337132258
1.1364284085727314
0.8761393229166667
0.8672608766058515
0.9308635941547335
1.133991398730289
1.1816655402551328
0.7790377346402715
0.8764925027767494
1.0978975566198554
1.1615597484276727
1.189827727645611
0.8848008848008846
0.6731388832767989
0.8683200000000005
0.8241214057507986
0.8402103559870551
1.105602716468591
0.8767223620965895
1.169705882352941
1.0414212454212455
0.7102583586626139
1.7301917301917302
0.9541957474435967
1.3746284885828195
0.9105520721822911
1.0876475376475374
0.7088541841214516
1.388583012739294
1.3541543377914536
0.5897362991959374
0.5518032172350298
0.6510956729679029
0.879898087089215
1.054844564408042
0.8988323298668127
0.8901656079854812
1.7066255778120187
0.9556927525240553
0.6282110335541932
0.8971318942196217
1.0112670068027205
0.8655888086228646
0.936252333989148
1.1925178109325578
0.8604065392822192
0.8622094671201812
1.1934402788328342
1.1049370174725721
0.6996653301964944
1.5446983011130637
0.8995353387136223
1.1638503844909545
0.9116218964091942
1.1603172134971238
0.7567701896727743
1.0091340532361237
0.9722592806176465
0.7452444444444446
1.4533820840950633
0.8398441690805708
0.9590850833086858
1.7671112821170527
1.420320520355786
0.821109123434705
0.9747839095744685
0.9322857380826789
1.2422811059907837
0.8619786031975003
0.9541900885184466
1.0355609100445842
1.068727854118054
0.9931788472964945
0.8892974817604138
0.9443985361822692
0.9448192866161614
0.9207700473624044
1.0578210162339563
1.0746177370030583
0.7431589676260236
0.6742719672315114
0.8342012497997113
0.8285710789412498
0.9319294126279488
1.0658456843940718
1.2372775080906147
1.1937843041466705
1.0704357642808764
0.9581451515517448
0.779902389277389
1.1250423891664596
0.9852056514913655
1.5726926571762363
1.4964721586575132
2.070194849099516
1.161339697500654
1.1500247463499136
1.0524468787845427
0.8534134291488885
0.8839694069718281
1.1782901722510621
0.8161265047368047
1.0945588235294115
0.6555720468290515
1.630175645048814
0.889509928048668
0.8916302489074671
1.2653208363374193
0.9628401183382644
0.9810965643624836
1.090063887958933
0.9044732993886428
1.0190832185717096
1.0471169135492506
1.1949698081069262
1.3510986442262736
1.6675562700964643
1.0470540956108474
1.2369575757575761
0.9897051125458038
0.8316411130039746
1.5984915487421394
1.4128809314534083
1.0945588235294115
0.709876049580168
0.9030559006211178
1.1474490449942314
1.2318214425459764
0.9242983565107459
1.5387976152550862
1.3509364603441902
1.026119402985075
1.0457966557755145
1.0179738562091503
0.8529980657640235
1.1056607865818386
0.9514467253176934
1.082423038728897
0.9651315789473687
0.9469907264614557
1.0079058031959631
1.4275862068965512
1.2778502182663414
0.9311991869918694
1.1943509513742072
0.8253552631578948
0.8304819489139177
0.6324113648773323
1.1821259309410965
