Case Count:
 [0, 0, 0, 0, 0, 0, 26, 109, 0, 17, 423, 497, 0, 384, 0, 473, 337, 0, 2, 0, 98, 133, 410, 294, 24, 344, 393, 380, 335, 119, 273, 342, 144, 445, 84, 459, 336, 0, 199, 33, 130, 457, 15, 281, 63, 474, 85, 171, 355, 172, 302, 493, 245, 9, 497, 265, 567, 88, 39, 505, 400, 442, 166, 486, 350, 422, 330, 327, 22, 100, 183, 121, 35, 133, 59, 462, 46, 410, 377, 249, 82, 260, 83, 523, 76, 539, 103, 231, 17, 164, 427, 331, 385, 316, 44, 340, 79, 40, 423, 51, 486, 516, 436, 303, 341, 497, 92, 510, 521, 535, 50, 301, 37, 46, 495, 511, 446, 422, 246, 111, 566, 163, 477, 33, 166, 152, 85, 330, 179, 239, 168, 158, 441, 334, 530, 58, 80, 505, 523, 343, 351, 510, 503, 357, 381, 267, 284, 316, 438, 339, 356, 499, 226, 45, 469, 137, 451, 578, 78, 568, 503, 276, 474, 471, 204, 464, 33, 498, 414, 358, 223, 711, 417, 454, 353, 795, 449, 209, 353, 361, 417, 511, 357, 336, 551, 204, 424, 103, 440, 437, 276, 443, 358, 96, 463, 26, 199, 494, 399, 97, 672, 415, 451, 237, 488, 311, 158, 248, 328, 422, 465, 469, 443, 423, 558, 423, 301, 559, 242, 357, 369, 544, 230, 622, 321, 416, 587, 478, 325, 372, 402, 472, 365, 387, 67, 282, 361, 434, 466, 411, 496, 445, 538, 331, 278, 541, 467, 243, 503, 505, 489, 299, 140, 320, 625, 131, 284, 369, 594, 438, 481, 512, 276, 664, 346, 350, 452, 401, 205, 781, 448, 400, 504, 437, 511, 272, 516, 884, 362, 634, 484, 902, 912, 878, 545]

Control Count:
 [0, 0, 0, 0, 0, 0, 32, 68, 0, 17, 325, 357, 0, 328, 0, 308, 227, 0, 2, 0, 71, 70, 361, 234, 9, 282, 259, 288, 235, 91, 209, 261, 98, 301, 49, 313, 248, 0, 155, 26, 70, 352, 21, 193, 32, 283, 52, 135, 277, 97, 279, 361, 183, 8, 397, 182, 455, 73, 33, 409, 319, 316, 107, 364, 233, 270, 238, 239, 10, 57, 163, 77, 37, 94, 53, 310, 34, 333, 290, 171, 49, 208, 78, 361, 60, 354, 70, 148, 9, 119, 314, 237, 262, 232, 41, 269, 49, 28, 223, 37, 371, 354, 371, 215, 240, 349, 82, 356, 404, 370, 36, 225, 29, 41, 356, 386, 340, 328, 167, 77, 353, 132, 352, 26, 117, 104, 60, 271, 104, 147, 147, 116, 330, 258, 387, 42, 56, 247, 353, 231, 226, 399, 364, 252, 293, 228, 175, 250, 333, 242, 300, 324, 170, 27, 367, 113, 401, 366, 56, 393, 373, 246, 328, 371, 152, 345, 15, 347, 324, 303, 170, 510, 290, 306, 302, 598, 357, 142, 252, 238, 302, 334, 258, 239, 379, 158, 299, 68, 331, 344, 236, 288, 228, 66, 352, 9, 156, 347, 272, 71, 486, 322, 354, 197, 290, 244, 104, 181, 237, 328, 349, 332, 317, 315, 416, 350, 205, 420, 176, 282, 259, 456, 197, 443, 287, 320, 405, 319, 236, 238, 274, 342, 286, 293, 43, 257, 205, 369, 317, 279, 356, 314, 416, 221, 229, 353, 329, 164, 339, 395, 421, 204, 104, 272, 503, 124, 220, 269, 422, 326, 350, 389, 219, 474, 249, 244, 328, 317, 174, 581, 395, 272, 381, 341, 366, 196, 353, 655, 241, 456, 335, 661, 667, 641, 399]

Cluster Number:
 [7, 8, 10, 11, 12, 14, 16, 17, 19, 21, 22, 23, 24, 25, 26, 27, 28, 29, 30, 31, 32, 33, 34, 35, 36, 37, 39, 40, 41, 42, 43, 44, 45, 46, 47, 48, 49, 50, 51, 52, 53, 54, 55, 56, 57, 58, 59, 60, 61, 62, 63, 64, 65, 66, 67, 68, 69, 70, 71, 72, 73, 74, 75, 76, 77, 78, 79, 80, 81, 82, 83, 84, 85, 86, 87, 88, 89, 90, 91, 92, 93, 94, 95, 96, 97, 98, 99, 100, 101, 102, 103, 104, 105, 106, 107, 108, 109, 110, 111, 112, 113, 114, 115, 116, 117, 118, 119, 120, 121, 122, 123, 124, 125, 126, 127, 128, 129, 130, 131, 132, 133, 134, 135, 136, 137, 138, 139, 140, 141, 142, 143, 144, 145, 146, 147, 148, 149, 150, 151, 152, 153, 154, 155, 156, 157, 158, 159, 160, 161, 162, 163, 164, 165, 166, 167, 168, 169, 170, 171, 172, 173, 174, 175, 176, 177, 178, 179, 180, 181, 182, 183, 184, 185, 186, 187, 188, 189, 190, 191, 192, 193, 194, 195, 196, 197, 198, 199, 200, 201, 202, 203, 204, 205, 206, 207, 208, 209, 210, 211, 212, 213, 214, 215, 216, 217, 218, 219, 220, 221, 222, 223, 224, 225, 226, 227, 228, 229, 230, 231, 232, 233, 234, 235, 236, 237, 238, 239, 240, 241, 242, 243, 244, 245, 246, 247, 248, 249, 250, 251, 252, 253, 254, 255, 256, 257, 258, 259, 260, 261, 262, 263, 264, 265, 266, 267, 268, 269, 270, 271, 272, 273, 274, 275, 276, 277, 278, 279, 280, 281, 282, 283, 284, 285]

Odds Ratio:

nan
nan
nan
nan
nan
nan
0.5839562569213732
1.198296269727403
nan
0.7280701754385965
0.9157069017938584
1.0441176470588236
nan
0.7582904452897741
nan
1.2561873433583963
1.1385135135135136
nan
0.732470334412082
nan
1.013203166048033
1.4584170854271359
0.7002599287997908
0.8844336765596608
1.9801104972375694
0.8320058192398619
1.1946493401717282
0.9445203400121434
1.070348878859517
0.9525166191832857
0.939841288365037
0.9375550725489046
1.0912777849993498
1.1607314461437084
1.2821639898562975
1.1482020256950582
0.989283577218082
nan
0.9250905877154219
0.9278416895604397
1.420168067226891
0.9049559418335901
0.5157861831822445
1.0964626111430948
1.475425808314088
1.465087562614064
1.2182145461173894
0.912401055408971
0.9020239248292432
1.3679608873878168
0.6940028468042049
1.0023126381864849
0.9747387594669736
0.8229619565217393
0.8230012127997015
1.0942258043161655
0.777985550361241
0.871500008144251
0.86046986721144
0.7920837754301795
0.8580689892208045
1.048332596886128
1.1671096630369544
0.955411405750006
1.1622821647505317
1.2670173131711597
1.0254485767595851
1.004559418396141
1.627563395810364
1.3205510761221513
0.7795687429069558
1.1746817538896748
0.6814196747082654
1.0433951673259918
0.803556712209933
1.1839607653519375
0.9913396842315635
0.8255654498429064
0.9208333333333334
1.0921052631578947
1.2486808182541023
0.883781763826607
0.758456082924168
1.1418746503281796
0.9221570926143023
1.2766405910473706
1.0884296091317884
1.191851235189344
1.391812865497076
1.012445762618773
0.9941698175451061
1.03695863849964
1.1318126964526272
0.9976655228666255
0.7760782692572687
0.8841145915514292
1.1987515006002403
1.0493331190744015
1.7169216044240414
1.0110201317490612
0.916685427098988
1.154101859071695
0.7389709299464743
1.0490972583401441
1.0656249999999998
1.094423219781386
0.8029256636652387
1.1111930492612163
0.8755399437002525
1.1413431197695156
1.0191505498672735
0.971380042462845
0.9325807948043916
0.8131922768831311
1.0412351783772589
0.93428489971986
0.9261113140908538
0.8957882330302595
1.1085647153715994
1.06442701552726
1.448801691912689
0.8850284832660812
0.9863548370876908
0.9278416895604397
1.048761635917599
1.0853380853380854
1.042357819905213
0.8334924751584745
1.3241410256410255
1.2582667849748592
0.8019523183780739
0.9981439241468762
0.9611959761549926
0.920343951534102
1.009111927104583
1.0131212071510578
1.0516574120814406
2.0927545642044154
1.1969466501067556
1.1402420105491777
1.2225939308570903
0.8602652215263697
1.0282915441366145
1.0625000000000002
0.9206796043945095
0.8013396406423915
1.2731251384274638
0.8887177814029364
0.9322397754169646
1.0423098473175516
0.789040139616056
1.2786606373815679
0.9663291774746883
1.2330316742081449
0.8723255538443314
0.8694913739161527
0.6588132180010225
1.4172621549670734
1.022956185999664
1.1530312321583382
0.9749902453146042
0.7473947633810183
1.1211605467703025
0.8592968372979908
0.9792740471869328
0.9718186068256193
1.6352678571428574
1.1121645927639632
0.8857605177993528
0.7821608780843056
0.9494500916513915
1.0935509983810037
1.098107489224138
1.1713106295149642
0.7691029709345105
0.8234538012279732
0.848949579831933
1.101829029733959
1.043299437830688
1.1830024263226415
1.022111703228477
1.2700699080308282
1.023276142462189
1.047873729070678
1.1615222459549635
0.9314011348756002
1.0726712805059766
1.1241098134168923
0.9514453938304326
0.8701373132917374
0.7969735510161704
1.2438485939643347
1.2456908470826804
1.0738840990941831
0.928641972298088
2.149870801033592
0.9174130663856691
1.0930868859518368
1.1320130410654825
1.0016589924160346
1.0491425277417497
0.9001679677115304
0.8715516630026238
0.8414365775652121
1.49196966142779
0.9012878667303307
1.1369599920183582
1.0059954081177336
1.0224309694812443
0.8957882330302595
0.9533395909495109
1.0717718700890517
1.0466695226597083
0.9713156408808581
0.9581043956043958
0.7905872388481083
1.1129097405623738
0.9388610038610038
1.0107350800582242
0.8830717155185243
1.0736210700496411
0.6971975393028026
0.8084064980428893
1.08849199638238
0.7247959838620942
0.9148148148148149
1.1696772796188
1.202733041864474
1.0145990010102142
1.2431241796539083
1.1330766354104627
1.0237629083650044
0.8938092049794177
0.9455310252761229
1.153240166190039
0.7190805814324118
1.4757471659223633
0.7413320193807997
1.1557051461119703
1.1432307883920787
1.0457482419492954
1.0746104648102333
0.8765123942553611
1.1521058127392965
0.8428819619128114
1.295581320639
1.0814879143146623
1.1166802958117044
1.1912002991399726
0.8623716264628616
0.6863528395594904
1.109733893557423
0.9844496441454615
0.7901091471071188
0.7275426389034215
0.7373979303096452
0.9226497533474275
1.0092140201805628
1.088250689679564
0.9714117926355379
1.015376275510204
0.9216523953074043
0.8916486605550775
1.0942440888464293
1.0296555002169916
1.08263257736629
1.0198138773840568
0.8720724596118917
0.8250381024957135
0.908266269712053
0.6743756414642492
1.1369954408984764
0.9337656322371468
0.8856066566530768
1.05214134441917
1.0244463082036468
1.1609106311175739
0.7797794741306175
1.1656311517998932
1.0604371097234613
1.1233540164346805
1.0108141424329002
1.1260252226827796
1.0743017956012366
1.003093671679198
