Case Count:
 [659, 748, 699, 627, 757, 690, 787, 675, 737, 733, 712, 722, 753, 804, 702, 753, 652, 696, 742, 671, 800, 726, 732, 622, 657, 796, 632, 748, 806, 696, 675, 767, 717, 609, 769, 748, 683, 651, 569, 537, 776, 744, 717, 742, 782, 822, 792, 814, 729, 720, 740, 772, 796, 751, 800, 797, 692, 699, 747, 820, 711, 563, 735, 806, 679, 629, 649, 668, 746, 831, 784, 723, 725, 735, 701, 677, 750, 786, 771, 795, 776, 747, 672, 785, 746, 714, 803, 803, 660, 834, 738, 748, 667, 820, 601, 710, 820, 704, 697, 737, 781, 722, 737, 743, 718, 682, 785, 854, 674, 747, 822, 717, 825, 596, 601, 664, 778, 602, 735, 767, 664, 664, 652, 818, 698, 680, 617, 793, 712, 573, 797, 780, 784, 829, 770, 837, 844, 789, 841, 721, 749, 654, 678, 853, 661, 736, 780, 830, 773, 798, 837, 692, 685, 852, 782, 593, 704, 825, 675, 856, 866, 879, 751, 658, 723, 669, 798, 819, 779, 777, 627, 747, 874, 698, 753, 770, 872, 795, 754, 582, 688, 793, 853, 773, 815, 741, 677, 816, 844, 820, 747, 675, 815, 681, 814, 816, 667, 650, 863, 603, 646, 743, 853, 834, 830, 844, 854, 868, 709, 882, 626, 838, 820, 743, 637, 835, 793, 818, 850, 879, 879, 874]

Control Count:
 [504, 559, 522, 449, 555, 504, 559, 467, 528, 530, 539, 521, 547, 545, 540, 557, 500, 415, 536, 501, 570, 534, 533, 440, 535, 565, 461, 561, 576, 514, 473, 510, 536, 449, 565, 565, 479, 459, 435, 423, 562, 478, 561, 548, 559, 584, 617, 556, 519, 535, 544, 564, 567, 532, 605, 597, 519, 488, 569, 607, 515, 434, 531, 602, 476, 455, 520, 468, 542, 614, 552, 543, 567, 575, 528, 560, 534, 579, 570, 546, 569, 485, 512, 561, 558, 523, 605, 591, 459, 578, 551, 562, 464, 590, 474, 523, 607, 550, 504, 563, 576, 452, 469, 547, 534, 535, 584, 619, 497, 542, 596, 540, 605, 461, 448, 456, 565, 430, 517, 565, 487, 536, 477, 601, 540, 516, 440, 570, 529, 391, 584, 584, 585, 616, 526, 613, 607, 533, 561, 530, 527, 485, 478, 628, 538, 547, 563, 615, 581, 586, 612, 495, 490, 635, 562, 450, 503, 599, 467, 621, 623, 622, 544, 503, 563, 509, 589, 609, 551, 569, 481, 548, 637, 456, 573, 512, 631, 568, 544, 434, 520, 625, 596, 586, 619, 542, 496, 597, 625, 630, 539, 479, 591, 479, 600, 622, 479, 499, 619, 440, 489, 591, 614, 613, 605, 611, 626, 636, 489, 640, 453, 608, 577, 550, 511, 621, 586, 609, 602, 640, 633, 633]

Cluster Number:
 [1, 2, 3, 4, 5, 6, 7, 8, 9, 10, 11, 12, 13, 14, 15, 16, 17, 18, 19, 20, 21, 22, 23, 24, 25, 26, 27, 28, 29, 30, 31, 32, 33, 34, 35, 36, 37, 38, 39, 40, 41, 42, 43, 44, 45, 46, 47, 48, 49, 50, 51, 52, 53, 54, 55, 56, 57, 58, 59, 60, 61, 62, 63, 64, 65, 66, 67, 68, 69, 70, 71, 72, 73, 74, 75, 76, 77, 78, 79, 80, 81, 82, 83, 84, 85, 86, 87, 88, 89, 90, 91, 92, 93, 94, 95, 96, 97, 98, 99, 100, 101, 102, 103, 104, 105, 106, 107, 108, 109, 110, 111, 112, 113, 114, 115, 116, 117, 118, 119, 120, 121, 122, 123, 124, 125, 126, 127, 128, 129, 130, 131, 132, 133, 134, 135, 136, 137, 138, 139, 140, 141, 142, 143, 144, 145, 146, 147, 148, 149, 150, 151, 152, 153, 154, 155, 156, 157, 158, 159, 160, 161, 162, 163, 164, 165, 166, 167, 168, 169, 170, 171, 172, 173, 174, 175, 176, 177, 178, 179, 180, 181, 182, 183, 184, 185, 186, 187, 188, 189, 190, 191, 192, 193, 194, 195, 196, 197, 198, 199, 200, 201, 202, 203, 204, 205, 206, 207, 208, 209, 210, 211, 212, 213, 214, 215, 216, 217, 218, 219, 220, 221, 222]

Odds Ratio:

0.8571649029982367
0.9019262890520758
0.925712143928036
1.0727591852387202
0.9991829038340664
1.0138971906754335
1.209579480460581
1.2177747053566914
1.1123046874999996
1.0654890257989988
0.864410112599711
1.0711470880043026
1.0480929034402522
1.6050495412844041
0.8074889867841412
0.9524645013873017
0.8520722021660648
1.9146388127617775
1.0734096895203127
0.9344102492689038
1.2076703386372913
0.9845021309569936
1.031761602270455
1.10972756884809
0.6591671247938429
1.2287710426508747
1.0155057443560696
0.8839779005524866
1.1945291327913283
0.9705248743340963
1.1686171363886073
1.5874727668845314
0.9149271332019147
0.9833518930957682
0.9867699115044251
0.8484623282648024
1.1708505185260618
1.1325998025109323
0.893831417624521
0.8355405992184105
1.073942269671807
1.7079271740359607
0.7234386035717889
0.96301573051251
1.1610139583561507
1.2759889898860584
0.5996521903725344
1.5913356271504528
1.1377456647398843
0.9401243124804363
0.9860333022097727
1.0200569182816097
1.2033257747543458
1.1816655402551328
0.7790377346402715
0.8495507842241506
0.9113924050632911
1.2019511760513182
0.8078950926051099
0.9171289089067906
1.0512692616014967
0.875456422653673
1.0702428796085968
0.8599249115414747
1.169705882352941
1.0414212454212455
0.7176442307692306
1.1648491993319579
1.0454499626963485
0.9252974805557398
1.2635682158920545
0.8919701764737435
0.7145450772901752
0.6984311967727473
0.8909240430622006
0.5804776077097509
1.153411587470969
0.9682959527519119
0.9502664890073291
1.4669099557159255
0.998334424572406
1.6586835844567807
0.8630836575875489
1.166072489601902
0.8985839356013865
1.003263817866513
0.8005772005772006
0.9705100314237375
1.1866754136598874
1.5644144964487334
0.9116218964091942
0.8750516112542029
1.1906011450381682
1.1603172134971238
0.8001891015745604
0.9794214969835078
0.9171289089067906
0.7452444444444446
1.0550851806239736
0.8045256068679691
0.9619580518018016
1.7671112821170527
1.735119047619047
0.9785732539167697
0.9367378454656796
0.7535056188278026
0.9054532914764081
1.1405061927840607
0.9785457845109876
1.0526033007582827
1.0956219030295427
0.8830974842767296
0.9965034965034968
0.8541296176871013
0.9529684777874566
1.2363455809334656
1.0578210162339563
1.0746177370030583
1.201818580629723
0.9720528788375398
0.998148076401534
0.6778372289495915
1.0066525895147924
0.9809476697995836
0.788985088985089
0.8732604837956475
1.0831657925407925
1.1354876160990712
0.9427752563309609
1.1937843041466705
1.0028668534661684
0.8694952652385767
0.887285587975243
0.8747564935064928
1.4270511992730233
1.0092205120930562
1.2105048938850664
1.5648887697668195
2.0442391832766176
0.9875816400580547
1.2159603626396798
0.961079662605436
1.1471603127239995
0.9472217566208521
0.6555720468290515
0.9341959439618831
1.097190267860336
0.8997289972899724
0.8528619974403107
0.987546570096136
1.0257352941176472
1.0971487022119937
1.094304115088658
0.8015543511606499
1.1264192509744113
0.9059722222222221
1.1072409984537221
1.085944522922821
1.2177747053566914
1.1329495069816693
1.2797268720222161
1.6675562700964643
1.0625309814937214
0.859228393476778
0.7356050285398955
0.8694876832401389
0.9514897808421575
0.8802507836990601
1.2252873563218394
1.0061973915456475
0.8632677506849689
0.9961398090960134
1.0976452119309252
1.4909432672590566
0.8064017134697761
1.5984915487421394
1.2122223148997693
1.1803000840866087
1.0850630252100837
0.9545545093560343
0.8838812639642513
0.522447058823529
1.6006932179441886
0.8033057670429681
0.7160672278434376
1.0108247625029443
1.002024129544291
1.0160537199270685
0.8896752941176472
0.6089995631280039
1.0813064486533872
1.1206910722798482
1.088698904621961
1.1580072732170512
0.9555652173913045
0.6849728253137183
1.073594798323479
0.8497281300953159
1.3096881578303243
1.013127440044618
0.8962691582301804
0.6083183232356314
1.2247342705297442
0.9738473426633466
1.0531763920193666
1.1375758159237517
1.0004259850905213
1.0068048252397142
1.2653653095370887
1.202194148936172
1.0398443817891723
1.1056607865818386
1.3559537627398914
0.9514467253176934
0.7257459185588294
0.8582588138554837
0.9452795623368797
0.8712554919451475
1.411960132890365
1.1262187500000012
1.3330805687203797
1.2049978457561394
