Case Count:
 [183, 530, 729, 726, 81, 251, 232, 306, 219, 635, 642, 643, 677, 681, 417, 359, 613, 549, 626, 621, 8, 552, 786, 560, 190, 745, 409, 743, 220, 350, 128, 687, 589, 643, 763, 596, 617, 313, 344, 622, 638, 246, 515, 115, 529, 599, 608, 377, 542, 309, 519, 393, 626, 595, 756, 657, 474, 778, 270, 502, 744, 659, 795, 553, 552, 713, 353, 365, 733, 643, 655, 804, 602, 734, 551, 661, 446, 487, 498, 533, 537, 540, 658, 656, 214, 314, 684, 609, 55, 776, 467, 539, 309, 808, 793, 776, 609, 822, 751, 717, 682, 681, 586, 759, 544, 545, 694, 596, 717, 596, 606, 719, 670, 527, 683, 841, 839, 636, 706, 679, 625, 847, 592, 422, 836, 774, 730, 756, 759, 855, 678, 609, 800, 793, 865, 861, 606, 857, 839, 727, 569, 803, 568, 823, 633, 738, 828, 794, 841, 830, 837, 610, 757, 885, 846, 877, 890]

Control Count:
 [102, 383, 514, 528, 71, 209, 134, 220, 137, 499, 486, 480, 488, 517, 317, 347, 459, 385, 455, 460, 8, 345, 523, 301, 138, 491, 224, 524, 168, 185, 165, 499, 491, 508, 578, 484, 456, 214, 238, 467, 478, 191, 352, 67, 375, 432, 488, 257, 421, 185, 375, 313, 516, 361, 508, 387, 380, 516, 202, 376, 520, 495, 551, 333, 481, 517, 246, 251, 495, 430, 490, 612, 441, 527, 381, 434, 374, 321, 344, 354, 285, 435, 422, 490, 155, 288, 525, 470, 48, 529, 356, 418, 245, 603, 584, 536, 454, 615, 547, 527, 545, 507, 417, 535, 395, 338, 486, 404, 518, 417, 426, 455, 487, 339, 525, 623, 616, 439, 458, 519, 522, 625, 449, 296, 644, 555, 551, 510, 560, 608, 452, 416, 590, 598, 612, 609, 451, 623, 622, 500, 409, 583, 421, 561, 464, 557, 617, 581, 612, 558, 604, 389, 523, 641, 586, 632, 654]

Cluster Number:
 [1, 2, 3, 4, 5, 6, 7, 8, 9, 10, 11, 12, 13, 14, 15, 16, 17, 18, 19, 20, 21, 22, 23, 24, 25, 26, 27, 28, 29, 30, 31, 32, 33, 34, 35, 36, 37, 38, 39, 40, 41, 42, 43, 44, 45, 46, 47, 48, 49, 50, 51, 52, 53, 54, 55, 56, 57, 58, 59, 60, 61, 62, 63, 64, 65, 66, 67, 68, 69, 70, 71, 72, 73, 74, 75, 76, 77, 78, 79, 80, 81, 82, 83, 84, 85, 86, 87, 88, 89, 90, 91, 92, 93, 94, 95, 96, 97, 98, 99, 100, 101, 102, 103, 104, 105, 106, 107, 108, 109, 110, 111, 112, 113, 114, 115, 116, 117, 118, 119, 120, 121, 122, 123, 124, 125, 126, 127, 128, 129, 130, 131, 132, 133, 134, 135, 136, 137, 138, 139, 140, 141, 142, 143, 144, 145, 146, 147, 148, 149, 150, 151, 152, 153, 154, 155, 156, 157]

Odds Ratio:

1.3924854123955213
1.0335237571736124
1.1842704280155645
1.0363300492610836
0.8206550624501726
0.83606441687485
1.3587442985931175
1.029228075295491
1.2247969569240258
0.7877660082068899
0.8975351658278485
0.9414554195804192
1.0624918683320324
0.8710613339988766
0.935208004731861
0.6062288285555386
0.9382394307934143
1.1107587149692415
1.0261922895586262
0.9686688311688312
0.7307274701411509
1.4259946949602118
1.6605115725574622
1.9159261360055464
1.0116491145496265
1.5667891614274325
1.6046789148351648
1.1968624312566691
0.9475115857344347
1.6206880455585118
0.49973896266031087
1.0354096622998061
0.6703606086018926
0.7656447882825833
0.8190790845041063
0.7284888193979103
0.9757717611336034
1.1088345066148804
1.0945342239459888
0.928429437326061
0.9310989374397908
0.924010946471143
1.1626797870004388
1.294693608126444
1.0791600000000003
1.0462331649831649
0.7490935090138398
1.1267693001748151
0.8649272373516973
1.3362162162162163
1.0329365853658539
0.8620475895283964
0.6606416455599047
1.5791132416607228
1.4881889763779523
1.8349863201094396
0.8251821862348176
1.6475435083936547
0.9715440436304634
0.953647416413374
1.2451559251559248
0.9171268237934908
1.3997616274345155
1.53699444124976
0.6088112188907944
1.047102227953292
1.0836932588075883
1.1086858240795685
1.4052566481137916
1.3123516018864854
0.9318114106956651
0.7251764705882355
1.001893111984855
1.0999464798326273
1.1477731950172891
1.4036986725359375
0.757974335979451
1.2356747156087455
1.1319403226676734
1.2433016606745417
1.9034371643394201
0.7850367875188371
1.4901977929731904
0.9366524631830754
1.0156914053688246
0.6967140921409214
0.8295743440233235
0.85438164893617
0.8298770022883296
1.4573310105390607
0.922801449486843
0.8695681511470985
0.8869256089532587
0.8637802721927557
0.9684855962933114
1.3720612623158712
0.9515625000000001
0.8244358331433782
1.0335640778095023
0.9883104793956532
0.6890168257623592
0.9424031303683906
1.0816116785871592
1.2184057174271576
1.0230741410488249
1.4402659640039448
1.184922511163646
1.2271578509202277
1.0642438260362785
1.1331043273489319
1.1230541141586359
1.7006174777603345
1.030499552060127
1.3225465592392023
0.8249941927990707
0.889719830731067
0.983676046176046
1.196576146532221
1.5414847161572052
0.8477687861271672
0.6262288263762856
0.9255024390243893
0.9076814285619873
1.0826136787675251
0.5164629666733451
1.1336704446381862
0.8654889693476461
1.4652159129547766
0.9646953781512607
1.3872466216216208
1.3685258964143427
1.2123272235576925
0.9565103140191832
0.8093030690537079
1.5238204656862737
1.4969574036511173
0.9568005052411905
1.108123773854111
0.8842622365130406
1.3028415841584156
1.0511274110296114
1.0712788259958075
0.9717004099196607
1.6607809504590867
1.0001237767940356
0.8601802851852197
0.8503618595246875
1.0123031809778797
1.0774844028520505
1.8480503964374921
1.1598221998272387
1.435398215825483
1.3296055849526436
1.2551411147354976
1.652411694559808
1.3076010223953267
0.9421312632321798
