Case Count:
 [727, 682, 566, 728, 695, 387, 706, 633, 715, 405, 650, 614, 571, 645, 722, 567, 781, 625, 586, 573, 658, 685, 545, 653, 618, 599, 662, 607, 784, 611, 625, 731, 615, 419, 704, 742, 491, 471, 569, 609, 553, 555, 578, 616, 795, 620, 628, 605, 826, 520, 671, 691, 538, 770, 625, 761, 619, 578, 590, 753, 478, 552, 565, 589, 621, 506, 716, 739, 678, 482, 626, 639, 585, 538, 814, 520, 604, 719, 494, 782, 324, 636, 468, 652, 701, 487, 510, 559, 711, 851, 749, 470, 763, 516, 652, 805, 667, 597, 597, 482, 700, 634, 844, 619, 648, 735, 543, 766, 619, 715, 757, 645, 581, 581, 719, 591, 550, 738, 718, 669, 670, 544, 715, 663, 699, 596, 437, 646, 735, 560, 508, 594, 744, 601, 564, 721, 647, 720, 770, 615, 739, 581, 679, 551, 781, 822, 858, 603, 598, 673, 616, 661, 557, 599, 616, 631, 700, 865, 670, 615, 642, 634, 711, 727, 742, 778, 562, 530, 597, 821, 619, 746, 706, 485, 820, 534, 817, 661, 802, 552, 821, 606, 653, 707, 623, 844, 685, 621, 708, 866, 812, 785, 819, 674, 622, 648, 581, 616, 734, 576, 464, 544, 793, 545, 508, 680, 706, 685, 695, 736, 664, 871, 555, 648, 536, 564, 820, 432, 717, 697, 637, 718, 802, 615, 662, 417, 550, 568, 710, 425, 633, 488, 572, 668, 604, 807, 583, 551, 833, 870, 798, 634, 729, 631, 584, 580, 500, 585, 710, 588, 668, 625, 531, 623, 674, 519, 866, 823, 812, 671, 851, 853, 703, 613, 827, 726, 607, 857, 847, 516, 687, 858, 875, 623, 888, 817, 674, 633, 881, 574, 863, 594, 878, 631, 729, 801, 486, 873, 643, 589, 600, 787, 847, 854, 832, 689, 638, 572, 612, 765, 846, 610, 867, 794, 616, 877, 899, 868, 580, 869, 869, 859, 558, 906, 908, 858, 898, 893, 758, 894]

Control Count:
 [530, 482, 400, 527, 503, 276, 500, 467, 505, 321, 487, 458, 416, 527, 521, 426, 575, 421, 439, 410, 461, 504, 387, 460, 452, 431, 491, 420, 540, 443, 472, 536, 463, 318, 522, 564, 374, 342, 440, 441, 401, 420, 475, 465, 564, 399, 482, 453, 605, 390, 501, 474, 407, 532, 449, 562, 460, 411, 430, 592, 366, 434, 422, 442, 502, 368, 526, 541, 507, 364, 479, 477, 454, 380, 592, 455, 448, 504, 413, 557, 243, 490, 346, 452, 538, 337, 349, 378, 524, 614, 560, 389, 576, 402, 500, 582, 495, 466, 433, 371, 522, 467, 626, 448, 452, 489, 428, 526, 448, 537, 523, 459, 471, 438, 519, 437, 384, 549, 546, 492, 462, 361, 523, 482, 513, 443, 314, 457, 518, 389, 385, 425, 529, 413, 435, 492, 450, 539, 565, 468, 551, 451, 417, 417, 560, 616, 608, 433, 409, 489, 461, 530, 399, 453, 436, 467, 518, 629, 490, 450, 440, 446, 497, 520, 524, 537, 415, 408, 435, 602, 422, 538, 458, 329, 610, 412, 594, 538, 605, 412, 604, 436, 466, 518, 422, 604, 490, 458, 520, 632, 606, 563, 590, 489, 435, 491, 470, 467, 542, 441, 351, 408, 558, 387, 399, 519, 528, 512, 454, 545, 490, 634, 389, 473, 399, 415, 592, 341, 540, 503, 455, 542, 602, 448, 480, 294, 414, 428, 485, 301, 445, 331, 426, 476, 476, 602, 432, 390, 609, 641, 617, 449, 555, 461, 414, 403, 304, 426, 509, 423, 482, 438, 425, 465, 390, 396, 606, 594, 600, 463, 639, 623, 530, 460, 607, 554, 438, 617, 627, 375, 509, 634, 625, 458, 646, 601, 462, 477, 633, 437, 621, 400, 642, 526, 531, 599, 369, 635, 481, 419, 425, 595, 641, 592, 593, 525, 455, 421, 466, 531, 625, 437, 598, 560, 413, 632, 645, 646, 494, 624, 645, 621, 454, 663, 665, 646, 661, 658, 555, 646]

Cluster Number:
 [1, 2, 3, 4, 5, 6, 7, 8, 9, 10, 11, 12, 13, 14, 15, 16, 17, 18, 19, 20, 21, 22, 23, 24, 25, 26, 27, 28, 29, 30, 31, 32, 33, 34, 35, 36, 37, 38, 39, 40, 41, 42, 43, 44, 45, 46, 47, 48, 49, 50, 51, 52, 53, 54, 55, 56, 57, 58, 59, 60, 61, 62, 63, 64, 65, 66, 67, 68, 69, 70, 71, 72, 73, 74, 75, 76, 77, 78, 79, 80, 81, 82, 83, 84, 85, 86, 87, 88, 89, 90, 91, 92, 93, 94, 95, 96, 97, 98, 99, 100, 101, 102, 103, 104, 105, 106, 107, 108, 109, 110, 111, 112, 113, 114, 115, 116, 117, 118, 119, 120, 121, 122, 123, 124, 125, 126, 127, 128, 129, 130, 131, 132, 133, 134, 135, 136, 137, 138, 139, 140, 141, 142, 143, 144, 145, 146, 147, 148, 149, 150, 151, 152, 153, 154, 155, 156, 157, 158, 159, 160, 161, 162, 163, 164, 165, 166, 167, 168, 169, 170, 171, 172, 173, 174, 175, 176, 177, 178, 179, 180, 181, 182, 183, 184, 185, 186, 187, 188, 189, 190, 191, 192, 193, 194, 195, 196, 197, 198, 199, 200, 201, 202, 203, 204, 205, 206, 207, 208, 209, 210, 211, 212, 213, 214, 215, 216, 217, 218, 219, 220, 221, 222, 223, 224, 225, 226, 227, 228, 229, 230, 231, 232, 233, 234, 235, 236, 237, 238, 239, 240, 241, 242, 243, 244, 245, 246, 247, 248, 249, 250, 251, 252, 253, 254, 255, 256, 257, 258, 259, 260, 261, 262, 263, 264, 265, 266, 267, 268, 269, 270, 271, 272, 273, 274, 275, 276, 277, 278, 279, 280, 281, 282, 283, 284, 285, 286, 287, 288, 289, 290, 291, 292, 293, 294, 295, 296, 297, 298, 299, 300, 301, 302, 303, 304, 305, 306, 307, 308, 309, 310, 311, 312, 313, 314, 315, 316, 317, 318, 319, 320]

Odds Ratio:

1.0253782925462356
1.1399700976027687
1.0953581267217634
1.0583892680808482
1.0510441623761708
1.0477498796727098
1.146062780269058
0.9799612246079056
1.164430461737763
0.8668045944210601
0.928072538326231
0.9490677202467596
1.0160278792436614
0.6636689205441375
1.0711470880043026
0.9375729515212823
0.9728084606345475
1.2696899612451553
0.9417905789064729
1.0638736640175388
1.158719613226501
0.9859240827478533
1.0782057493540056
1.1366808443604284
1.0067581026093388
1.0528721085565633
0.9594422450551877
1.171450754214729
1.4118007662835257
1.0322557746638843
0.910354872881356
0.9987467963214234
0.9221911928574379
0.9378283388827228
0.9530523627075352
0.823131186710661
0.9201828925841818
1.0193633647437372
0.8657133838383835
1.0357142857142854
1.0269538918660792
0.9221734148204735
0.7141580446843605
0.914191487168917
1.2307478564623688
1.418108377740468
0.8613887318895522
0.939825034747772
1.0073978977774214
0.9486552567237162
0.9344102492689038
1.2679236251462613
0.926321345758686
1.3563389606090706
1.0623021920056264
0.9591488730723607
0.959319775596073
1.0817892569717387
1.0159154832956026
0.643206772113022
0.9121805823125295
0.8333068488797077
0.952652205614291
0.9367247804099011
0.7189359445335544
1.0174349881796692
0.9905567753797815
1.0065181437883064
0.9270374124802567
0.939068761216412
0.8712595685455808
0.942355237475602
0.850290697674419
1.0899044285906583
1.0641304347826086
0.6315054139015019
0.9665659340659338
1.202409297052154
0.7369235479112741
1.184284126577022
0.965289256198347
0.8461099115414084
0.9829097338031173
1.1925178109325578
0.8172161351333722
1.1246962149388402
1.1578940170004994
1.211046761046761
0.9771955318999932
1.1905328656142984
0.8990972222222228
0.7686319314929628
0.8378827811244979
0.8671171985110763
0.8520722021660648
1.1042983039574332
0.9566042100393245
0.8296382956719583
1.0299117949859486
0.9010052039050392
0.93108467600261
0.9848364969331834
0.8723924074422101
1.0385008640552997
1.1683305514439577
1.4875719435835804
0.831551740835795
1.3848002052765405
1.0385008640552997
0.895943194277659
1.3296055849526436
1.0984534658933993
0.7443809942162677
0.9262517713745868
1.068703550784475
0.9762907397126724
1.1224027044854876
0.9290189683288983
0.8413624290401539
0.9884380863039403
1.2262447976733688
1.252509263589596
1.0093636639802723
1.0290534427354694
0.9952707856598016
0.9615574942888715
1.0381324115788928
1.1188655465433655
1.1921844524937304
1.1391867132038929
0.9277107690409357
1.068052677787533
1.1555510141521481
1.1890096261737433
0.8738403401039208
1.3315841932457788
1.177754137115839
0.9075818235080022
0.9942672677686873
0.8914135227829495
0.9176616677810681
0.8514284986110049
1.7194820143884888
0.9228426782383616
1.1402147683397688
0.8106262895982521
1.4509358784284652
1.0594086059592802
1.2014861980070766
1.0322085889570551
0.9392000997969409
0.7026964235426636
1.0582504648718571
0.913586193056392
1.1059002843157373
0.9703088398028253
0.9618789094771624
1.1173489666136722
1.0083523756993142
1.0054140127388533
1.2252296484003797
1.1324010032682224
1.207464973326196
1.1143088347296266
1.1888598603910683
1.3816271412186907
0.9815304815994225
0.8888028895768834
1.0169090153718323
0.9975852097945125
1.225508332059318
1.0835313953724581
1.5414847161572052
1.1687067006215943
0.8756203940442177
0.8826717463438611
1.0684072871572872
0.6555720468290515
0.7932843105355631
0.9559887718575362
0.9691102526367428
1.054264776890959
1.0915826957765753
1.0021305088872656
1.2495508471951176
1.2658356057654856
1.094304115088658
0.9817033403277946
0.9918900104420464
1.065752461322081
0.8589320470508583
1.1425646339056645
1.1483667180277355
1.037796222783592
1.14577108839717
0.89236143827326
0.7495169968207385
0.9018478357540142
0.965332576402687
0.8880152627623286
0.9381490671813251
0.9454545454545455
1.2853020240354198
1.0782057493540056
0.8528208883253265
0.8524270492374117
0.9173970648185893
0.9266537525614755
1.4850427350427355
0.9516185767932688
0.9766961879091256
1.1132655281192205
1.113921614450875
1.0140768773558646
0.9639365589546385
0.9904208615283053
1.1309818993305234
0.8666662732996215
0.8830974842767296
1.0631555494618494
1.0835616438356168
0.8726849827739983
0.8287074580793682
1.0186462124658782
1.0382490636704116
1.072086256377551
0.9359106726320218
0.9300748181323942
1.3101727627924495
1.0645731160681329
1.1341330094139084
1.170095429914161
0.9590878604963112
1.1022569947519238
0.8003878474466708
0.8680491258646048
0.9711986191393706
1.0876475376475374
1.0258620689655176
0.9201724001163435
0.6318680638895415
1.1104752557472348
0.8275135135135137
1.0104965860618147
1.091703423650494
1.1464162051092452
1.4453748006379583
1.017953652145431
1.095531573234294
1.0517252137018778
1.0566763644457164
1.1406137346791634
0.803641738102276
0.9457305502846298
1.972187028657617
0.9110310421286031
1.7012415527266997
1.1371736230226799
0.936923076923077
1.2245550588511063
0.7171060551342244
1.0449015797921768
0.8862330940056767
0.9319826637314252
0.9884355719223429
0.8198502605324466
1.0458393601633624
1.2346479380515032
0.8896020539152749
1.0195060532687652
0.9592946792446702
0.8958546230061758
1.4518518518518515
0.9913020521163339
1.1734501245941236
0.9710007130972191
1.252915711739241
0.9145843957164712
1.39178515007899
0.9028007864118348
1.2633582198799602
1.2456268656716416
1.0458127176104093
0.6239633041569909
1.029661016949153
0.8566621452420706
0.9276000660683807
1.1293025871766023
0.9348240117470883
1.0832373999719218
1.0985160021455393
0.8010652148183219
0.6445721243483884
1.711846846846847
1.2728568696649916
0.853047619047619
1.088992107548809
0.9895074419316418
0.8907271767238462
1.31769326167838
0.9132722891566256
1.0676958171631887
1.9409051677635107
1.2708201058201058
1.2770888612118914
1.3076010223953267
1.6725581395348847
0.7709485865096675
0.6290964351588694
1.322996794871794
0.808372093023255
1.185645272601795
0.7520215633423183
1.0694471768640548
1.0403150733977777
0.654733353682466
0.876482358108439
0.8670634920634933
1.0063537221431957
1.3839009287925688
