Case Count:
 [0, 0, 0, 0, 0, 0, 0, 0, 0, 125, 140, 30, 0, 290, 63, 22, 0, 109, 277, 0, 265, 67, 167, 89, 446, 33, 0, 471, 454, 23, 459, 344, 376, 240, 105, 11, 377, 0, 18, 99, 34, 262, 23, 89, 55, 455, 442, 213, 367, 87, 280, 306, 261, 203, 388, 461, 447, 483, 463, 496, 430, 26, 180, 249, 400, 327, 270, 521, 72, 282, 356, 13, 39, 67, 336, 313, 7, 174, 81, 417, 150, 746, 480, 162, 79, 344, 358, 60, 317, 165, 526, 539, 177, 217, 119, 20, 72, 249, 457, 142, 165, 104, 141, 109, 462, 442, 486, 640, 259, 510, 230, 42, 373, 534, 313, 479, 13, 183, 495, 212, 513, 410, 484, 421, 173, 63, 393, 332, 504, 141, 141, 46, 318, 84, 454, 534, 179, 48, 460, 63, 592, 521, 721, 462, 501, 436, 364, 222, 308, 473, 734, 624, 144, 314, 398, 97, 96, 112, 688, 523, 443, 308, 446, 431, 119, 463, 207, 387, 114, 481, 360, 256, 438, 330, 502, 323, 540, 202, 118, 431, 642, 145, 410, 402, 425, 502, 322, 486, 342, 108, 140, 470, 328, 430, 308, 711, 528, 253, 412, 380, 457, 318, 426, 488, 323, 514, 494, 479, 291, 559, 338, 299, 405, 485, 133, 428, 447, 533, 387, 348, 519, 482, 427, 496, 492, 381, 385, 521, 168, 192, 352, 300, 494, 498, 595, 492, 436, 496, 472, 512, 395, 491, 606, 437, 447, 77, 438, 581, 483, 842, 454, 525, 578, 439, 433, 363, 463, 514, 538, 502, 473, 436, 364, 884, 464, 905, 545, 918]

Control Count:
 [1, 0, 0, 0, 0, 0, 0, 0, 0, 83, 90, 25, 0, 219, 38, 20, 0, 59, 171, 0, 203, 68, 135, 49, 298, 29, 0, 340, 346, 26, 327, 227, 291, 178, 74, 20, 247, 0, 22, 82, 11, 193, 21, 60, 34, 246, 369, 146, 276, 59, 200, 227, 190, 182, 298, 294, 308, 290, 242, 402, 328, 23, 130, 175, 319, 252, 164, 395, 50, 260, 272, 12, 53, 40, 206, 245, 6, 88, 59, 354, 135, 546, 360, 95, 60, 244, 279, 47, 264, 132, 364, 354, 121, 149, 86, 16, 53, 149, 368, 116, 110, 70, 124, 88, 351, 322, 352, 429, 191, 356, 159, 32, 257, 403, 188, 329, 5, 169, 356, 127, 437, 288, 331, 315, 148, 50, 319, 215, 339, 94, 116, 40, 251, 59, 316, 347, 120, 20, 337, 50, 397, 350, 512, 290, 363, 300, 270, 181, 218, 367, 558, 471, 91, 211, 262, 46, 65, 83, 515, 393, 342, 177, 318, 324, 117, 365, 160, 310, 69, 373, 237, 193, 307, 245, 343, 271, 395, 170, 84, 317, 463, 106, 342, 320, 300, 291, 248, 327, 265, 77, 91, 342, 238, 402, 233, 424, 384, 182, 325, 254, 322, 235, 222, 367, 208, 365, 347, 319, 200, 420, 271, 216, 319, 320, 92, 348, 353, 356, 299, 284, 389, 337, 332, 395, 339, 261, 262, 359, 199, 112, 259, 213, 326, 313, 410, 410, 363, 351, 358, 389, 372, 372, 410, 309, 309, 30, 319, 445, 398, 613, 351, 389, 284, 317, 344, 229, 381, 388, 370, 353, 337, 292, 244, 625, 357, 656, 399, 669]

Cluster Number:
 [10, 11, 12, 14, 15, 16, 18, 19, 21, 22, 23, 24, 25, 26, 28, 29, 30, 31, 32, 33, 34, 35, 36, 37, 39, 40, 41, 42, 43, 44, 45, 46, 47, 48, 49, 50, 51, 52, 53, 54, 55, 56, 57, 58, 59, 60, 61, 62, 63, 64, 65, 66, 67, 68, 69, 70, 71, 72, 73, 74, 75, 76, 77, 78, 79, 80, 81, 82, 83, 84, 85, 86, 87, 88, 89, 90, 91, 92, 93, 94, 95, 96, 97, 98, 99, 100, 101, 102, 103, 104, 105, 106, 107, 108, 109, 110, 111, 112, 113, 114, 115, 116, 117, 118, 119, 120, 121, 122, 123, 124, 125, 126, 127, 128, 129, 130, 131, 132, 133, 134, 135, 136, 137, 138, 139, 140, 141, 142, 143, 144, 145, 146, 147, 148, 149, 150, 151, 152, 153, 154, 155, 156, 157, 158, 159, 160, 161, 162, 163, 164, 165, 166, 167, 168, 169, 170, 171, 172, 173, 174, 175, 176, 177, 178, 179, 180, 181, 182, 183, 184, 185, 186, 187, 188, 189, 190, 191, 192, 193, 194, 195, 196, 197, 198, 199, 200, 201, 202, 203, 204, 205, 206, 207, 208, 209, 210, 211, 212, 213, 214, 215, 216, 217, 218, 219, 220, 221, 222, 223, 224, 225, 226, 227, 228, 229, 230, 231, 232, 233, 234, 235, 236, 237, 238, 239, 240, 241, 242, 243, 244, 245, 246, 247, 248, 249, 250, 251, 252, 253, 254, 255, 256, 257, 258, 259, 260, 261, 262, 263, 264, 265, 266, 267, 268]

Odds Ratio:

0.0
nan
nan
nan
nan
nan
nan
nan
nan
1.1201522507942214
1.1651880016899028
0.8756395995550612
nan
0.9574034771796683
1.23097726996475
0.8016538037486218
nan
1.401364200082679
1.267086427725756
nan
0.9397441984687518
0.7006789954961102
0.8863808690580345
1.3665694849368315
1.1867800519682632
0.8280480295566504
nan
1.0314089391215002
0.9254031031335567
0.6395398200033963
1.0572320905719308
1.1760683760683763
0.9112432654126509
0.9843283703788261
1.0452473104172135
0.39602396514161214
1.2000381388253245
nan
0.5918571000898114
0.8713047311196003
2.313864906043677
0.9932028804250725
0.7978555660674865
1.0966071428571427
1.1975030286714228
1.697411752598539
0.767399542578588
1.090102931047677
0.9582430759709113
1.0892950601876084
1.0375963020030816
0.982343499197432
1.0096990230066183
0.7666348802712438
0.9217581163393663
1.2966378859235999
1.1231004472705717
1.460128343899799
1.8023711559606994
0.7950087897693976
0.9274035876631311
0.8237276710481969
1.018588887747766
1.0587731092436974
0.8580689892208045
0.9247152349311818
1.2915911025574598
0.9245842640853813
1.0602567094515751
0.7057543692783259
0.9342213325120625
0.7912117903930129
0.5192283230867076
1.2455626450116009
1.3065046906465396
0.9042406573018816
0.85412147505423
1.5530102347983143
1.0069955228653662
0.7523338188559321
0.7787762088147199
1.0079264997297785
0.9532293986636972
1.3028477321073217
0.9619411764705882
1.0531595908645088
0.903376457073988
0.9313713488235439
0.8181632501485442
0.8982329842931935
1.1366809369290758
1.2766405910473706
1.0893265342008087
1.0881909358268604
1.0164369796152741
0.9144664466446646
0.9954866691618415
1.30742202921437
0.8235134948415624
0.8788283748849844
1.1210732984293192
1.1003290043290042
0.8037600294743737
0.8957455654101996
0.9301048701476967
1.0118866937900952
1.0253822080853683
1.300844484235488
0.9917168086270218
1.1111930492612163
1.0802494129079276
0.9603297632468998
1.1067939422780841
0.9325753054621978
1.3324554434926776
1.138858493752111
1.9187772925764193
0.7431825753129113
1.0412351783772589
1.2898011179564894
0.6885451505016722
1.0779945407835583
1.1500729827896399
0.9629171353580804
0.8241187616187616
0.9180831408775981
0.8320427642352503
1.2053445522184565
1.1963768870380012
1.1173857868020307
0.8715320322072467
0.8348244620611551
0.8916217291227888
1.0479991976732526
1.1039973351099268
1.3012512311676943
1.1157666666666666
1.8006810442678776
1.0011831474252304
0.9180831408775981
1.2566653461794317
1.2076400560224088
1.1441650390625
1.3338403603337519
1.025449911176334
1.1231643002028397
0.9806882989183875
0.8674111294318064
1.0533764718048724
0.8874826712557965
0.8297215329473389
0.9121854442936197
1.1893329600335967
1.1372866335298424
1.1986745446442688
1.609401128762542
1.0921784098254688
0.9876863635693324
0.9201788663739274
0.9440078216071898
0.9035268211681466
1.412265618603128
1.054064611898902
0.95361073925331
0.708198797087686
0.8601799047563056
0.9335786011080333
0.8545232710391619
1.24065084022406
0.8865616621983913
1.1852906498186913
0.9618058496100517
1.0867404817662552
0.9804095260808829
1.1585063600548953
0.8063887569568765
1.0051088477433212
0.8351970224128167
1.034084903998591
0.9937795345419532
1.0532431273093972
1.0032609742010012
0.7830510766318495
0.8605431688804553
1.0709325396825398
1.5756053984886162
0.9261970558537492
1.1876488495868456
0.9146089807463598
1.0318743375990633
1.1504338500536218
1.0149829912471813
1.015841944098771
0.5980617952322556
0.9536328640639147
1.9768803011943925
1.0183915211970074
1.0261314129657324
0.8729177205772951
1.1636045494313212
1.0794754711022212
0.9877633457533864
1.7510612003653754
0.9467707155523428
1.212070005077431
1.0722825548770425
1.0930868859518368
1.2079275513758272
1.0969514106583071
0.9388610038610038
0.8652543378225662
1.0217151675485008
0.8770848787958555
1.2322987049549552
1.069709962857767
0.8174685112533554
0.8617070045725435
1.2287552491204177
0.9122289550654701
0.8372887929989578
0.9502037745313185
1.100697694488147
0.8941523064369029
0.8293974917414565
1.1358214697960758
1.1188019129121571
1.1318126964526272
1.145352012671364
0.5347103454196079
1.3235123085869356
0.9939843284730631
1.047941064511073
1.2366546787955712
1.358487209328184
1.1774864904337665
0.7441647597254006
0.7747472884850718
1.076962555022601
0.9318484652152123
0.9216523953074043
0.614428536909508
0.9311570187067316
1.2400966548365173
1.0693030231273186
1.1164645691495794
1.961150234741784
1.012302957945208
0.8854190882087049
0.7700441670234582
1.0735969698674321
0.8986054880791722
0.9754638702944846
2.301934111793267
1.0287516899504279
0.8552196642910723
1.2658817720307993
0.7823324659524854
0.9352999627375479
1.1565493882629432
1.092383119597163
1.0588265917018067
1.1781655505849007
1.1538372261714782
1.76014222222222
0.9056112767687722
1.437055386178858
1.003093671679198
1.4969425193640522
