Case Count:
 [661, 353, 483, 607, 654, 331, 618, 748, 731, 635, 657, 749, 627, 690, 646, 749, 744, 579, 365, 352, 209, 520, 492, 717, 616, 738, 522, 383, 649, 706, 493, 649, 488, 575, 811, 559, 778, 384, 342, 667, 754, 686, 735, 707, 779, 516, 612, 635, 805, 577, 358, 740, 656, 742, 629, 677, 704, 732, 485, 631, 576, 737, 639, 622, 684, 639, 728, 799, 468, 659, 634, 543, 655, 632, 659, 635, 535, 669, 703, 825, 817, 851, 716, 697, 581, 676, 713, 398, 721, 642, 838, 614, 854, 544, 561, 847, 793, 808, 877, 746, 875]

Control Count:
 [483, 200, 389, 434, 475, 225, 457, 564, 542, 450, 482, 547, 447, 521, 489, 557, 450, 354, 273, 279, 109, 381, 401, 549, 467, 578, 311, 273, 458, 519, 389, 459, 315, 409, 585, 428, 610, 253, 262, 487, 542, 493, 515, 505, 558, 373, 477, 378, 552, 416, 278, 549, 491, 530, 484, 514, 434, 544, 372, 470, 471, 506, 464, 462, 519, 442, 573, 542, 430, 482, 515, 415, 529, 393, 486, 494, 288, 497, 512, 610, 606, 628, 513, 521, 383, 515, 516, 303, 539, 447, 621, 422, 637, 385, 376, 611, 598, 591, 641, 555, 638]

Cluster Number:
 [1, 2, 3, 4, 5, 6, 7, 8, 9, 10, 11, 12, 13, 14, 15, 16, 17, 18, 19, 20, 21, 22, 23, 24, 25, 26, 27, 28, 29, 30, 31, 32, 33, 34, 35, 36, 37, 38, 39, 40, 41, 42, 43, 44, 45, 46, 47, 48, 49, 50, 51, 52, 53, 54, 55, 56, 57, 58, 59, 60, 61, 62, 63, 64, 65, 66, 67, 68, 69, 70, 71, 72, 73, 74, 75, 76, 77, 78, 79, 80, 81, 82, 83, 84, 85, 86, 87, 88, 89, 90, 91, 92, 93, 94, 95, 96, 97, 98, 99, 100, 101]

Odds Ratio:

1.011078149624548
1.4738975694444443
0.8129157204283721
1.072852563185162
1.0313799043062204
1.1217837235228538
0.9740021248601605
0.8572939931820855
0.9468206045696824
1.1087301587301588
0.9972464608249944
1.0193581149705464
1.0868483043690829
0.8866116817513796
0.8962691582301804
0.9263514861360463
2.0644324324324326
1.5281113801452781
0.967188839529265
0.878999645925346
1.5232925586136596
1.0010973567179406
0.7861353481285347
0.813176616145994
0.9018478357540142
0.6885450823384478
1.5258696287635194
1.0483435977941473
1.1285636306924516
0.988206018818528
0.8487771514822762
1.1210550887021473
1.2857358816542492
1.0802149379083612
1.1278574532811816
0.8930727456428392
0.5996960156334817
1.1919498132501725
0.931752864220971
1.0141385958587394
1.1049657353716393
1.0765365320244744
1.221199079171254
1.10990990990991
1.1447670250896054
1.031671740809742
0.8256651389798226
1.7313195119317568
1.5171370967741944
1.0442048186188813
0.9088813012637174
0.9413941654378809
0.9298508687510724
1.1304812834224596
0.8533953168044077
0.872853745908221
1.780727086533538
0.9357644072857573
0.9073488811392036
0.9505997429672995
0.7275220584255064
1.3275588768115938
1.0304919738406662
0.960404416430475
0.8714403680547361
1.1914573256358245
0.6826599984371339
1.576227646891854
0.5925843716894517
1.007691716612879
0.6927365476386376
0.9016667707097824
0.6868764919349274
1.559410902922353
0.9793095564700506
0.8176003194800189
1.8529240693739424
0.9526079554248568
1.0267474419247788
0.9233133669609087
0.9028023338048087
0.9207700473624044
1.1008428740081815
0.9226288966840955
1.2990156357852405
0.8612456349054072
1.0555286391042207
0.9350562174861551
0.9132117882117878
1.1710123237378105
0.8897382810426292
1.1963138493944179
0.7865201465201457
1.0863484567380677
1.236593721091582
1.183385892778731
0.8093030690537079
1.016906489910644
1.052442097683908
0.9254762959680993
1.0920991524439811
