Case Count:
 [754, 758, 550, 647, 613, 635, 385, 652, 665, 731, 560, 741, 622, 642, 739, 724, 699, 443, 501, 745, 644, 604, 719, 475, 462, 260, 287, 576, 737, 763, 699, 599, 557, 778, 506, 541, 538, 798, 739, 711, 663, 806, 662, 608, 617, 425, 745, 759, 430, 657, 618, 708, 715, 607, 733, 538, 562, 662, 733, 618, 645, 806, 674, 688, 808, 607, 392, 695, 637, 574, 720, 690, 536, 688, 628, 555, 794, 528, 320, 730, 729, 688, 346, 811, 580, 501, 803, 455, 803, 714, 663, 832, 641, 762, 672, 663, 526, 631, 641, 498, 230, 614, 746, 681, 639, 745, 570, 692, 287, 827, 766, 689, 784, 275, 589, 550, 553, 576, 586, 588, 633, 790, 327, 49, 808, 279, 781, 770, 586, 789, 488, 762, 769, 766, 630, 563, 179, 634, 275, 608, 685, 679, 810, 780, 662, 646, 569, 637, 579, 613, 599, 614, 611, 773, 838, 584, 642, 706, 740, 828, 751, 661, 760, 716, 456, 721, 676, 696, 619, 482, 603, 852, 652, 795, 861, 658, 549, 856, 832, 849, 684, 804, 584, 727, 771, 591, 784, 670, 758, 847, 677, 620, 843, 550, 716, 858, 765, 620, 844, 792, 868, 700, 809, 707, 602, 616, 745, 847, 888, 595, 670, 834, 869, 832, 855, 760, 841, 866, 876, 718, 818, 873, 895, 885, 815]

Control Count:
 [562, 561, 461, 446, 445, 463, 280, 463, 459, 564, 394, 543, 464, 478, 565, 496, 506, 376, 351, 492, 411, 457, 419, 344, 313, 190, 200, 405, 472, 515, 511, 419, 370, 560, 445, 402, 461, 606, 568, 552, 506, 576, 481, 412, 459, 308, 521, 563, 339, 461, 431, 517, 527, 482, 572, 456, 415, 486, 526, 442, 512, 580, 442, 528, 569, 472, 248, 472, 480, 416, 536, 478, 404, 517, 487, 424, 578, 315, 238, 544, 554, 505, 259, 562, 420, 387, 579, 333, 597, 535, 524, 611, 392, 520, 437, 473, 380, 430, 462, 355, 176, 483, 503, 503, 443, 511, 468, 532, 206, 608, 557, 406, 514, 215, 417, 456, 418, 428, 388, 457, 453, 567, 244, 16, 591, 217, 569, 567, 428, 577, 382, 557, 554, 590, 512, 423, 127, 460, 176, 456, 515, 511, 595, 583, 473, 487, 380, 459, 416, 481, 456, 495, 417, 526, 616, 437, 447, 458, 545, 601, 559, 538, 490, 553, 326, 487, 447, 511, 498, 325, 493, 599, 463, 598, 599, 454, 399, 615, 598, 629, 570, 570, 372, 553, 529, 412, 578, 533, 567, 623, 488, 453, 616, 393, 527, 628, 532, 459, 605, 567, 649, 547, 600, 479, 429, 437, 532, 606, 649, 463, 492, 618, 637, 615, 644, 528, 633, 599, 610, 463, 597, 634, 652, 644, 572]

Cluster Number:
 [1, 2, 3, 4, 5, 6, 7, 8, 9, 10, 11, 12, 13, 14, 15, 16, 17, 18, 19, 20, 21, 22, 23, 24, 25, 26, 27, 28, 29, 30, 31, 32, 33, 34, 35, 36, 37, 38, 39, 40, 41, 42, 43, 44, 45, 46, 47, 48, 49, 50, 51, 52, 53, 54, 55, 56, 57, 58, 59, 60, 61, 62, 63, 64, 65, 66, 67, 68, 69, 70, 71, 72, 73, 74, 75, 76, 77, 78, 79, 80, 81, 82, 83, 84, 85, 86, 87, 88, 89, 90, 91, 92, 93, 94, 95, 96, 97, 98, 99, 100, 101, 102, 103, 104, 105, 106, 107, 108, 109, 110, 111, 112, 113, 114, 115, 116, 117, 118, 119, 120, 121, 122, 123, 124, 125, 126, 127, 128, 129, 130, 131, 132, 133, 134, 135, 136, 137, 138, 139, 140, 141, 142, 143, 144, 145, 146, 147, 148, 149, 150, 151, 152, 153, 154, 155, 156, 157, 158, 159, 160, 161, 162, 163, 164, 165, 166, 167, 168, 169, 170, 171, 172, 173, 174, 175, 176, 177, 178, 179, 180, 181, 182, 183, 184, 185, 186, 187, 188, 189, 190, 191, 192, 193, 194, 195, 196, 197, 198, 199, 200, 201, 202, 203, 204, 205, 206, 207, 208, 209, 210, 211, 212, 213, 214, 215, 216, 217, 218, 219, 220, 221, 222, 223, 224, 225]

Odds Ratio:

0.9123131672597864
0.9481815054570474
0.6925405937533982
1.2088938714499253
1.028786801308491
1.0169553782636167
1.0135569852941178
1.1082642630466821
1.2183105565458505
0.7658768536428112
1.1054709531866889
1.0017044786646292
0.9475317308772327
0.9499948974385138
0.79854680950163
1.3172698662470494
1.051082660250902
0.7394000087558008
1.1005271986580396
1.555375132555674
1.4844410295812522
0.9109308197273184
2.140902375269917
1.0249654236246282
1.1631308535892892
1.004326960900008
1.0751323987538939
1.111992445703494
1.6996932379943503
1.4815533980582525
1.0110610057006721
1.1350112099515441
1.2585512932287126
1.113268684957427
0.6343984912476427
0.9677065702415756
0.6566399076842846
0.7539112689894942
0.7737861378799107
0.7621908655763864
0.8620241314749323
1.1945291327913283
1.0309358623965361
1.2366693887427027
0.9564689123512653
1.0212134096062668
1.2434281899357427
0.9357642879531919
0.8693493181052372
1.15270511675386
1.1526324035183264
1.016235329126443
0.9763429037578253
0.7782853534702715
0.7126534180105613
0.6789271772782339
0.9815304815994225
0.994821288204559
1.1020311166291614
1.0744933145160116
0.7496492627640846
1.1410989627137658
1.4292077011800193
0.827235005658242
1.3144127002570845
0.834712864512054
1.2745239382471318
1.3151437780675075
0.9135059931506849
1.0299972914409534
0.9319431550382059
1.226081476164633
0.9351271004963092
0.9055755756559146
0.831124178815311
0.8994740692160228
1.0480840702293985
1.5298895618097617
0.9780463909701812
0.9238287023352056
0.8355866425992782
0.9949303644057352
0.9669860990615707
1.4552898244767474
1.0327466230045026
0.8892632036513802
1.122707459495025
1.0031550537879652
0.8967057509771076
0.906272549445773
0.7467930321988175
0.9826716385172186
1.6408818735827666
1.4127360663288804
1.4599720414214357
1.096059387369057
1.0338644377693615
1.2359996878414232
1.055036976911977
1.0610633639423546
0.9441247236311613
0.7990535344572613
1.4425794957033757
0.9717341114602706
1.1837938818401188
1.3469965115289717
0.7226269552174844
0.8177722787982618
1.0307972658258473
0.9734745872033013
1.0461829917062264
1.944529967159278
1.7567154166107612
0.9113861034065854
1.0967414303851035
0.7160463824468823
0.9253728494349994
0.9645495221201451
1.2901475759670584
0.8451908083446164
1.0763379273313052
1.1427048837120772
0.9728432547246881
2.3142755681818183
1.016906489910644
0.9178021978021977
1.0387118225431051
0.9736780805963197
1.0099043622789567
1.0157959891062145
0.8661419192458834
1.0157924725056169
1.1017937725631772
0.7248206301341379
0.6954823369565218
0.9382242374917644
1.0411128608923883
1.0325276344878407
1.2065175840978593
0.9345794392523363
0.9049021168231736
0.9035616438356164
0.9838288256479056
0.8799659249197049
1.0903073061421638
0.9093244135509101
1.2519663742690057
1.05510788790402
1.0538118131868133
0.8066001736887811
0.8956339712918662
0.7324290524290525
1.2164155468078368
1.460161353222189
0.9717068645640071
0.945153052764236
1.1710123237378105
1.5414847161572052
0.9770399495170136
1.0912505560040193
0.9208056119474985
0.6555720468290515
1.7529283902910273
0.7780692594384874
1.0498190638010871
1.3808442584109932
1.398731994588429
0.9937596062588719
0.7337543723280218
1.1811529857167444
0.7053596983536384
1.5147323461179891
1.1082642630466821
0.8234538012279732
1.7333300599037629
1.2140221402214026
1.021092204194697
1.2584029401937853
1.1904975347377849
0.8773449920508745
0.5436734693877552
1.2525473684210535
1.4060776063581113
0.8330438830501496
1.4021200737000792
1.141631240305624
0.9635127073141628
0.7183060841597428
0.891240446796002
0.96163332419841
1.0624918683320324
1.0098801946033995
1.0343363032316522
1.0634655280066059
0.9822985986761806
1.0198708172602504
1.3064482853475154
0.9704507477208791
1.2473310646572684
1.1623218630517893
0.7016090328121449
0.7488244733081594
0.910125
1.343019428614418
1.0814139988451916
1.0988660705799784
1.1340000817260545
1.278374788698381
1.0679093539779776
0.8387760116915199
0.9937376400791038
0.8949412365866126
1.0004186289900563
0.9204928337943168
0.6638198757763972
1.3031199569661105
0.7246876346402414
1.8817606063015073
1.9237859573151885
1.6022028190351407
1.0368961926750868
1.1556726002703916
1.1708318296643816
1.1555971202710318
1.3623328425960006
