Case Count:
 [611, 775, 637, 690, 787, 750, 728, 675, 741, 703, 703, 787, 712, 748, 722, 804, 702, 753, 652, 696, 658, 671, 723, 716, 726, 732, 692, 657, 777, 750, 806, 681, 765, 716, 674, 775, 729, 676, 646, 618, 714, 642, 568, 537, 776, 729, 717, 742, 782, 822, 792, 814, 729, 720, 740, 789, 796, 751, 800, 797, 692, 521, 678, 819, 715, 563, 735, 806, 679, 629, 760, 831, 625, 654, 735, 734, 768, 634, 662, 616, 786, 790, 795, 776, 757, 747, 759, 747, 581, 803, 785, 821, 607, 713, 810, 738, 668, 820, 660, 601, 595, 669, 695, 781, 717, 837, 737, 743, 791, 720, 772, 785, 787, 727, 674, 717, 759, 647, 601, 777, 664, 778, 602, 735, 661, 664, 652, 818, 745, 680, 617, 746, 573, 797, 684, 629, 758, 829, 770, 830, 719, 770, 850, 865, 841, 645, 654, 710, 604, 853, 661, 830, 703, 812, 768, 630, 787, 808, 675, 860, 866, 879, 751, 827, 723, 860, 676, 776, 698, 709, 864, 695, 753, 772, 582, 688, 793, 852, 871, 672, 749, 805, 632, 743, 834, 822, 844, 868, 733, 882, 626, 845, 870, 743, 636, 835, 793, 818, 853, 879, 873]

Control Count:
 [452, 568, 460, 504, 559, 557, 505, 466, 532, 512, 503, 586, 539, 548, 521, 545, 540, 557, 500, 415, 461, 501, 519, 545, 534, 533, 492, 535, 551, 563, 576, 505, 508, 536, 503, 571, 550, 495, 496, 440, 527, 451, 434, 423, 562, 530, 561, 548, 559, 584, 617, 556, 519, 535, 544, 576, 567, 532, 605, 597, 519, 366, 477, 607, 524, 434, 531, 602, 476, 455, 501, 614, 466, 518, 575, 546, 529, 531, 478, 474, 579, 591, 547, 569, 503, 531, 559, 559, 435, 605, 555, 604, 417, 505, 593, 551, 464, 590, 505, 474, 436, 489, 541, 576, 452, 582, 469, 547, 586, 535, 560, 584, 558, 538, 495, 540, 559, 499, 448, 562, 456, 565, 430, 517, 485, 536, 477, 601, 569, 516, 440, 524, 391, 584, 507, 479, 571, 616, 526, 607, 514, 512, 590, 595, 620, 487, 485, 459, 417, 628, 538, 615, 509, 560, 554, 459, 583, 583, 467, 628, 623, 622, 544, 612, 563, 626, 501, 548, 512, 521, 623, 454, 573, 529, 434, 520, 625, 595, 648, 474, 544, 548, 479, 591, 613, 598, 617, 636, 502, 640, 453, 635, 648, 550, 510, 621, 586, 609, 605, 640, 630]

Cluster Number:
 [1, 2, 3, 4, 5, 6, 7, 8, 9, 10, 11, 12, 13, 14, 15, 16, 17, 18, 19, 20, 21, 22, 23, 24, 25, 26, 27, 28, 29, 30, 31, 32, 33, 34, 35, 36, 37, 38, 39, 40, 41, 42, 43, 44, 45, 46, 47, 48, 49, 50, 51, 52, 53, 54, 55, 56, 57, 58, 59, 60, 61, 62, 63, 64, 65, 66, 67, 68, 69, 70, 71, 72, 73, 74, 75, 76, 77, 78, 79, 80, 81, 82, 83, 84, 85, 86, 87, 88, 89, 90, 91, 92, 93, 94, 95, 96, 97, 98, 99, 100, 101, 102, 103, 104, 105, 106, 107, 108, 109, 110, 111, 112, 113, 114, 115, 116, 117, 118, 119, 120, 121, 122, 123, 124, 125, 126, 127, 128, 129, 130, 131, 132, 133, 134, 135, 136, 137, 138, 139, 140, 141, 142, 143, 144, 145, 146, 147, 148, 149, 150, 151, 152, 153, 154, 155, 156, 157, 158, 159, 160, 161, 162, 163, 164, 165, 166, 167, 168, 169, 170, 171, 172, 173, 174, 175, 176, 177, 178, 179, 180, 181, 182, 183, 184, 185, 186, 187, 188, 189, 190, 191, 192, 193, 194, 195, 196, 197, 198, 199, 200, 201]

Odds Ratio:

0.9734443702343182
1.0011775196634347
1.0480717689100656
1.0138971906754335
1.209579480460581
0.9327703278737852
1.2622826461750654
1.2260907032543682
1.1039133738601825
1.0267474419247788
1.1007758757191366
0.8984881988174782
0.864410112599711
1.002984231963544
1.0711470880043026
1.6050495412844041
0.8074889867841412
0.9524645013873017
0.8520722021660648
1.9146388127617775
1.158719613226501
0.9344102492689038
1.095516022223469
0.8388336133005985
0.9845021309569936
1.031761602270455
1.1216424822476077
0.6591671247938429
1.206060750788041
0.8781765680661265
1.1945291327913283
0.9570105397636537
1.5885466679469944
0.9093616424917662
0.9353447939812111
0.9694771078308732
0.8681727272727277
1.0040004790992936
0.8514048786048101
1.0884098216895646
0.9704426106526634
1.140786637514775
0.8954644676206646
0.8355405992184105
1.073942269671807
1.0384811320754714
0.7234386035717889
0.96301573051251
1.1610139583561507
1.2759889898860584
0.5996521903725344
1.5913356271504528
1.1377456647398843
0.9401243124804363
0.9860333022097727
1.0273437500000002
1.2033257747543458
1.1816655402551328
0.7790377346402715
0.8495507842241506
0.9113924050632911
1.0990236258437802
1.1552281440276633
0.9076830912086263
1.0010612113861743
0.875456422653673
1.0702428796085968
0.8599249115414747
1.169705882352941
1.0414212454212455
1.6157035042341348
0.9252974805557398
0.9485472667720803
0.7483467883467884
0.6984311967727473
0.9306846999154688
1.370639551949653
0.6071052379584413
1.0529672637236924
0.8594653617503136
0.9682959527519119
0.8655004930066098
1.4533820840950633
0.998334424572406
1.5574691386564334
1.1594337865524311
0.9744080816584232
0.8957714914781103
0.9441537851763776
0.8005772005772006
1.2376126126126128
0.9691102526367428
1.1934402788328342
1.1504217088375508
1.0101038729151015
0.9116218964091942
1.1969546835777516
1.1603172134971238
0.8550922006698809
0.8001891015745604
1.0010369169917048
1.0102878716375647
0.7685988277485509
0.9619580518018016
1.7134851394222732
1.5475683549977592
1.735119047619047
0.9785732539167697
0.9292303506949593
0.9401243124804363
1.0624658780709737
0.9054532914764081
1.2216795396032107
0.9566141558393756
0.9931788472964945
0.8830974842767296
0.9744080816584232
0.8368083685100696
0.9529684777874566
1.0824007304738716
1.2363455809334656
1.0578210162339563
1.0746177370030583
1.201818580629723
0.9967379596861055
0.6778372289495915
1.0066525895147924
0.9809476697995836
0.796974096431573
0.8732604837956475
1.0831657925407925
1.2213949025987572
1.1937843041466705
1.0028668534661684
0.9581451515517448
0.884189283228949
0.8539445519812374
0.8747564935064928
1.4270511992730233
1.0220824388863918
1.1124050398369463
1.5984915487421394
1.6595151255095473
1.9535189075630233
0.9402675953079186
0.9047199005119008
0.961079662605436
1.568030560778345
1.176579966795794
0.9472217566208521
0.6555720468290515
0.8997289972899724
1.0511327085905033
1.4995726495726498
1.0935264703903853
1.0190832185717096
0.9316309520933495
1.1224926640488786
1.2177747053566914
1.0518785193390578
1.2797268720222161
1.6675562700964643
1.0625309814937214
0.9141195693963856
0.7356050285398955
1.0950594990044913
0.9599772786442924
1.2309527217212914
0.9973789231601731
0.9897051125458038
1.2374861093962206
1.4850427350427355
0.8064017134697761
1.4128809314534083
0.9545545093560343
0.8838812639642513
0.522447058823529
1.5993015387973364
0.7647669220945088
1.1419002117913613
1.0479268790849676
1.5755974805745232
0.897380204269557
0.6083183232356314
0.9738473426633466
1.0662644953583593
1.0299551911526361
1.0068048252397142
1.3335128872266044
1.202194148936172
1.0398443817891723
0.7287214098237722
0.7509416195856878
0.9514467253176934
0.7278056615137521
0.8582588138554837
0.9452795623368797
0.8712554919451475
1.4099173553719002
1.1262187500000012
1.261989795918368
