Case Count:
 [377, 482, 482, 413, 259, 222, 0, 0, 277, 156, 643, 478, 643, 0, 650, 34, 8, 0, 659, 0, 380, 573, 718, 0, 295, 304, 549, 700, 339, 705, 580, 794, 570, 120, 480, 623, 171, 447, 282, 542, 0, 462, 479, 292, 717, 371, 489, 473, 3, 245, 293, 608, 715, 749, 636, 386, 136, 607, 0, 624, 591, 245, 532, 224, 564, 621, 488, 266, 400, 132, 739, 758, 581, 99, 351, 621, 352, 460, 26, 6, 28, 531, 521, 656, 561, 402, 247, 583, 786, 576, 514, 475, 544, 476, 642, 16, 183, 132, 308, 117, 487, 423, 770, 27, 672, 558, 649, 786, 427, 250, 438, 362, 129, 74, 621, 798, 593, 668, 625, 589, 246, 756, 638, 624, 94, 287, 545, 167, 356, 761, 398, 84, 331, 11, 307, 434, 528, 400, 684, 720, 550, 651, 568, 609, 17, 491, 351, 15, 500, 310, 628, 815, 641, 716, 440, 408, 524, 400, 529, 155, 296, 638, 759, 436, 30, 534, 613, 431, 242, 450, 718, 780, 620, 727, 495, 503, 132, 724, 473, 562, 529, 507, 709, 630, 580, 760, 518, 601, 397, 639, 763, 447, 699, 686, 531, 831, 391, 491, 754, 739, 500, 521, 671, 758, 512, 563, 636, 542, 407, 514, 511, 697, 669, 547, 611, 754, 660, 434, 566, 387, 651, 578, 710, 766, 494, 329, 339, 694, 617, 754, 724, 537, 590, 719, 635, 638, 760, 731, 536, 548, 654, 438, 649, 833, 843, 308, 546, 849, 428, 697, 631, 622, 648, 618, 849, 832, 590, 839, 689, 856, 611, 674, 691, 748, 854, 717, 867, 304, 396, 508, 646, 485, 462, 853, 881, 748, 797, 705, 837, 574, 689, 588, 864, 576, 715, 673, 629, 557, 621, 870, 800, 755, 800, 579, 449, 475, 716, 591, 638, 601, 833, 753, 533, 837, 717, 725, 875, 764, 876, 853, 849, 774, 825, 875, 829, 848, 846, 846]

Control Count:
 [277, 396, 343, 310, 203, 175, 0, 0, 248, 129, 446, 346, 460, 0, 441, 43, 17, 0, 464, 0, 303, 418, 523, 0, 214, 223, 401, 501, 236, 575, 436, 576, 394, 79, 387, 454, 106, 332, 247, 330, 0, 365, 329, 208, 425, 224, 377, 324, 5, 179, 129, 436, 525, 532, 500, 294, 118, 341, 0, 403, 448, 146, 389, 225, 412, 513, 417, 186, 278, 107, 546, 561, 439, 68, 280, 492, 288, 301, 13, 4, 20, 384, 449, 430, 456, 300, 186, 414, 575, 429, 390, 319, 378, 348, 443, 20, 138, 98, 262, 97, 348, 303, 499, 17, 492, 393, 465, 572, 332, 232, 327, 249, 80, 65, 448, 561, 382, 400, 463, 453, 179, 554, 482, 449, 58, 229, 401, 131, 269, 554, 270, 54, 231, 5, 233, 293, 377, 324, 504, 540, 391, 480, 368, 460, 14, 325, 252, 20, 367, 276, 454, 557, 480, 541, 332, 256, 354, 328, 340, 100, 228, 470, 580, 315, 16, 385, 378, 356, 167, 329, 517, 537, 448, 536, 377, 374, 63, 526, 391, 424, 418, 375, 522, 426, 375, 556, 380, 422, 292, 388, 502, 352, 482, 480, 406, 614, 294, 364, 541, 532, 357, 300, 496, 554, 395, 408, 476, 376, 305, 373, 339, 532, 476, 408, 447, 546, 474, 341, 401, 295, 480, 400, 505, 584, 352, 271, 250, 497, 468, 571, 458, 400, 433, 435, 513, 401, 560, 523, 380, 406, 410, 336, 470, 610, 634, 218, 387, 604, 343, 563, 446, 467, 454, 456, 611, 608, 401, 596, 487, 617, 451, 496, 505, 479, 622, 526, 632, 207, 272, 408, 474, 338, 349, 624, 642, 535, 590, 497, 617, 358, 471, 418, 628, 407, 527, 494, 530, 419, 464, 639, 569, 550, 562, 474, 338, 344, 538, 426, 447, 424, 579, 548, 407, 603, 528, 540, 645, 530, 650, 618, 626, 553, 616, 623, 602, 610, 614, 627]

Cluster Number:
 [1, 2, 3, 4, 5, 6, 9, 10, 11, 12, 13, 15, 16, 17, 19, 21, 22, 23, 25, 26, 27, 28, 29, 30, 31, 32, 33, 34, 35, 36, 37, 38, 39, 40, 42, 43, 44, 45, 46, 47, 48, 49, 50, 51, 52, 53, 54, 55, 56, 57, 58, 60, 61, 62, 63, 64, 65, 66, 67, 68, 69, 70, 71, 72, 73, 74, 75, 76, 77, 78, 79, 80, 81, 82, 83, 84, 85, 86, 87, 88, 89, 90, 91, 92, 93, 94, 95, 96, 97, 98, 99, 100, 101, 102, 103, 104, 105, 106, 107, 108, 109, 110, 111, 112, 113, 114, 115, 116, 117, 118, 119, 120, 121, 122, 123, 124, 125, 126, 127, 128, 129, 130, 131, 132, 133, 134, 135, 136, 137, 138, 139, 140, 141, 142, 143, 144, 145, 146, 147, 148, 149, 150, 151, 152, 153, 154, 155, 156, 157, 158, 159, 160, 161, 162, 163, 164, 165, 166, 167, 168, 169, 170, 171, 172, 173, 174, 175, 176, 177, 178, 179, 180, 181, 182, 183, 184, 185, 186, 187, 188, 189, 190, 191, 192, 193, 194, 195, 196, 197, 198, 199, 200, 201, 202, 203, 204, 205, 206, 207, 208, 209, 210, 211, 212, 213, 214, 215, 216, 217, 218, 219, 220, 221, 222, 223, 224, 225, 226, 227, 228, 229, 230, 231, 232, 233, 234, 235, 236, 237, 238, 239, 240, 241, 242, 243, 244, 245, 246, 247, 248, 249, 250, 251, 252, 253, 254, 255, 256, 257, 258, 259, 260, 261, 262, 263, 264, 265, 266, 267, 268, 269, 270, 271, 272, 273, 274, 275, 276, 277, 278, 279, 280, 281, 282, 283, 284, 285, 286, 287, 288, 289, 290, 291, 292, 293, 294, 295, 296, 297, 298, 299, 300, 301, 302, 303, 304, 305, 306, 307, 308, 309, 310, 311, 312, 313, 314, 315, 316, 317, 318]

Odds Ratio:

0.9961021294406948
0.7760490814182089
1.062581120655357
0.9578832208052016
0.910241893978384
0.9079167508587593
nan
nan
0.7417685038590937
0.8635638857968049
1.184616952554172
1.026171769862733
1.0801383399209483
nan
1.2678906688123277
0.5636481746134857
0.33927316855080797
nan
1.14146711366539
nan
0.8634961856841422
1.0127076501263372
1.0280101130010058
nan
1.015396975146673
0.9989739910313901
1.0087938049612808
1.0982402008210648
1.0834171215168056
0.5802018633540372
0.9338608343629244
1.0721450617283947
1.1565544448057912
1.1303218538279796
0.81214067436681
1.0179738562091503
1.223739234330662
0.9748725191221316
0.7658392205695551
1.4896405919661735
nan
0.8564841160423573
1.138858493752111
1.0424163748339574
2.0372031076581574
1.3564628136200718
0.896165903062455
1.142929662118259
0.438012958963283
1.0045248129635076
1.9713324557554477
1.0643345051301838
0.9927903871829109
1.1654239766081875
0.7857747440273036
0.9357311985567704
0.8182614828905467
1.8795650352452593
nan
1.4113167636171333
0.9093868871513101
1.3125350476648243
1.0058989982710949
0.6439338061465721
1.0088841601276766
0.6602870813397131
0.700566077750045
1.0677273390745874
1.0961363234554131
0.8884719567537144
0.9616830537883168
0.9481815054570474
0.9203388055402824
1.0752480510276399
0.8696922886801779
0.7745288248337032
0.8324667822068169
1.2382321897867095
1.4795127353266888
1.1002166847237271
1.0270810210876804
1.031897770100502
0.6598104720730161
1.4026407700826309
0.7521989416475973
0.9687666034155599
0.9638397502601453
1.0866842590265564
1.0132684706597752
0.9584975930584996
0.9241519925857272
1.1872868131412866
1.1326324469181615
1.0054807033569306
1.2017838462809007
0.5791894852135816
0.9652348758596573
0.9852764192251556
0.7931801698811325
0.867502920115789
1.0543181463566862
1.0428912456463035
1.7662998953882612
1.1691665579757402
1.0044604726202908
1.102199543219275
1.0766820276497697
1.0474106313267157
0.8941523064369029
0.7125717332791631
0.9657131112315253
1.1076687703193726
1.211390625
0.8202249212775528
1.0486215793135438
1.30301669592195
1.381412054350536
1.7979693486590038
0.9680146640900307
0.871912738605376
1.0101016710699593
1.0017737526345443
0.9051774536225068
1.057125123224652
1.2092091678711543
0.8823681453971622
0.9910120532003326
0.9201378453647494
0.9515690586945381
1.0384111225717725
1.14094998953756
1.1542406311637083
1.0782695565304259
1.6200435729847493
0.9490084594896707
1.1610438859585615
1.061748810996382
0.8331583000770147
0.980466472303207
0.8995215311004786
1.0763282024981609
0.9805980215827337
1.3382512344935564
0.9143274456521737
0.8880795739348369
1.2279311556023889
1.0337988136431042
0.5423960612691466
0.9971862832898256
0.7348809440191053
1.0431893687707643
1.5915461904311943
0.9320095486111112
0.8698897017347461
0.9458693670387069
1.3000839731285987
1.1951454279137892
0.8137765687675781
1.326389705882353
1.1635012919896641
0.9290762451151575
0.9842655553118375
0.7774746450304262
1.0275668888244953
1.3869577308120133
1.039381883938846
1.5549778983323288
0.7900985966337261
1.0841896992042115
1.0051335418900826
1.0794320129804649
1.4037718870683513
1.043544845122515
0.9736127530663514
0.9197032111381387
0.9692262308252365
1.6246639182649223
1.0407122322173792
0.7693386278996726
0.9281913526296851
0.8320992822966509
0.9803601895734599
0.9816353187042846
1.2612464082151773
1.3561031518624647
1.011025499127325
0.9983224484569087
1.1245737486995724
0.9941355958389123
1.663944187699965
1.6389502232035718
0.8667896548472274
1.2547447230741475
1.1821502057613167
0.9036871549867563
0.9252974805557398
0.9566611031029512
0.9762594711224848
1.1149722735674676
1.0893450732093393
1.0577657636481166
1.6217401960784317
0.9700471992998251
1.0161715962589988
0.8890022159487599
1.0292711346833818
0.9348380990621507
1.1360575072846226
0.9611959047798506
1.022720372105042
1.2333065164923571
0.8414327845475758
1.1081528765352295
0.9581344317831847
1.0058249968342408
1.0653061224489793
1.0714789892240364
0.8741965105601468
1.0887382095724876
0.9342798173744449
0.9805980215827337
1.1568233618233617
1.1298883312988834
0.7805487856122364
1.0614289446185994
0.8295817958179582
0.9905694915254238
1.093334474934715
0.9000452005259698
0.8300225168876657
1.719586750452657
0.9623533163265305
0.9968185193511688
1.9362233169129717
0.7073238652186022
1.5308807020250066
0.9716821639898565
1.1153407883809419
1.080326771126289
0.9742316693171977
1.571920177383592
0.9159514111143439
1.0405699088145894
1.0099556010928963
0.726670823857384
1.0533764718048724
1.083004432570284
1.3529180463576151
0.8418381895101924
0.6296778342622649
1.115696572064887
0.928429437326061
1.1530249110320285
0.980495853782366
1.2158346972176757
1.0298426478567544
1.2152509581503466
1.329511558538404
1.1436173853524982
1.2163140249994444
0.9798630576357219
0.9858475648323848
1.011864547799318
1.742765199137245
1.080085744908896
0.9966191979338543
1.08419252756227
1.113785507246377
1.1171780156715594
0.8073913650971078
0.9968689895782082
1.1085012527320217
0.9411042869501727
1.0252403846153844
1.1149727414330228
1.1277740486394385
0.9312660503338471
1.1652055188272492
0.9436967091818754
1.4588244551105516
1.279989384288747
1.0849317375015783
1.1218030377266044
1.0985097897279201
0.9763429037578253
0.9951527707489881
0.5973522012578614
0.9362665845458977
0.9429369122257056
0.9692050608737172
1.2206918161877898
1.0334900731452457
1.313139672818561
0.7224412296564197
0.949254191321499
1.0249654236246282
0.8934848246854107
1.0466497208100676
1.147720196498997
1.1106261504832033
1.5286053540587223
1.0383730092899794
0.9061251333978606
1.1768332251784557
0.9800332332761574
0.927968409586057
0.9043927648578807
1.3191995425957688
0.788272859216256
1.1441619826264697
0.9324081469648553
1.1558303680802657
0.8370535714285715
1.5085310029130257
1.0878903654485046
1.2185387573365714
1.1122404929162897
0.8778463134835983
