Case Count:
 [343, 248, 517, 697, 397, 477, 195, 227, 73, 0, 9, 0, 314, 603, 0, 74, 153, 102, 0, 656, 659, 0, 105, 641, 747, 333, 375, 486, 392, 0, 475, 640, 643, 470, 596, 481, 547, 591, 0, 232, 453, 0, 604, 249, 670, 485, 151, 483, 422, 0, 526, 595, 186, 432, 103, 1, 326, 549, 603, 279, 764, 589, 533, 720, 363, 1, 0, 606, 82, 768, 296, 787, 443, 599, 112, 0, 582, 286, 19, 138, 268, 262, 308, 656, 544, 659, 246, 749, 629, 607, 57, 545, 554, 605, 546, 310, 584, 663, 608, 767, 569, 580, 436, 99, 741, 548, 752, 258, 581, 540, 826, 405, 398, 638, 578, 560, 719, 337, 558, 409, 680, 352, 688, 708, 181, 657, 399, 116, 581, 113, 481, 674, 433, 423, 406, 398, 597, 429, 530, 471, 231, 828, 700, 193, 705, 642, 693, 564, 648, 570, 547, 425, 463, 223, 642, 586, 627, 692, 629, 643, 549, 831, 456, 660, 606, 597, 815, 461, 661, 485, 523, 463, 606, 460, 390, 558, 634, 525, 477, 488, 576, 595, 463, 818, 717, 699, 681, 628, 748, 424, 527, 842, 645, 505, 319, 665, 596, 737, 707, 435, 661, 646, 494, 554, 525, 592, 308, 625, 581, 690, 695, 434, 477, 563, 647, 621, 539, 649, 581, 326, 700, 166, 554, 726, 602, 594, 587, 322, 862, 247, 168, 537, 544, 595, 610, 556, 696, 622, 709, 598, 606, 587, 421, 541, 598, 539, 652, 297, 541, 605, 556, 528, 713, 275, 496, 715, 851, 608, 328, 161, 557, 700, 852, 618, 696, 470, 705, 538, 629, 657, 647, 535, 594, 660, 578, 548, 102, 595, 124, 874, 400, 678, 867, 733, 475, 325, 586, 855, 616, 420, 585, 616, 873, 631, 609, 530, 462, 615, 726, 863, 847, 522, 652, 580, 696, 847, 573, 580, 323, 575, 525, 846, 873, 584, 538, 486, 343, 568, 466, 291, 545, 547, 652, 703, 694, 885, 654, 565, 446, 613, 761, 665, 793, 651, 709, 665, 488, 635, 574, 479, 583, 391, 633, 843, 588, 861, 746, 867, 740, 616, 589, 878, 659, 825, 848, 545, 492, 372, 567, 734, 600, 626, 722, 537, 868, 748, 848, 891, 543, 865, 883, 862, 681, 635, 777, 695, 534, 904, 838, 914, 904, 867]

Control Count:
 [263, 203, 299, 505, 326, 371, 91, 152, 40, 0, 15, 1, 223, 461, 0, 65, 127, 84, 0, 479, 483, 0, 100, 475, 532, 197, 282, 347, 272, 0, 362, 472, 493, 328, 447, 364, 415, 391, 2, 150, 315, 0, 430, 185, 469, 367, 106, 332, 323, 0, 445, 449, 142, 320, 85, 5, 252, 403, 332, 217, 552, 427, 457, 538, 302, 6, 0, 430, 78, 524, 214, 560, 345, 440, 84, 0, 420, 183, 14, 102, 217, 201, 245, 464, 414, 505, 195, 543, 470, 483, 44, 438, 452, 408, 408, 206, 409, 488, 446, 551, 425, 352, 243, 83, 499, 399, 559, 183, 439, 350, 596, 278, 294, 469, 411, 425, 506, 257, 337, 269, 504, 264, 483, 549, 158, 468, 353, 76, 438, 85, 349, 547, 375, 244, 283, 341, 407, 340, 443, 377, 146, 624, 507, 166, 487, 442, 556, 410, 485, 411, 351, 323, 407, 180, 476, 438, 406, 524, 477, 480, 393, 613, 380, 492, 413, 481, 601, 343, 517, 406, 384, 338, 444, 373, 333, 422, 478, 364, 349, 305, 416, 466, 309, 610, 523, 517, 510, 341, 556, 281, 400, 623, 488, 359, 257, 516, 445, 529, 537, 314, 506, 484, 348, 394, 387, 405, 218, 474, 371, 525, 544, 309, 328, 419, 481, 467, 411, 458, 413, 216, 496, 103, 391, 537, 420, 457, 442, 223, 618, 173, 122, 396, 354, 429, 439, 404, 523, 486, 542, 449, 434, 470, 319, 345, 454, 333, 462, 230, 373, 407, 466, 411, 533, 195, 389, 458, 617, 421, 212, 84, 423, 459, 639, 454, 531, 381, 489, 368, 462, 473, 440, 388, 431, 491, 449, 420, 66, 441, 90, 624, 285, 485, 606, 531, 340, 232, 434, 609, 476, 333, 406, 420, 631, 459, 434, 408, 349, 463, 540, 629, 627, 404, 398, 429, 522, 623, 423, 439, 246, 387, 339, 628, 633, 397, 390, 291, 242, 412, 322, 209, 435, 430, 526, 503, 482, 623, 477, 407, 348, 441, 534, 484, 578, 523, 521, 436, 355, 445, 373, 340, 416, 334, 478, 611, 425, 630, 538, 634, 538, 517, 475, 655, 464, 630, 630, 394, 363, 294, 411, 527, 413, 461, 534, 441, 640, 544, 592, 631, 401, 635, 643, 641, 514, 428, 574, 520, 374, 650, 612, 657, 665, 636]

Cluster Number:
 [1, 2, 3, 4, 5, 6, 7, 8, 9, 11, 13, 14, 16, 17, 18, 20, 21, 23, 24, 25, 26, 27, 28, 29, 31, 32, 33, 34, 35, 36, 37, 38, 40, 41, 43, 44, 45, 46, 47, 48, 49, 51, 52, 53, 54, 55, 56, 57, 58, 59, 60, 61, 62, 63, 64, 65, 66, 68, 69, 70, 71, 72, 73, 74, 75, 77, 78, 79, 80, 81, 82, 83, 84, 85, 86, 87, 88, 89, 90, 91, 92, 93, 94, 95, 96, 97, 98, 99, 100, 101, 102, 103, 104, 105, 106, 107, 108, 109, 110, 111, 112, 113, 114, 115, 116, 117, 118, 119, 120, 121, 122, 123, 124, 125, 126, 127, 128, 129, 130, 131, 132, 133, 134, 135, 136, 137, 138, 139, 140, 141, 142, 143, 144, 145, 146, 147, 148, 149, 150, 151, 152, 153, 154, 155, 156, 157, 158, 159, 160, 161, 162, 163, 164, 165, 166, 167, 168, 169, 170, 171, 172, 173, 174, 175, 176, 177, 178, 179, 180, 181, 182, 183, 184, 185, 186, 187, 188, 189, 190, 191, 192, 193, 194, 195, 196, 197, 198, 199, 200, 201, 202, 203, 204, 205, 206, 207, 208, 209, 210, 211, 212, 213, 214, 215, 216, 217, 218, 219, 220, 221, 222, 223, 224, 225, 226, 227, 228, 229, 230, 231, 232, 233, 234, 235, 236, 237, 238, 239, 240, 241, 242, 243, 244, 245, 246, 247, 248, 249, 250, 251, 252, 253, 254, 255, 256, 257, 258, 259, 260, 261, 262, 263, 264, 265, 266, 267, 268, 269, 270, 271, 272, 273, 274, 275, 276, 277, 278, 279, 280, 281, 282, 283, 284, 285, 286, 287, 288, 289, 290, 291, 292, 293, 294, 295, 296, 297, 298, 299, 300, 301, 302, 303, 304, 305, 306, 307, 308, 309, 310, 311, 312, 313, 314, 315, 316, 317, 318, 319, 320, 321, 322, 323, 324, 325, 326, 327, 328, 329, 330, 331, 332, 333, 334, 335, 336, 337, 338, 339, 340, 341, 342, 343, 344, 345, 346, 347, 348, 349, 350, 351, 352, 353, 354, 355, 356, 357, 358, 359, 360, 361, 362, 363, 364, 365, 366, 367, 368, 369, 370, 371, 372, 373, 374, 375, 376, 377, 378, 379, 380, 381, 382]

Odds Ratio:

0.930287182548437
0.8575045391086709
1.6031918693379221
1.0470467736428812
0.8126239678951981
0.8817951959544879
1.7224601012066951
1.1253842405158194
1.3666179906542055
nan
0.43434782608695655
0.0
1.0486127820919464
0.8827169530095951
nan
0.8202249212775528
0.8600738696322753
0.8765762653307998
nan
1.0133443452858901
1.0005521048999315
nan
0.7403519417475727
0.9652485380116962
1.1495393704040324
1.3727046639185092
0.9577348490667487
1.0559650275499122
1.0976558221053785
nan
0.9219765375909652
0.9805876488182516
0.85734549426233
1.1020112652106913
0.936936936936937
0.9350286989795916
0.9178199709834104
1.2968567926270067
0.0
1.178307030129125
1.1057623049219687
nan
1.0848228980322
0.9817488076311603
1.1693325979040263
0.9345926307779171
1.0528326138623465
1.1384123939705009
0.922539554594806
nan
0.6922017453369393
0.9204753077364202
0.950220840520918
0.9805835010060361
0.874348383421165
0.14568965517241378
0.9203585248361369
0.996617474206608
1.9444064601966151
0.9178021978021977
1.0820816864295129
1.0304862928778067
0.6597263665097363
0.9156720798278221
0.8048639224954953
0.12122844827586206
nan
1.0951544387644896
0.7484333847970213
1.4292352188137125
1.0204485390736886
1.19752263581489
0.8877437824297725
0.9942079889807163
0.974296205630355
nan
1.0422807739810622
1.2104122581138619
0.9947409733124019
0.9903324161523016
0.8669450699610283
0.9380384434648346
0.8826317000230044
1.1237842617152967
0.9112742330133639
0.8506343967730109
0.8976686563802231
1.057519950890117
0.9412695035460991
0.7727711122256086
0.9463354879065888
0.7874036815068495
0.7484719764011797
1.2494326434277412
0.9538857318384275
1.1547751619430024
1.1257432408490133
0.9857558856156783
0.9980023189863515
1.1170486881315682
0.9520522875816994
1.5533016410523575
1.5940700673628325
0.8593700101611264
1.437577282224022
1.0165571408837055
0.9272409367009288
1.0463462900979699
0.9203388055402824
1.3128167462357694
1.143708868182707
1.1204280850129056
0.9866251585379913
0.9910389144117411
1.0817892569717387
0.9141399649290612
1.1841238471673252
0.9391628983068672
1.5352843785742276
1.2046611381183872
0.9590743928093325
0.9636048526863084
1.1702791165176158
0.7702692678584673
0.8009798280647127
1.0993354072398192
0.699513603078732
1.1358192529293714
0.9262517713745868
0.9709919261822376
1.0213620548505935
0.6474961465390544
0.7123548387096774
1.4972056631892696
1.0917444209473746
0.7473311573912994
1.2105769515408071
0.8605235294117648
0.7136351035602551
0.829254167004506
1.2127114652431605
0.7488575780654984
1.049068499521976
0.8135394840230487
1.2537584335582281
1.2095637504532764
0.6601710157297891
1.0213431339792851
0.9319294126279488
1.0430433279791795
1.346265717993467
0.9346282372598161
0.6688846474254201
0.8791548630783759
0.9633853541416565
0.9478413674667516
1.406265292141063
0.8748349276902763
0.8966876310272536
0.9414554195804192
1.0587384491763756
0.9406398774844356
0.7636363636363637
0.9425151872336567
1.2174604007526288
0.7476893019061693
0.9516303237294569
0.9706835114998379
0.7823840180143766
0.739887054542227
0.9963246613300492
1.008259897909947
1.0014643126098235
0.8098915609619461
0.7561550418693275
0.9230975587945988
0.9127154102545919
1.131711728865194
1.003904962345006
1.3641723356009074
1.0394421442580084
0.821907686772378
1.196133172215509
0.8577462708610253
1.0217359933619539
0.964056849718274
0.9207068311195442
2.0802603248214653
0.9290909813585596
1.195165779923188
0.9209390547263682
0.9010165864098452
0.8982120180096973
1.068284543017817
0.862767111054411
0.8054748062015503
0.9491918885177314
1.1029458097038431
0.8539936584629321
1.0291975038036048
0.8530101468939884
0.92910959904214
1.086682520808561
1.0761285956006765
0.9872208151047666
1.1971425431366085
1.0533764718048724
0.8978389407061959
1.395033615267838
0.8578601315002989
0.7479810834590248
1.0555261351377854
1.1357449276926397
0.9618660093639554
0.9539818050456346
0.9239272504797132
0.9079169006176303
1.1285636306924516
1.083382037794662
1.1638566427123638
1.14012536977039
1.2208833297280788
1.095720375106564
0.9590224839695076
1.1440366972477065
0.8691074169633234
0.9280847291683201
1.0895014073477587
1.3115490508621956
1.0634821080467172
1.0115249563775013
0.985911410018553
1.3052168170812237
1.046438591348771
1.0541198648967087
1.0220316937860008
0.9024200100115711
0.8129247597217197
0.8264927876551496
0.9335011001285165
1.0677690431011113
0.7705424909792208
0.9404512131908278
1.3579560735096368
0.9033232628398794
1.444305844305844
1.115757888321065
0.9214845899834894
1.1513501561593098
1.2570904237570901
0.6877308449067415
0.8649908076524019
0.9165798068237097
1.047988708539167
0.8598585821405034
1.6267905970697467
1.131695964759173
1.1697412332304775
1.2073588045082095
1.4899088541666667
0.9132540227255393
1.4784370808002965
0.7272727272727276
0.9935691318327977
0.8438204699207105
0.8062717650489768
1.2357581069237509
1.1703130212387411
0.9938744588744586
1.0621813207312527
1.2566650548033524
1.025400334920718
1.028500190462998
0.9494317794653195
0.8508683430732429
0.8938132733408324
1.149279982411784
0.9694895922440832
1.0115113871635608
1.4515734265734266
1.0506417271913244
1.0916170370066132
1.7306770999680599
1.056439524962528
1.049332728686188
1.0413693194793332
0.9723233598903682
1.365996538410332
0.8475850404059388
0.862316147188446
1.1518716347806168
1.223003194888179
1.2352841294996606
1.0241259814887922
1.0831149193548388
0.8888028895768834
0.9411042869501727
0.9221911928574379
0.9338259441707721
1.080984728043553
0.8896020539152749
0.8793757754153796
1.67367523538269
0.9762157613160479
0.9098712446351935
0.96163332419841
0.9817116901745156
0.9161222105462402
0.9425058359494487
1.2339596198484648
1.3110049943047404
0.8602179418310184
1.1821259309410965
1.2109371007191623
1.0266771591579775
1.4702939191547788
1.061807181338674
1.027297420864373
1.1221308506499603
1.0300730452520588
0.8026221264367819
0.835851698526726
0.6936075002402163
1.1007758757191366
1.219263706188753
1.8725375747847641
1.0170840480274443
1.0449685449685453
0.8835939173270508
1.0557134246103503
1.2469569288389513
1.0252707863761583
1.039067270506818
0.7074432232416744
0.9897051125458038
1.4154590631081458
1.016179617386861
1.1454559351830622
1.335135747460635
1.0675751633986925
1.0733589928857272
0.7550530908443337
0.9081971615967431
1.1230160240551144
1.03866137657409
1.025000000000001
1.0835313953724581
1.036659204233234
1.040695501662044
0.6242947454285909
0.7512941176470588
0.6833707528813049
1.14146711366539
0.6421703296703302
0.8475014697236919
1.0338343379864636
0.9862889346975057
0.8791265159564723
1.0289551155381695
1.0999464798326273
1.1834232430801388
0.985946750857298
0.9601584975302611
0.7455226988754683
0.911577868852459
1.0407458563535914
1.5739072405739067
1.8579531236967224
0.982259377463078
0.9790846456692901
1.134424234228141
0.80285002444874
0.8921723986444081
1.2767420052133005
0.9529043645699613
0.9195841551610782
1.1097136668246121
1.7245538461538445
1.0382460676578327
2.2258751902587584
0.8700150375939822
0.9894248326232489
