Case Count:
 [338, 306, 291, 319, 346, 360, 325, 347, 361, 312, 330, 329, 365, 376, 347, 328, 351, 323, 338, 312, 326, 374, 359, 396, 297, 315, 339, 319, 361, 283, 297, 332, 306, 360, 330, 305, 334, 378, 323, 326, 333, 355, 298, 303, 333, 319, 357, 360, 366, 351, 392, 340, 308, 298, 396, 340, 260, 336, 319, 346, 341, 298, 297, 364, 266, 315, 385, 377, 315, 348, 384, 331, 325, 338, 370, 333, 314, 287, 412, 356, 361, 358, 313, 316, 310, 381, 327, 350, 288, 386, 273, 334, 382, 323, 382, 351, 308, 262, 389, 369, 365, 376, 353, 368, 376, 392, 296, 342, 325, 355, 326, 378, 388, 363, 284, 323, 314, 306, 350, 381, 349, 268, 357, 334, 316, 388, 400, 379, 329, 296, 377, 305, 368, 299, 396, 339, 373, 375, 372, 355, 304, 384, 319, 325, 311, 307, 334, 374, 277, 381, 282, 389, 274, 375, 300, 359, 266, 367, 371, 420, 334, 334, 303, 377, 346, 341, 410, 342, 329, 397, 392, 328, 380, 281, 320, 359, 322, 374, 397, 318, 398, 311, 316, 309, 305, 284, 349, 404, 361, 383, 418, 385, 345, 275, 358, 322, 408, 362, 408, 362, 334, 275, 347, 335, 411, 293, 394, 269, 310, 276, 386, 350, 372, 405, 419, 362, 335, 393, 380, 289, 253, 394, 353, 369, 363, 377, 348, 380, 345, 363, 382, 397, 292, 384, 297, 419, 388, 395, 412]

Control Count:
 [565, 544, 485, 532, 569, 581, 562, 528, 615, 582, 559, 537, 596, 612, 528, 556, 559, 560, 578, 527, 510, 641, 626, 585, 528, 557, 545, 575, 590, 485, 494, 577, 502, 566, 528, 481, 561, 535, 528, 603, 497, 575, 518, 497, 506, 561, 588, 608, 616, 547, 588, 580, 568, 494, 595, 522, 517, 568, 495, 561, 500, 495, 527, 577, 498, 545, 646, 636, 512, 616, 658, 475, 528, 538, 610, 548, 497, 456, 634, 582, 570, 591, 482, 530, 570, 639, 563, 607, 451, 639, 439, 571, 635, 556, 628, 600, 537, 425, 634, 630, 594, 641, 597, 623, 629, 638, 540, 558, 553, 588, 562, 643, 627, 616, 478, 473, 559, 511, 572, 649, 568, 420, 587, 536, 593, 646, 653, 594, 561, 511, 636, 520, 617, 513, 621, 564, 610, 618, 626, 609, 520, 638, 524, 533, 518, 602, 549, 604, 449, 607, 475, 647, 477, 589, 532, 598, 484, 600, 568, 666, 486, 556, 494, 581, 561, 566, 677, 547, 508, 641, 654, 483, 542, 468, 490, 601, 549, 548, 654, 540, 661, 488, 560, 493, 494, 502, 562, 683, 599, 641, 674, 629, 632, 490, 588, 514, 669, 564, 674, 683, 547, 490, 606, 487, 662, 511, 636, 465, 529, 481, 647, 577, 567, 636, 671, 618, 574, 667, 548, 465, 480, 668, 565, 651, 595, 623, 600, 655, 574, 611, 638, 663, 525, 627, 500, 696, 660, 678, 705]

Cluster Number:
 [1, 2, 3, 4, 5, 6, 7, 8, 9, 10, 11, 12, 13, 14, 15, 16, 17, 18, 19, 20, 21, 22, 23, 24, 25, 26, 27, 28, 29, 30, 31, 32, 33, 34, 35, 36, 37, 38, 39, 40, 41, 42, 43, 44, 45, 46, 47, 48, 49, 50, 51, 52, 53, 54, 55, 56, 57, 58, 59, 60, 61, 62, 63, 64, 65, 66, 67, 68, 69, 70, 71, 72, 73, 74, 75, 76, 77, 78, 79, 80, 81, 82, 83, 84, 85, 86, 87, 88, 89, 90, 91, 92, 93, 94, 95, 96, 97, 98, 99, 100, 101, 102, 103, 104, 105, 106, 107, 108, 109, 110, 111, 112, 113, 114, 115, 116, 117, 118, 119, 120, 121, 122, 123, 124, 125, 126, 127, 128, 129, 130, 131, 132, 133, 134, 135, 136, 137, 138, 139, 140, 141, 142, 143, 144, 145, 146, 147, 148, 149, 150, 151, 152, 153, 154, 155, 156, 157, 158, 159, 160, 161, 162, 163, 164, 165, 166, 167, 168, 169, 170, 171, 172, 173, 174, 175, 176, 177, 178, 179, 180, 181, 182, 183, 184, 185, 186, 187, 188, 189, 190, 191, 192, 193, 194, 195, 196, 197, 198, 199, 200, 201, 202, 203, 204, 205, 206, 207, 208, 209, 210, 211, 212, 213, 214, 215, 216, 217, 218, 219, 220, 221, 222, 223, 224, 225, 226, 227, 228, 229, 230, 231, 232, 233, 234, 235, 236, 237, 238, 239]

Odds Ratio:

0.9654604398492946
0.7781954887218043
0.9851351351351353
0.9793859649122811
1.039628096830886
1.1529662955619941
0.8420740463257789
1.4286890645586299
0.8503856577027307
0.6162837892686092
0.9152976317473863
1.0638056543084475
1.0924179212769813
1.131237680257288
1.4286890645586299
0.914122755849375
1.205866807610993
0.8353448275862069
0.8684778512453324
0.9369929328093949
1.2331771646711787
0.7809432377295097
0.7311900958466447
2.251162790697674
0.7922535211267606
0.7798835929808305
1.1382935779816514
0.7073478260869568
1.0825293350717076
0.908921490880254
0.9907338769458857
0.8119988985892227
1.0357966629721713
1.3042894842778543
1.1467889908256883
1.1688180718031465
0.9469145233851115
2.235452734793933
1.0547283176593525
0.5980422371916229
1.4601381876162636
1.1245341614906832
0.85681426106958
1.0355219552609773
1.3782907002759344
0.7913398692810458
1.0365853658536581
0.8994003997335105
0.9115815691158161
1.319823001495762
1.9858156028368792
0.8763497039359112
0.6622943769487151
1.0011198208286671
2.058549931600547
1.3553156081891715
0.5928055066293505
0.9189115274169288
1.2512962962962964
1.1075077147183405
1.5866938775510204
0.9948277097213266
0.7977256327337842
1.2701097631426919
0.710123731921907
0.8529890500147971
0.9049994266712538
0.8795901805640091
1.0716985887096768
0.6953046953046952
0.7427466150870407
1.6324171539961014
1.079877724614567
1.181861680591851
1.0373010216203375
1.031882660790525
1.1675492957746476
1.126269621421976
2.262413833391749
1.0759739990891395
1.2829059829059826
1.024545131708132
1.2678324441809918
0.9597791072250345
0.6661226710186318
0.9149263396470781
0.855667977670642
0.7839253651222624
1.1714365427820443
1.0143797797265777
1.0826495046244207
0.8746226336418982
0.9815167840861998
0.8613867526668325
1.0671583417141577
0.8509090909090911
0.8362545666481865
1.05531405782652
1.153501577287066
0.8200000000000001
1.1127036127036123
0.810043830324642
0.9006855985353123
0.8735559423959494
0.9393595275948217
1.1765490562262388
0.7206423206423205
1.0741602926504819
0.9021763268931826
1.0062358276643988
0.8521399552798161
0.8191622262448057
1.2255058323169774
0.8684210526315788
0.9582939667971387
1.501148210250055
0.7594418604651159
0.9770316201462561
1.0725229826353422
0.7996121353806915
1.0923317683881062
1.149317738791423
1.0457680641542357
1.1394456289978676
0.5848722905441532
0.9657014508589818
1.1779950524207792
1.4249719416386086
0.890341921892724
0.8790113995593449
0.8795901805640091
0.9104477611940297
0.9324537174424183
0.8950849345586185
1.5867880013481634
0.9857446808510637
1.09324391455539
1.042930825242719
0.9046778885127079
0.8258073344280238
0.9007407407407405
0.9848959817611856
1.0349236641221378
1.043003851091143
0.9850084459459456
0.48678646934460895
1.0371411223870242
1.1812531839021905
1.0624845335313042
1.3094642958586602
0.956701307408649
0.9740030911901087
0.8738199606124136
1.3827727079796268
0.7951533510034079
0.9755434782608695
0.7751397315243873
1.087407407407408
1.5368682684341346
2.0578473210052186
1.5839310209680586
0.9840356286399455
1.0553405572755414
1.5384764865915272
1.1075077147183405
0.9959255787120501
1.0650435491264696
1.1666635255093387
1.2952755905511815
1.2829284599955426
0.9437178736417461
1.498890194542369
2.2102695603227223
0.9880450070323488
1.306122448979592
0.9482737104825292
0.897326919184843
1.889949466591803
1.0695354594437159
0.914967860422406
0.9839489317737351
1.1949282786885247
0.7707317073170727
1.133016071149945
1.078161822466614
0.8248811206785761
1.1453934361407667
0.7605103534825347
0.9967253114164633
0.9282649877423671
1.5947435353963553
1.1221515633280337
0.5575006733099919
0.8144599303135888
1.0523221634332742
1.145831254780671
1.1607117025893245
1.3670443032145154
1.05446539676462
0.3097488163373961
1.0525637677374424
0.8144599303135888
0.7593270196584874
1.5940412257147372
1.463422529132498
0.8522236817414152
1.2665269042627532
0.8949652118912085
0.9040019929367975
0.8695075443541703
0.9117844332332105
1.0291511693571944
1.5765616362631292
1.723085460599333
1.779657228017887
0.8368007397133609
0.8642120075046906
0.7813375920735288
2.115551156748732
1.0897060931899645
0.7027777777777777
0.7864271457085832
1.1841736982918292
0.6235023041474653
1.0676470588235292
1.024827836172527
0.815824175824176
0.7178160175960667
0.9846912298910224
0.9146136618141093
0.9453885497442668
0.9267040149393091
0.7680725623582767
1.1246628969117005
0.9537464788732394
0.9632183908045977
0.7838383838383839
0.6620407615982834
0.49781980562122363
