Case Count:
 [282, 277, 283, 249, 305, 334, 316, 324, 364, 314, 358, 220, 257, 308, 369, 287, 376, 290, 290, 328, 362, 358, 292, 336, 337, 303, 359, 322, 258, 359, 349, 396, 261, 287, 304, 319, 324, 322, 315, 347, 313, 296, 334, 368, 293, 325, 357, 333, 359, 388, 337, 354, 233, 262, 355, 303, 368, 379, 344, 335, 294, 396, 308, 274, 282, 279, 281, 315, 349, 279, 349, 337, 253, 315, 344, 333, 298, 297, 384, 352, 371, 288, 381, 388, 359, 361, 382, 385, 358, 254, 285, 331, 339, 330, 196, 335, 292, 326, 246, 255, 304, 267, 395, 313, 353, 393, 387, 350, 342, 296, 335, 244, 387, 315, 317, 298, 270, 310, 326, 361, 365, 288, 266, 286, 320, 323, 378, 379, 371, 245, 369, 287, 389, 324, 316, 377, 388, 387, 321, 336, 314, 270, 304, 286, 303, 336, 305, 291, 313, 401, 372, 323, 251, 304, 324, 268, 300, 314, 298, 290, 378, 315, 395, 316, 292, 387, 291, 336, 368, 131, 318, 212, 291, 296, 274, 319, 332, 356, 290, 338, 377, 351, 380, 404, 283, 388, 339, 328, 290, 321, 407, 380, 247, 262, 408, 374, 380, 368, 328, 301, 298, 311, 359, 358, 394, 330, 390, 267, 340, 301, 335, 390, 416, 322, 312, 408, 279, 412, 316, 282, 308, 300, 322, 300, 358, 367, 420, 353, 355, 275, 355, 330, 359, 399, 296, 407, 394, 393, 341, 292]

Control Count:
 [453, 460, 512, 394, 508, 531, 523, 464, 560, 540, 600, 396, 453, 440, 607, 452, 612, 445, 414, 556, 584, 588, 507, 570, 596, 516, 562, 551, 412, 625, 594, 589, 478, 511, 498, 576, 536, 533, 518, 583, 504, 486, 540, 619, 480, 540, 594, 507, 662, 632, 499, 509, 413, 437, 578, 497, 668, 616, 555, 562, 482, 597, 523, 480, 471, 447, 488, 583, 610, 468, 579, 489, 408, 491, 533, 551, 495, 527, 623, 530, 592, 493, 643, 643, 526, 515, 638, 658, 588, 538, 476, 522, 556, 542, 325, 545, 431, 531, 408, 425, 496, 393, 648, 551, 572, 662, 624, 565, 564, 472, 591, 548, 639, 489, 518, 468, 435, 470, 558, 577, 596, 506, 450, 508, 497, 535, 645, 641, 626, 438, 611, 514, 621, 560, 514, 644, 627, 576, 469, 563, 559, 448, 477, 502, 528, 550, 488, 452, 446, 658, 582, 557, 344, 520, 558, 490, 506, 516, 499, 483, 600, 511, 581, 547, 468, 567, 487, 555, 614, 203, 521, 373, 484, 504, 477, 517, 586, 583, 476, 499, 575, 609, 653, 624, 512, 637, 639, 515, 475, 501, 650, 542, 441, 437, 658, 608, 624, 629, 532, 547, 520, 488, 569, 583, 624, 512, 614, 449, 601, 545, 597, 598, 668, 514, 517, 685, 599, 679, 532, 478, 527, 503, 553, 549, 594, 626, 687, 565, 582, 557, 604, 560, 610, 653, 499, 653, 650, 672, 564, 451]

Cluster Number:
 [1, 2, 3, 4, 5, 6, 7, 8, 9, 10, 11, 12, 13, 14, 15, 16, 17, 18, 19, 20, 21, 22, 23, 24, 25, 26, 27, 28, 29, 30, 31, 32, 33, 34, 35, 36, 37, 38, 39, 40, 41, 42, 43, 44, 45, 46, 47, 48, 49, 50, 51, 52, 53, 54, 55, 56, 57, 58, 59, 60, 61, 62, 63, 64, 65, 66, 67, 68, 69, 70, 71, 72, 73, 74, 75, 76, 77, 78, 79, 80, 81, 82, 83, 84, 85, 86, 87, 88, 89, 90, 91, 92, 93, 94, 95, 96, 97, 98, 99, 100, 101, 102, 103, 104, 105, 106, 107, 108, 109, 110, 111, 112, 113, 114, 115, 116, 117, 118, 119, 120, 121, 122, 123, 124, 125, 126, 127, 128, 129, 130, 131, 132, 133, 134, 135, 136, 137, 138, 139, 140, 141, 142, 143, 144, 145, 146, 147, 148, 149, 150, 151, 152, 153, 154, 155, 156, 157, 158, 159, 160, 161, 162, 163, 164, 165, 166, 167, 168, 169, 170, 171, 172, 173, 174, 175, 176, 177, 178, 179, 180, 181, 182, 183, 184, 185, 186, 187, 188, 189, 190, 191, 192, 193, 194, 195, 196, 197, 198, 199, 200, 201, 202, 203, 204, 205, 206, 207, 208, 209, 210, 211, 212, 213, 214, 215, 216, 217, 218, 219, 220, 221, 222, 223, 224, 225, 226, 227, 228, 229, 230, 231, 232, 233, 234, 235, 236, 237, 238, 239, 240]

Odds Ratio:

1.0903952419116718
0.9961889425657544
0.765324519230769
1.1109537803900615
0.9857210012927489
1.1801273428392076
1.0070108349267046
1.6029985007496257
1.455999999999999
0.8745481481481479
0.942880658436214
0.8422120750887878
0.8572277612012709
1.5389312977099237
1.0508119557542952
1.1529459711224965
1.131237680257288
1.2377648744438579
1.47618584443796
0.914122755849375
1.1592243373065285
1.0523221634332742
0.8658642944357231
0.9042411854879919
0.7317410185550732
0.9153556771545825
1.3254893238434158
0.8840802270929315
1.093278978705144
0.7395400000000001
0.874784885895997
2.1733328068859317
0.7668891918574585
0.8018204758471523
1.0400118994496503
0.70150462962963
1.009214795587281
1.0068792995622269
1.029860505666957
0.938082631068685
1.1040564373897706
1.0307059195948087
1.107442680776014
0.9126942592550461
1.0368721461187216
0.992527615334633
0.9821384577482137
1.3693759071117566
0.44739425981873104
1.155621742367833
1.5162285355023775
1.7918872067491043
0.8626789534309693
0.9856882441919094
1.096762234305487
1.0355219552609773
0.46554777768406896
1.1484848484848487
1.128724513987672
0.951444018614837
1.0348261553870368
2.0208016828327686
0.9215769270065534
0.8579797979797982
0.9800803278023449
1.0961828859060403
0.8746627931106041
0.6318126487024841
0.7501275045537339
0.9687499999999999
0.997908270965266
1.614800112273949
1.0668353362850516
1.2261842191708818
1.3247753530166884
1.00916001780639
0.9948277097213266
0.7977256327337842
1.1767109295199187
1.511515940143136
1.2533783783783787
0.9091519686202866
0.8683702472247551
1.005702436495594
1.7233365019011404
1.9141896938013434
0.9453885497442668
0.7584712371946415
1.0523221634332742
0.4848789309755851
0.979755538579068
1.2094863062296013
1.0487050359712233
1.038965435525915
1.000164609053498
1.0815984474241356
1.3688148113073537
1.0703131510091166
0.9996952148735141
0.9880434782608694
1.053285543608124
1.323229185158885
1.1083052749719422
0.7979863451732779
1.1194503171247356
0.8517667148298963
1.2403846153846159
1.1345331609824
1.0252248300065803
1.122673936233258
0.7466972536769492
0.4110050533408198
1.0365655471289277
1.241589154957451
1.0533894550287988
1.1741528762805356
1.0761069169557236
1.3191489361702122
0.8789291718209787
1.2111940630138203
1.0924179212769813
0.8367929220218309
0.9498779704560049
0.8095311615459834
1.2498520534974555
1.0044956493715758
0.7974075486084641
0.857332293291732
0.8889776357827475
0.8361577931553925
1.009422492401216
0.7861202129838213
1.3405152979066028
0.8452173913043478
1.069627661257157
0.7931276297335208
1.2255058323169774
1.9639423076923082
1.50227675183405
0.956043387539016
0.7594418604651159
0.9985207100591716
1.1849367186893391
0.841548837330417
0.8439171122994652
1.055745807590468
1.119402985074627
1.2006099019373355
1.5706811872731148
1.1226203807390813
1.3928296661024773
0.8548412059679321
1.4903513112320632
0.9007407407407405
0.858345021037868
0.7612364243943188
0.9469104558250633
1.0320620155038756
0.9699114541139015
0.9872580488279352
1.3219672131147548
1.0787671232876712
2.2713581599123756
0.8501062707153578
1.1035525321239605
2.1132478632478633
0.9730145957045343
1.0168459721857783
0.9623342661834201
1.0999776085982982
1.0441775987056046
0.8888521453626389
0.991232968505696
0.91996891996892
0.8738199606124136
1.0849290780141845
0.7518739434148831
1.0667713736593023
1.0303987366758784
1.5357844401674636
1.6179803646563824
0.7793887147335421
0.7397409608845743
1.9238095238095234
0.765324519230769
1.0868347338935576
0.4721596244131456
1.2221464182629231
1.0366654892264218
1.232568760783518
1.5262499999999983
2.2102695603227223
0.8372189153439155
0.9856882441919094
1.400137268359642
1.1356275303643724
1.0734463276836164
0.815781813296312
1.088667614983405
0.7217364809368624
0.8453900709219857
1.1949282786885247
1.2539762741652019
1.099252482900281
1.4592592592592597
1.2772362385321099
1.4777637439340559
0.9645853835396485
0.7257264827980304
0.7323893099321898
0.7068193531761373
1.7302573203194325
1.6245769330903435
1.145831254780671
1.0026348253857045
0.8261831881327993
0.37553213689482484
1.1011836578846876
0.9465126230209671
0.9394238200570318
0.8967365325839767
0.9654304389490396
0.8709293519420105
0.7036993356134764
0.9970486760610215
0.8305378061767839
1.3192369570213762
1.1841736982918292
1.0601783668793974
0.5147895958313266
0.8676285083569847
0.9082568807339448
0.8680737704918029
1.145673813169984
0.9499278276833386
1.4608058958652361
1.050666666666666
0.7119565217391298
1.01179620784484
1.2200250388403697
