Case Count:
 [42, 6, 276, 70, 47, 290, 262, 199, 211, 106, 203, 256, 231, 303, 139, 280, 209, 60, 275, 220, 134, 190, 174, 78, 241, 293, 132, 179, 217, 331, 373, 114, 18, 357, 298, 249, 332, 324, 235, 282, 289, 319, 321, 206, 320, 382, 355, 172, 286, 214, 197, 167, 371, 302, 165, 303, 326, 232, 218, 316, 99, 372, 216, 359, 162, 276, 262, 147, 291, 316, 342, 271, 283, 295, 206, 270, 107, 259, 319, 143, 279, 324, 367, 352, 338, 239, 286, 375, 295, 209, 215, 349, 396, 280, 282, 324, 312, 348, 262, 320, 280, 369, 223, 386, 322, 306, 387, 182, 330, 316, 264, 331, 243, 315, 310, 393, 377, 261, 272, 377, 405, 204, 315, 400, 326, 287, 349, 410, 380, 312, 380, 381, 364, 398, 323, 384, 330, 382, 374, 328, 386, 403, 340, 374, 345, 243, 401, 320, 334, 309, 395, 407, 411, 385, 406, 359, 378]

Control Count:
 [86, 11, 468, 89, 87, 470, 438, 303, 261, 233, 395, 518, 470, 513, 268, 442, 276, 140, 459, 306, 240, 289, 243, 130, 419, 440, 201, 319, 316, 588, 638, 175, 25, 571, 490, 425, 420, 485, 424, 453, 474, 490, 510, 376, 497, 563, 522, 340, 535, 441, 245, 284, 602, 435, 289, 512, 541, 474, 264, 453, 158, 597, 399, 515, 360, 486, 556, 279, 470, 523, 558, 461, 455, 469, 306, 482, 214, 355, 455, 221, 484, 521, 590, 510, 545, 382, 508, 617, 473, 304, 424, 539, 670, 515, 395, 545, 404, 556, 399, 489, 505, 605, 376, 642, 550, 525, 632, 266, 547, 519, 440, 554, 432, 477, 462, 665, 589, 367, 433, 610, 682, 367, 539, 660, 557, 310, 597, 655, 544, 524, 590, 660, 656, 651, 487, 605, 506, 625, 611, 604, 662, 642, 589, 657, 507, 479, 628, 481, 538, 491, 633, 673, 669, 605, 675, 584, 614]

Cluster Number:
 [1, 2, 3, 4, 5, 6, 7, 8, 9, 10, 11, 12, 13, 14, 15, 16, 17, 18, 19, 20, 21, 22, 23, 24, 25, 26, 27, 28, 29, 30, 31, 32, 33, 34, 35, 36, 37, 38, 39, 40, 41, 42, 43, 44, 45, 46, 47, 48, 49, 50, 51, 52, 53, 54, 55, 56, 57, 58, 59, 60, 61, 62, 63, 64, 65, 66, 67, 68, 69, 70, 71, 72, 73, 74, 75, 76, 77, 78, 79, 80, 81, 82, 83, 84, 85, 86, 87, 88, 89, 90, 91, 92, 93, 94, 95, 96, 97, 98, 99, 100, 101, 102, 103, 104, 105, 106, 107, 108, 109, 110, 111, 112, 113, 114, 115, 116, 117, 118, 119, 120, 121, 122, 123, 124, 125, 126, 127, 128, 129, 130, 131, 132, 133, 134, 135, 136, 137, 138, 139, 140, 141, 142, 143, 144, 145, 146, 147, 148, 149, 150, 151, 152, 153, 154, 155, 156, 157]

Odds Ratio:

0.7897604123952903
0.9032122611799287
0.9406952965235174
1.3620169909564266
0.883386113065916
1.0683992574610879
0.980058303020922
1.1630225522552253
1.6558613967869868
0.6762556547964274
0.7251555460201673
0.567124501550731
0.6096358428805237
0.9337375300997589
0.7952736318407961
1.1394746577876436
1.4881537492123509
0.6649076517150395
0.9827169350124876
1.3853821589518611
0.8933333333333332
1.159100068092439
1.310505474027487
0.9939058171745151
0.8976278296087368
1.313574097135741
1.1273275317224947
0.882698336146612
1.27443266050861
0.7297178130511465
0.7972356796808211
1.1084307692307693
1.2022802850356293
1.197065482038358
1.026545086119554
0.9343281733746127
2.2753894080996893
1.411600179291798
0.8259341472438031
1.0903952419116718
1.0324331926863572
1.2911904761904762
1.1628115653040882
0.8276869692265544
1.2498520534974555
1.964102084696644
1.667806969531107
0.7351398986560918
0.674338769775823
0.6189770723104058
1.604840613931523
0.9598695111847556
1.1419288645690842
1.4847889923651314
0.9147450306872429
0.9399126838235291
0.9972028200808075
0.6005829715240834
1.7337172631290276
1.5596116226062917
1.050446760982874
1.2183304582614571
0.7986783101250884
1.855995145631067
0.5978339350180506
0.8431417102173752
0.4579116367922611
0.8101708646339666
1.0793271995399654
1.0070108349267046
1.0741602926504819
0.934265571738457
1.0884615384615386
1.1313225538971805
1.2192768380599732
0.8153895258906433
0.7740963855421685
1.5118466353677618
1.5950000000000002
1.1083068362480128
0.879080578512397
1.1193857965451057
1.1922316384180796
1.7294568402073474
1.1236987918975383
1.0823821989528795
0.8095311615459834
1.054117706645057
1.1044309372797743
1.2673913043478262
0.6881738544474393
1.3597402597402592
0.7972231863936138
0.7283385235391097
1.5142465532532456
0.9460231352213803
1.9702190691510086
1.1830184204284926
1.220537218753097
1.314292588200925
0.7776324802291552
1.0717119244391973
0.9665090622537431
0.9756068888497035
0.890691530691531
0.8896240601503759
1.1304771178188897
1.2299815687077615
1.0017946094627914
1.0345724266491216
0.9874285714285714
0.9625952667468917
0.8494897959183675
1.3367315885575164
1.3836034766267322
0.8093821510297485
1.4349909633605347
1.4423200563328538
1.1096513670119348
1.17625594923321
0.803432810074176
0.8538929793031479
0.8907624633431082
1.0567210567210565
0.8856865953829781
2.5459677419354843
0.8509026614554254
1.5756778099499853
2.178464606181456
0.9564224319288331
1.5064636598678542
0.6768025078369907
0.532682926829268
1.1481772882244943
1.3779473199745103
1.4194440270473325
1.3282808137215798
1.1044491228070181
1.1018003273322423
0.6066463814808184
0.72610157897737
1.4995673243336793
0.8104817272898767
0.621800725910315
1.5998363338788872
0.6444868135145498
1.6803553469661403
1.3808766749943224
1.1233846698530712
1.1473131756227475
1.3473000143616254
1.0394223625557193
1.2945227418321585
1.4494949494949492
0.9660157126823783
1.106506849315068
1.150531318417259
