Case Count:
 [82, 205, 278, 279, 360, 281, 289, 236, 281, 259, 306, 296, 318, 337, 177, 311, 375, 279, 247, 194, 269, 313, 8, 180, 347, 316, 223, 264, 271, 297, 280, 272, 297, 254, 234, 364, 181, 304, 263, 267, 237, 232, 317, 348, 288, 196, 300, 345, 242, 289, 242, 321, 352, 372, 337, 309, 295, 287, 314, 319, 321, 281, 228, 247, 220, 337, 320, 323, 301, 384, 351, 355, 262, 108, 288, 353, 303, 244, 228, 86, 42, 62, 200, 280, 19, 361, 218, 391, 253, 295, 304, 322, 341, 267, 264, 150, 201, 286, 397, 63, 296, 129, 368, 266, 366, 244, 195, 377, 263, 389, 396, 312, 329, 298, 254, 299, 251, 317, 375, 388, 307, 310, 155, 257, 205, 286, 289, 262, 309, 394, 177, 261, 302, 52, 330, 380, 266, 354, 327, 305, 326, 306, 242, 213, 221, 301, 297, 306, 178, 312, 274, 325, 323, 340, 249, 364, 316, 402, 326, 243, 338, 373, 405, 398, 302, 319, 389, 380, 343, 278, 304, 401, 403, 201, 316, 231, 239, 377, 380, 243, 216, 300, 388, 314, 399, 305, 203, 213, 331, 402, 395, 411, 393, 394, 323, 393, 340, 392, 336, 367, 260, 405, 204, 400, 355, 413, 337, 306, 324, 328, 411, 417, 421, 385, 415, 361, 359, 410, 383, 407, 414, 369, 413, 424, 411, 413, 426, 416, 418]

Control Count:
 [132, 373, 474, 475, 623, 469, 465, 390, 527, 459, 518, 518, 478, 605, 310, 514, 604, 446, 379, 284, 362, 465, 19, 270, 548, 542, 438, 404, 469, 492, 526, 526, 560, 440, 417, 629, 307, 459, 480, 490, 438, 395, 541, 578, 452, 352, 464, 584, 381, 520, 369, 516, 590, 589, 515, 581, 451, 376, 457, 496, 519, 462, 382, 457, 450, 621, 584, 551, 521, 636, 550, 572, 444, 135, 517, 498, 377, 403, 427, 122, 60, 99, 388, 476, 55, 516, 403, 657, 435, 444, 609, 543, 551, 402, 417, 324, 355, 469, 647, 130, 538, 236, 613, 492, 588, 377, 352, 620, 495, 583, 650, 515, 529, 494, 362, 475, 422, 484, 560, 625, 531, 544, 293, 395, 416, 442, 486, 436, 532, 659, 257, 315, 476, 98, 522, 585, 420, 565, 511, 531, 544, 514, 410, 412, 323, 481, 468, 501, 310, 548, 449, 508, 553, 585, 429, 574, 552, 651, 481, 371, 499, 600, 682, 673, 502, 544, 638, 637, 577, 463, 464, 642, 665, 354, 536, 420, 436, 559, 656, 351, 350, 456, 615, 479, 621, 517, 350, 414, 555, 682, 656, 678, 667, 669, 554, 662, 435, 654, 552, 691, 463, 635, 441, 672, 540, 690, 511, 448, 590, 551, 669, 683, 692, 622, 697, 576, 507, 665, 609, 624, 683, 629, 671, 691, 662, 687, 696, 699, 692]

Cluster Number:
 [1, 2, 3, 4, 5, 6, 7, 8, 9, 10, 11, 12, 13, 14, 15, 16, 17, 18, 19, 20, 21, 22, 23, 24, 25, 26, 27, 28, 29, 30, 31, 32, 33, 34, 35, 36, 37, 38, 39, 40, 41, 42, 43, 44, 45, 46, 47, 48, 49, 50, 51, 52, 53, 54, 55, 56, 57, 58, 59, 60, 61, 62, 63, 64, 65, 66, 67, 68, 69, 70, 71, 72, 73, 74, 75, 76, 77, 78, 79, 80, 81, 82, 83, 84, 85, 86, 87, 88, 89, 90, 91, 92, 93, 94, 95, 96, 97, 98, 99, 100, 101, 102, 103, 104, 105, 106, 107, 108, 109, 110, 111, 112, 113, 114, 115, 116, 117, 118, 119, 120, 121, 122, 123, 124, 125, 126, 127, 128, 129, 130, 131, 132, 133, 134, 135, 136, 137, 138, 139, 140, 141, 142, 143, 144, 145, 146, 147, 148, 149, 150, 151, 152, 153, 154, 155, 156, 157, 158, 159, 160, 161, 162, 163, 164, 165, 166, 167, 168, 169, 170, 171, 172, 173, 174, 175, 176, 177, 178, 179, 180, 181, 182, 183, 184, 185, 186, 187, 188, 189, 190, 191, 192, 193, 194, 195, 196, 197, 198, 199, 200, 201, 202, 203, 204, 205, 206, 207, 208, 209, 210, 211, 212, 213, 214, 215, 216, 217, 218, 219, 220, 221, 222, 223, 224, 225, 226, 227, 228, 229]

Odds Ratio:

1.0370936253289196
0.8337916179739236
0.9252823859318081
0.9287763157894737
0.768027307637605
0.9821462308709615
1.0897060931899645
1.0075533661740559
0.6783200826267625
0.8432703945775841
0.9327372485267219
0.8391608391608391
1.3745288564611504
0.6717063684978122
0.9109332676680617
1.011581955252918
1.2029180463576157
1.1025504484304933
1.1846278583992962
1.2379419373383158
1.5998375040623987
1.4050008533879503
0.6926364635486627
1.1788931788931787
1.2388924151063154
0.8816488164881645
0.6835574158633522
1.2098444130127295
0.8908137882018479
1.0032634833390586
0.6762799818255735
0.6254866692470574
0.6274647887323942
0.8986732186732188
0.8513072468854186
0.7638791732909374
0.962060954978158
1.3197127410635034
0.7720643939393937
0.7539867109634549
0.7768208327682086
0.9448541552008809
0.8981394503196869
0.9924331723639684
1.1646252124479868
0.8615787504676391
1.22798313073679
0.9049839696881373
1.1188030430206375
0.7706666666666666
1.1951357077022546
1.1176586519511233
0.9463471654003505
1.3102906520031425
1.366476299257567
0.6013901760889709
1.2582378664695737
1.7676371780515117
1.4896105032822755
1.2434139784946239
1.0954736945233665
1.0239739163789798
0.9787350189821593
0.7628669766593729
0.6205986808726536
0.5692747308263082
0.6630597444457236
0.894470868014269
0.866602687140115
1.0099485420240137
1.2908677685950414
1.1525974025974024
0.9468112179976583
1.4332326283987915
0.7784082903147296
1.895722424582049
2.0742900608519266
1.0090984284532671
0.7617123766607102
1.2101425718664378
1.1778337531486145
1.0448784931543553
0.7332959496182546
0.9322974472807992
0.5535497835497836
1.9015106340687726
0.7955043059407383
0.8802955352612886
0.9161908293165245
1.3103728728728723
0.4400170285227755
0.9376524846138107
1.1177636208748474
1.258851093370357
1.1250976361767728
0.6471869793669102
0.8873594508225825
1.0322895327285142
1.183373813203798
0.7707446808510637
0.7310161957002104
0.8675232367413888
0.9723594421340443
0.7375346585835798
1.193737769080235
1.1649867374005303
0.8536698956780921
1.0592091571279922
0.703386134067952
1.9349914236706685
1.1051162790697668
1.0160691078663706
1.1251245918542707
1.0011198208286671
1.3881439450500224
1.137548872180451
0.9681103156196428
1.3099173553719006
1.7578125
1.2537725490196086
0.8628516806482909
0.8128134974920199
0.8102797673412488
1.1904437334817084
0.657051282051282
1.2095347943098813
0.9593689986282581
0.9913440107811122
0.8757085020242915
0.9167425392008092
1.238111503846496
1.9224719101123593
1.1670244740231857
0.8637873754152825
1.1947695876832227
1.5743879472693034
1.127552986512524
1.201499219156689
1.2398483365949124
0.8444360120302443
0.9757938573659554
0.9579005880459901
0.9527794973381205
0.7228713807028097
1.2711250603573157
1.1200548374461419
1.1619718309859153
1.0424564405024537
0.9195896675318254
0.8069429277544685
1.0318687993520956
1.2346318552286233
0.8811654299432565
0.839506172839506
0.9133971291866028
1.302113821138211
0.8191351478732177
1.2850915431560583
1.4814637646496058
1.1930111667308436
1.5357844401674636
1.2056565656565663
0.803432810074176
0.7933171456528822
0.9924099223543781
0.8991421568627452
1.0974921630094046
0.9200968523002423
0.9350267186597345
0.9882886387722526
1.2812260536398468
1.4135923921954419
1.0605263157894735
0.8922518159806295
0.9202766654532212
0.8144230769230771
0.8003211009174312
1.8383345836459115
0.7069036792062836
1.3316326530612241
1.0460986547085198
1.2873911397198028
1.397863860991551
1.3058204592901876
1.718719806763285
0.9289384797482604
0.9289830508474574
0.7148262152109787
0.9553386720053391
0.7328207973369261
0.9853104212860307
1.082490518331225
0.7813375920735288
0.772164092343465
0.8745487364620942
0.8517667148298963
2.3132474166956927
0.9437178736417461
1.0401013085690167
0.27293375140697895
0.8313524862145106
1.7445576655859185
0.5649442755825735
0.8547008547008539
1.4713403880070541
0.8748049052396877
1.4030351866774111
1.43796992481203
0.6589830508474577
0.9492323539510475
1.2945227418321585
1.2488353520564368
1.2167630057803493
1.215017268071931
0.7690698230511718
1.2213319088319088
1.9560897435897433
1.3393829401088924
1.3364121510673235
2.1197916666666665
1.091068814055636
0.8296843061548943
1.349363751003095
1.5135552339604468
1.463422529132498
0.9479901466801025
1.5066312997347477
0.7503887541207939
1.0355078447564017
