Case Count:
 [0, 179, 234, 181, 1, 18, 6, 2, 10, 1, 17, 11, 0, 0, 2, 14, 4, 4, 220, 2, 4, 30, 17, 5, 7, 35, 1, 25, 63, 18, 10, 7, 1, 5, 11, 1, 1, 30, 10, 0, 55, 5, 14, 3, 0, 0, 1, 6, 4, 0, 11, 4, 0, 14, 6, 7, 0, 279, 7, 5, 36, 13, 0, 38, 13, 42, 48, 4, 162, 100, 2, 81, 110, 4, 3, 11, 104, 1, 23, 22, 128, 168, 242, 216, 0, 221, 307, 73, 3, 197, 0, 124, 0, 38, 166, 1, 158, 29, 6, 233, 273, 245, 272, 6, 128, 0, 191, 259, 43, 3, 160, 150, 145, 68, 106, 145, 18, 18, 14, 50, 334, 2, 14, 227, 28, 0, 222, 126, 326, 5, 37, 180, 147, 150, 77, 154, 0, 11, 32, 206, 214, 202, 109, 84, 133, 134, 142, 252, 221, 222, 81, 237, 229, 184, 235, 45, 196, 267, 220, 259, 223, 118, 155, 208, 229, 193, 234, 121, 71, 72, 180, 180, 228, 90, 140, 224, 90, 202, 182, 245, 55, 331, 146, 198, 221, 78, 188, 52, 69, 123, 215, 25, 168, 142, 225, 168, 210, 202, 168, 285, 183, 23, 225, 333, 74, 218, 64, 193, 182, 133, 100, 183, 260, 30, 237, 279, 193, 129, 144, 177, 97, 124, 194, 194, 176, 237, 88, 35, 212, 154, 217, 283, 247, 182, 218, 231, 143, 228, 101, 221, 243, 149, 200, 157, 243, 163, 229, 210, 214, 166, 153, 259, 90, 233, 233, 202, 195, 187, 224, 220, 223, 207, 140, 122, 162, 75, 220, 228, 232, 226, 183, 199, 215, 231, 205, 144, 149, 202, 190, 187, 181, 219, 231, 272, 199, 221, 218, 163, 433]

Control Count:
 [0, 319, 357, 316, 3, 32, 10, 3, 20, 3, 41, 33, 0, 2, 2, 26, 4, 10, 395, 5, 5, 72, 25, 19, 12, 70, 9, 40, 98, 28, 11, 16, 0, 2, 18, 4, 0, 49, 21, 1, 102, 13, 37, 6, 5, 6, 1, 6, 10, 0, 10, 5, 0, 11, 7, 8, 2, 448, 27, 18, 67, 31, 2, 59, 21, 72, 55, 1, 242, 159, 4, 136, 169, 8, 11, 17, 200, 2, 57, 58, 186, 311, 190, 391, 0, 362, 442, 109, 2, 326, 7, 225, 0, 74, 222, 4, 325, 35, 13, 382, 427, 393, 421, 14, 251, 0, 338, 471, 78, 9, 314, 228, 229, 97, 169, 230, 22, 25, 29, 68, 552, 8, 24, 405, 35, 6, 379, 177, 517, 11, 45, 309, 254, 263, 163, 256, 1, 31, 74, 319, 417, 338, 161, 116, 293, 240, 260, 424, 375, 391, 161, 347, 389, 282, 390, 73, 332, 433, 396, 388, 336, 221, 257, 343, 352, 328, 389, 215, 110, 119, 259, 374, 330, 134, 247, 337, 135, 339, 271, 357, 100, 511, 218, 289, 360, 109, 424, 91, 122, 217, 382, 44, 352, 272, 356, 226, 351, 343, 285, 438, 307, 27, 354, 540, 136, 316, 72, 342, 293, 207, 180, 286, 453, 64, 383, 499, 305, 220, 216, 324, 127, 188, 359, 333, 285, 408, 184, 70, 368, 249, 259, 438, 395, 284, 341, 374, 321, 289, 275, 370, 374, 202, 435, 266, 327, 258, 358, 325, 360, 282, 297, 436, 150, 340, 399, 367, 342, 308, 373, 345, 354, 451, 229, 211, 263, 131, 417, 351, 370, 424, 409, 348, 381, 411, 364, 266, 227, 395, 350, 325, 270, 377, 365, 414, 423, 370, 363, 270, 716]

Cluster Number:
 [2, 3, 4, 5, 6, 7, 8, 9, 10, 11, 12, 15, 16, 17, 18, 19, 20, 21, 22, 23, 24, 25, 26, 27, 28, 29, 30, 31, 32, 33, 34, 35, 36, 37, 38, 39, 41, 42, 43, 44, 47, 48, 49, 51, 52, 54, 55, 56, 58, 59, 60, 61, 62, 64, 65, 66, 67, 68, 69, 70, 71, 72, 73, 74, 75, 76, 77, 78, 79, 80, 81, 82, 83, 84, 86, 87, 88, 89, 90, 92, 94, 95, 96, 97, 98, 99, 100, 101, 102, 103, 104, 105, 107, 108, 109, 110, 111, 112, 113, 114, 115, 116, 117, 118, 119, 120, 121, 122, 123, 124, 125, 127, 128, 129, 130, 131, 132, 133, 134, 135, 136, 138, 139, 140, 141, 142, 143, 144, 145, 146, 147, 148, 149, 150, 151, 152, 153, 154, 155, 156, 157, 158, 159, 160, 161, 162, 163, 164, 165, 166, 167, 168, 169, 170, 171, 172, 173, 174, 175, 176, 177, 178, 179, 180, 181, 182, 183, 184, 185, 186, 187, 188, 189, 190, 191, 192, 193, 194, 195, 196, 197, 198, 199, 200, 201, 202, 203, 204, 205, 206, 207, 208, 209, 210, 211, 212, 213, 214, 215, 216, 217, 218, 219, 220, 221, 222, 223, 224, 225, 226, 227, 228, 229, 230, 231, 232, 233, 234, 235, 236, 237, 238, 239, 240, 241, 242, 243, 244, 245, 246, 247, 248, 249, 250, 251, 252, 253, 254, 255, 256, 257, 258, 259, 260, 261, 262, 263, 264, 265, 266, 267, 268, 269, 270, 271, 272, 273, 274, 275, 276, 277, 278, 279, 280, 281, 282, 283, 284, 285, 286, 287, 288, 289]

Odds Ratio:

nan
0.882698336146612
1.1862266857962698
0.9146796192719063
0.5517503805175038
0.9299287410926366
0.9949191685912241
1.1060259344012204
0.8251748251748251
0.5517503805175038
0.6750086695179749
0.5412772585669782
nan
0.0
1.6613272311212812
0.8894117647058825
1.6643678160919537
0.6602298850574713
0.8468874631524193
0.6617848970251716
1.3296551724137933
0.6682966585167075
1.1327962085308056
0.4299054086829978
0.966820987654321
0.8143564356435645
0.18239472349061392
1.038647342995169
1.077127659574468
1.0688836104513064
1.5193897012078832
0.7210648148148148
inf
4.182027649769585
1.0137590861889927
0.41324200913242004
inf
1.0164163464896965
0.7847707847707848
0.0
0.8790339052287583
0.6336405529953917
0.6151987281399046
0.8279816513761469
0.0
0.0
1.6598173515981736
1.66743648960739
0.6602298850574713
nan
1.8453271028037384
1.3296551724137933
nan
2.14716577540107
1.4272517321016165
1.4583333333333335
0.0
1.08984375
0.4206961591220851
0.4544290834613416
0.8813006925669419
0.6861275177949417
0.0
1.0745170970877889
1.0273865414710486
0.9638958858102435
1.5021622878400374
6.685057471264368
1.174508458394248
1.0556390419472736
0.8283752860411898
0.9848833388103846
1.10591536123451
0.8275862068965516
0.4484987489574646
1.074903793293018
0.8195820895522388
0.8287671232876711
0.6508518893387316
0.6094434796989995
1.199322338623241
0.8312193732869805
3.4783863211327812
0.8348376589863866
nan
1.0249632520654877
1.5049019607843137
1.1326765929713742
2.4977064220183487
1.0038280180499923
0.0
0.8800282186948853
nan
0.8375008424883736
1.3859353859353858
0.41324200913242004
0.6972241992882562
1.4004878048780487
0.7621247113163973
1.0244751690133684
1.1592929093422872
1.0765063875554157
1.1877053493962193
0.7066974595842955
0.782157543459602
nan
0.8886476426799006
0.785126209011559
0.904882154882155
0.5496941896024465
0.7561125950277379
1.1382261883081406
1.0746962540474705
1.192319448689805
1.0528990528990527
1.0678793256433008
1.3720578708702225
1.2022802850356293
0.7939959432048683
1.2475427188870407
1.0142167011732233
0.4118993135011441
0.9662745098039215
0.853959934777545
1.3489051094890512
0.0
0.9420619384020527
1.2531542751935882
1.1774190787559269
0.7509426057813157
1.3969596462133775
0.9423848258799714
0.9394617624851689
0.9176786348625784
0.7372979019082805
0.996271929824561
0.0
0.5778564968344889
0.6948668570290192
1.1335584646225463
0.7093418598454572
0.9834469328140212
1.1632411067193678
1.2483729966002917
0.6452854179214348
0.8933333333333332
0.8606060606060606
0.9661991726364643
0.9542874617737006
0.8817518592289654
0.7968180714112219
1.2882272377093615
0.9503121557106133
1.1412042831316924
0.9983660130718955
1.024789653014394
0.962070504239179
1.0575890219668078
0.8422120750887878
1.2608820160366552
1.2044753086419753
0.8433205057724025
1.0002329149997258
1.010689990281827
1.1648268398268398
0.9567717628395797
0.9947457520847703
0.9078982009653357
1.0839426877470355
1.0040070524122455
1.2584785557758529
0.6578159519335991
1.3032313657906078
1.143138177308301
0.9118113008273191
1.208805465461321
1.1327602674307544
0.9780316891328429
1.1942222924174766
1.3124115625631694
0.8994791666666667
1.3014967021816342
1.1657325359301123
1.248000689169981
1.036289500509684
1.2270197463722077
0.5370217244230625
0.9405684754521965
0.9263181214000886
0.916598611678236
0.8693670531039642
0.9387351778656128
0.6621938946662194
0.8015448603683898
1.0986558857502888
1.3770042125200013
0.9849587578845218
0.9566864720571773
0.9636045834142554
1.225315780110301
0.9802906148208469
1.4354522792022792
1.110803104704578
1.0937106918238992
0.8825141015310235
1.286098860186723
1.5549629629629629
0.8854894689297771
1.0513804597548504
1.0939503015376844
0.898066207800721
1.104758522727273
0.8817689641989467
0.761002444987775
1.056859602409327
0.8002379759519039
1.0880847660935624
0.9608797653958945
1.1570621468926552
0.8423805484874186
1.3421973569093337
1.1306990881458965
0.81389346825081
0.9392657964086536
1.0401974518044161
0.9202096680256261
0.7412362194970891
0.8143564356435645
0.9136180808274277
1.0394701613471429
1.770026783540297
1.2011181360496432
1.0845332278481015
1.107140899873952
1.1194915141784212
1.0511877828054301
0.6125389408099688
1.641417537184933
0.4922323830016138
0.9808827175799656
1.1734966713958312
1.3378968931375894
0.5636512287789159
0.9669652855543113
1.5203613555513948
1.0758622626671157
1.1270284650172921
1.1371179039301311
0.9722469135802468
0.9616813446600683
0.7763297308751854
0.9636595310907237
0.9936962750716333
1.2907481439177613
0.9326349855220574
0.8383862771473574
0.9019988495829739
1.0119047619047619
0.9915830163975312
1.115214082456489
1.0907355095208204
0.5480063460509211
1.0202859604796193
0.9429934067905569
1.0340283592538195
0.938994211894975
0.7492088520964053
1.160610847814639
1.0844235539887717
0.7607405438922845
0.5575431693154035
0.9054118773946358
0.8741680727409075
0.8565763615946098
0.876068376068376
0.8478144513826941
1.1339662767735075
0.7185386957218395
0.8240963855421687
0.9201587301587302
1.190037324145851
0.9268025078369905
1.1044915700737619
1.2353264485521716
0.597862490149724
0.9808827175799656
0.9918601897211522
1.0017981749865807
1.2094972067039156
