Case Count:
 [179, 0, 24, 0, 0, 96, 0, 201, 13, 0, 166, 319, 180, 0, 10, 0, 101, 137, 204, 216, 0, 0, 224, 140, 5, 0, 0, 309, 193, 264, 209, 85, 314, 0, 252, 251, 220, 211, 212, 193, 26, 79, 155, 1, 190, 221, 233, 160, 0, 295, 217, 321, 167, 259, 202, 190, 92, 120, 160, 252, 176, 104, 48, 157, 110, 178, 96, 143, 228, 110, 92, 204, 32, 198, 216, 139, 109, 176, 134, 216, 184, 262, 257, 224, 218, 94, 123, 229, 205, 162, 102, 233, 179, 155, 192, 200, 265, 233, 125, 76, 158, 213, 117, 52, 246, 140, 147, 137, 278, 226, 158, 263, 242, 199, 271, 80, 113, 217, 171, 153, 223, 112, 63, 74, 16, 130, 182, 211, 216, 113, 267, 121, 194, 243, 152, 141, 95, 186, 238, 204, 89, 139, 110, 299, 218, 211, 191, 154, 184, 194, 139, 142, 261, 203, 224, 286, 208, 185, 100, 224, 217, 215, 118, 170, 213, 394, 116, 15, 249, 200, 249, 155, 192, 183, 262, 149, 243, 200, 81, 183, 72, 229, 152, 220, 125, 116, 184, 195, 156, 88, 166, 140, 218, 194, 250, 269, 171, 209, 182, 268, 177, 218, 212, 180, 141, 200, 217, 210, 119, 237, 213, 86, 266, 241, 247, 127, 222, 227, 38, 363, 114, 116, 225, 249, 260, 229, 143, 201, 231, 206, 200, 221, 243, 281, 204, 345, 164, 138, 105, 229, 229, 223, 231, 269, 278, 209, 207, 166, 303, 236, 178, 168, 279, 220, 162, 223, 166, 231, 150, 226, 148, 207, 272, 140, 268, 229, 205, 152, 217, 190, 125, 96, 226, 178, 185, 187, 238, 255, 291, 240, 186, 132, 202, 249, 235, 151, 173, 228, 223, 130, 208, 200, 272, 239, 281, 120, 208, 209, 211, 247, 216]

Control Count:
 [319, 0, 21, 0, 1, 157, 0, 375, 24, 0, 285, 538, 360, 0, 19, 0, 183, 261, 358, 330, 0, 0, 399, 203, 15, 0, 0, 319, 372, 425, 358, 148, 553, 0, 402, 419, 352, 362, 381, 321, 42, 155, 356, 4, 388, 368, 382, 263, 0, 370, 384, 538, 391, 471, 328, 325, 129, 164, 310, 430, 344, 180, 127, 284, 192, 263, 147, 243, 332, 197, 127, 346, 64, 307, 373, 253, 152, 284, 187, 357, 365, 381, 389, 363, 419, 134, 203, 367, 359, 242, 191, 372, 347, 249, 252, 329, 412, 329, 230, 143, 253, 345, 216, 95, 403, 233, 264, 223, 411, 383, 169, 402, 351, 317, 467, 175, 185, 365, 292, 254, 351, 182, 106, 123, 46, 203, 263, 330, 315, 168, 433, 238, 334, 309, 276, 241, 148, 319, 402, 341, 128, 304, 178, 474, 288, 383, 330, 265, 315, 311, 270, 250, 416, 347, 378, 427, 330, 304, 180, 377, 356, 382, 279, 251, 381, 652, 183, 15, 430, 369, 359, 228, 345, 360, 442, 257, 420, 343, 142, 309, 105, 362, 270, 341, 210, 213, 336, 326, 257, 126, 272, 242, 378, 308, 413, 406, 271, 389, 242, 438, 324, 380, 342, 291, 238, 338, 381, 360, 192, 349, 317, 168, 460, 430, 395, 254, 362, 498, 65, 599, 196, 205, 401, 384, 404, 364, 316, 435, 345, 354, 385, 337, 374, 470, 335, 518, 273, 179, 190, 354, 358, 421, 397, 487, 473, 384, 302, 300, 505, 439, 262, 261, 452, 364, 304, 396, 271, 364, 286, 361, 266, 451, 479, 230, 411, 303, 331, 259, 265, 349, 179, 154, 424, 239, 296, 390, 412, 426, 440, 310, 387, 209, 395, 399, 351, 142, 243, 379, 313, 227, 328, 355, 414, 359, 444, 212, 342, 369, 336, 414, 358]

Cluster Number:
 [1, 3, 6, 8, 9, 11, 12, 13, 15, 17, 18, 19, 20, 23, 24, 25, 28, 29, 30, 31, 32, 33, 35, 36, 37, 38, 39, 40, 41, 42, 43, 44, 45, 46, 47, 48, 50, 51, 52, 53, 54, 55, 56, 57, 58, 59, 60, 61, 62, 63, 64, 65, 66, 67, 68, 69, 70, 71, 72, 73, 74, 75, 76, 77, 78, 79, 80, 81, 82, 83, 84, 85, 86, 87, 88, 89, 90, 91, 92, 93, 94, 95, 96, 97, 98, 99, 100, 101, 102, 103, 104, 105, 106, 107, 108, 109, 110, 111, 112, 113, 114, 115, 116, 117, 118, 119, 120, 121, 122, 123, 124, 125, 126, 127, 128, 129, 130, 131, 132, 133, 134, 135, 136, 137, 138, 139, 140, 141, 142, 143, 144, 145, 146, 147, 148, 149, 150, 151, 152, 153, 154, 155, 156, 157, 158, 159, 160, 161, 162, 163, 164, 165, 166, 167, 168, 169, 170, 171, 172, 173, 174, 175, 176, 177, 178, 179, 180, 181, 182, 183, 184, 185, 186, 187, 188, 189, 190, 191, 192, 193, 194, 195, 196, 197, 198, 199, 200, 201, 202, 203, 204, 205, 206, 207, 208, 209, 210, 211, 212, 213, 214, 215, 216, 217, 218, 219, 220, 221, 222, 223, 224, 225, 226, 227, 228, 229, 230, 231, 232, 233, 234, 235, 236, 237, 238, 239, 240, 241, 242, 243, 244, 245, 246, 247, 248, 249, 250, 251, 252, 253, 254, 255, 256, 257, 258, 259, 260, 261, 262, 263, 264, 265, 266, 267, 268, 269, 270, 271, 272, 273, 274, 275, 276, 277, 278, 279, 280, 281, 282, 283, 284, 285, 286, 287, 288, 289, 290, 291, 292, 293, 294, 295, 296, 297, 298, 299, 300, 301]

Odds Ratio:

0.882698336146612
nan
1.9469879518072288
nan
0.0
1.0179198157880076
nan
0.7949915966386556
0.895148669796557
nan
0.945157766210398
0.938816604708798
0.7104247104247104
nan
0.8698319224635014
nan
0.889918194457917
0.8116896297987871
0.8971829311779388
1.168202201386058
nan
nan
0.8590779273765808
1.210932995040941
0.5476190476190477
nan
nan
3.0475283337352304
0.7508086371186293
1.0755226890756298
0.9391547243138211
0.9409833562375937
0.7949367088607595
nan
1.0928246468193787
0.9846011273041183
1.0730593607305936
0.9356644373364351
0.8505786996889705
0.9947445736139605
1.0282485875706215
0.8112365591397848
0.5703038455451812
0.41324200913242004
0.6686539974330311
0.991723175109693
1.0244751690133684
1.0139416983523448
nan
1.9821696696696698
0.8756569069069069
0.9607145107428644
0.5291766962539491
0.785126209011559
1.0394154574457137
0.9461847389558233
1.2311060474052231
1.293676886612126
0.7732685859636953
0.933913692326825
0.747015651251216
0.9451409618573798
0.5809452846527177
0.8703925681750075
0.9333839918946303
1.2058039421353963
1.1062057476051645
0.9642281170058951
1.2888711243076576
0.9012080909694045
1.2546688148131342
0.9584061001106875
0.8157248157248156
1.126657385756957
0.9218672982363337
0.8698945981554679
1.2516746411483253
1.0462164622717294
1.2710440957306914
1.006594566077552
0.717614826752619
1.3481323309162623
1.2305856097629877
1.047600743160997
0.7274592598192207
1.2077871512005192
1.0066564818856396
1.0726482418580514
0.9004713949003642
1.174508458394248
0.8509640032936131
1.082419876813864
0.7559188649966746
1.0499038407149726
1.468286099865047
1.0148669099973293
1.1681173976118735
1.3717207188597398
0.8619495984491832
0.8564988730277988
1.0556594882759203
1.0462870334744137
0.8612836438923396
0.8953080375356997
1.0279124185191375
0.9947320826216144
0.8848069738480697
1.0273067442758292
1.3317918725725773
0.9557606737027913
1.8598412263892687
1.2118102668475799
1.319420943786426
1.075039432176656
0.9015371673294585
0.7041782729805014
1.0173934670867189
0.9721214365049984
0.9527192803107748
0.9983205770607345
1.1088820301783264
1.0275229357798166
0.9831894821356884
0.9972157255819133
0.5607976153767088
1.0880482089052559
1.252089775265938
1.1161350345560876
1.2699551569506724
1.1554192229038855
1.0575890219668078
0.7833888272290049
0.934082854698766
1.6811472161680205
0.8673433318184114
0.956125205380267
1.082259585166562
0.9425948182933329
0.960223756837702
0.9851874961003307
1.1919642857142856
0.6462280701754385
1.033093132065162
1.1444544906570222
1.5070387129210658
0.8336196234712107
0.9288611925708702
0.9440847401522673
0.9460566448801743
1.0617232101843952
0.7859506172839507
0.9141548821548822
1.0997191011235954
0.944451228447223
0.9646856158484065
1.3176899174970533
1.0859766496130134
1.0158516369664317
0.898066207800721
0.970008019246191
1.0214090494989372
0.8693670531039642
0.5915876684643643
1.2009952754039608
0.8583722388683717
1.0205862304021809
1.069549476391074
1.6816037735849054
0.9082252141982863
0.8141420326337155
1.3470312270928015
1.1968742278230786
0.8629466643196622
0.7307291666666667
0.957793286806248
0.9416208238293302
0.9091836734693881
0.9392878490308257
0.9337083956251476
0.9693188713592233
1.1640326975476842
1.1025256511444357
0.898386888630791
1.140079540433054
0.9819532908704884
0.8683265745141643
0.8418300653594772
0.9854923061450267
1.0102432250347166
1.197847420069642
1.0193923723335487
0.9403244976367509
0.9133567957097366
1.0797773654916512
1.0088781275221954
1.2549695740365114
1.0759899763176735
0.7918967251592713
1.4221950670482684
1.037677908622393
0.8423805484874186
0.9033579423672301
1.0540742458201304
1.0436651673765074
0.9741413343861035
0.9655616350177019
0.8902485162327683
0.9374090247452692
1.0381510416666668
1.274121251666714
1.2219508109768016
0.8120868744098205
0.8958029655692384
0.843528306319004
1.0845332278481015
0.7596153846153847
1.0343458003411667
0.49452527089490045
0.9665835411471323
1.0286222651788066
0.9520879120879122
0.91622744091218
0.8573775840771902
1.1740131578947368
1.1648874384645167
1.0904761904761906
0.6298751282928499
0.5688496088090409
1.2329013377926423
0.9340704638587811
0.7455306200076074
1.1762039582936326
1.1734966713958312
0.9762725558847293
1.0183804382343602
1.4879240943070728
0.9939393939393941
1.40615081942872
0.8901670343523479
1.1520850147968793
1.1270284650172921
0.7528481569455442
0.92594700639411
0.783053508877884
0.9308891310913556
0.8140398550724638
1.258592144325188
0.8674969474969477
0.9838235294117647
0.7653309693997781
1.213009271445702
1.1092166094074734
1.0647676991150443
1.0045662100456623
0.8156944708341249
0.8655536849981297
1.0253977265047376
1.1105769230769231
0.8021390374331551
1.0786677590938059
0.8833423765599565
0.5480063460509211
0.8466740839823487
1.0138141631525375
1.2088046555968182
1.5295458117240295
1.0507527048312548
0.9590356907430077
1.7078191398946116
0.8286440892509868
1.2209550581788422
1.0432016962629207
0.7607405438922845
1.3953734429856204
1.062992125984252
0.6431216931216932
0.9081775588079023
0.9824709124311082
1.2869778869778874
1.6261954935970175
0.6477923828783284
1.0677181553231614
0.7185386957218395
1.0806094182825483
1.2372912127814089
2.163683489827856
1.298075435502336
0.9950355762858107
1.368846882025796
0.9285317137846968
1.0980889029669518
0.8792503977841946
1.2353264485521716
1.2282869080779943
1.1375869540426502
0.9155970899627371
1.0162780689096478
0.8840697537410159
1.0796783625730995
0.9757196054750403
1.001077235263171
