Case Count:
 [298, 364, 189, 341, 255, 366, 319, 302, 245, 348, 319, 245, 369, 331, 278, 284, 263, 275, 331, 355, 308, 293, 321, 251, 229, 204, 131, 333, 359, 364, 262, 262, 203, 283, 221, 300, 283, 368, 366, 204, 298, 328, 285, 265, 326, 320, 346, 383, 196, 312, 391, 152, 349, 303, 367, 256, 310, 174, 307, 275, 310, 69, 314, 249, 367, 275, 194, 233, 274, 263, 248, 362, 266, 230, 304, 285, 338, 263, 284, 297, 300, 350, 358, 304, 190, 264, 340, 279, 186, 300, 308, 194, 147, 338, 276, 335, 294, 350, 307, 271, 316, 279, 287, 265, 339, 259, 199, 295, 307, 324, 368, 355, 358, 384, 365, 212, 382, 274, 217, 322, 286, 234, 262, 280, 394, 302, 320, 283, 225, 261, 194, 302, 334, 314, 309, 332, 153, 263, 307, 336, 251, 330, 186, 306, 307, 339, 233, 207, 363, 208, 235, 278, 229, 407, 336, 210, 254, 289, 363, 265, 355, 394, 291, 270, 242, 356, 290, 365, 311, 237, 282, 315, 301, 321, 358, 316, 242, 300, 285, 248, 210, 257, 257, 279, 340, 202, 395, 365, 326, 247, 182, 182, 410, 355, 397, 373, 360, 304, 286, 329, 304, 324, 397, 237, 273, 300, 287, 236, 358, 246, 340, 293, 327, 297, 281, 388, 330, 370, 338, 375, 262, 240, 297, 260, 335, 353, 214, 266, 285, 402, 326, 358, 258, 410, 315, 306, 277, 405, 308, 347, 268, 384, 374, 237, 386, 274, 416, 300, 289, 268, 328, 343, 357, 329, 353, 285, 308, 279, 282, 387, 362, 402, 365, 362, 396, 266, 367, 383, 392, 189, 185, 372, 268, 338, 395, 404, 375, 402, 296, 394, 325, 387, 372, 294, 415, 294, 359, 359, 231, 407, 408, 354, 417, 413, 413, 417, 415, 422, 414, 418, 417, 374, 398, 412, 427, 421, 403, 333, 432, 429, 429, 384]

Control Count:
 [467, 633, 298, 597, 427, 593, 524, 512, 400, 588, 521, 403, 552, 520, 479, 477, 434, 456, 559, 609, 564, 496, 527, 389, 333, 339, 236, 569, 626, 630, 388, 477, 366, 506, 376, 485, 495, 634, 598, 329, 470, 557, 495, 451, 533, 511, 570, 617, 380, 477, 604, 254, 568, 507, 587, 427, 503, 331, 490, 482, 552, 129, 525, 430, 610, 433, 340, 384, 508, 441, 404, 476, 451, 399, 609, 486, 539, 438, 459, 470, 519, 588, 570, 496, 280, 453, 549, 451, 328, 412, 505, 291, 254, 541, 479, 591, 463, 549, 477, 478, 491, 439, 492, 462, 533, 454, 332, 420, 502, 546, 611, 550, 610, 628, 630, 375, 640, 473, 403, 530, 484, 423, 436, 475, 668, 524, 552, 505, 434, 435, 293, 478, 523, 559, 514, 545, 233, 443, 529, 561, 429, 522, 330, 466, 494, 562, 517, 333, 595, 381, 434, 482, 379, 664, 569, 360, 440, 484, 597, 451, 601, 651, 492, 448, 386, 588, 477, 635, 506, 377, 451, 534, 476, 471, 471, 519, 407, 476, 414, 413, 368, 412, 414, 477, 559, 333, 646, 596, 481, 517, 266, 310, 665, 559, 631, 623, 619, 486, 465, 507, 464, 579, 664, 420, 518, 495, 474, 398, 575, 390, 575, 511, 520, 489, 428, 615, 512, 638, 526, 670, 434, 428, 462, 395, 553, 563, 417, 440, 514, 685, 548, 674, 395, 676, 524, 525, 465, 678, 486, 610, 456, 653, 636, 417, 663, 468, 667, 515, 499, 430, 526, 566, 618, 578, 586, 434, 509, 438, 501, 643, 604, 668, 592, 607, 664, 432, 635, 638, 664, 397, 392, 629, 449, 572, 633, 665, 664, 659, 499, 660, 532, 630, 592, 452, 697, 460, 576, 505, 405, 624, 680, 549, 680, 687, 649, 701, 701, 696, 701, 675, 696, 612, 646, 657, 700, 689, 665, 580, 712, 711, 710, 618]

Cluster Number:
 [1, 2, 3, 4, 5, 6, 7, 8, 9, 10, 11, 12, 13, 14, 15, 16, 17, 18, 19, 20, 21, 22, 23, 24, 25, 26, 27, 28, 29, 30, 31, 32, 33, 34, 35, 36, 37, 38, 39, 40, 41, 42, 43, 44, 45, 46, 47, 48, 49, 50, 51, 52, 53, 54, 55, 56, 57, 58, 59, 60, 61, 62, 63, 64, 65, 66, 67, 68, 69, 70, 71, 72, 73, 74, 75, 76, 77, 78, 79, 80, 81, 82, 83, 84, 85, 86, 87, 88, 89, 90, 91, 92, 93, 94, 95, 96, 97, 98, 99, 100, 101, 102, 103, 104, 105, 106, 107, 108, 109, 110, 111, 112, 113, 114, 115, 116, 117, 118, 119, 120, 121, 122, 123, 124, 125, 126, 127, 128, 129, 130, 131, 132, 133, 134, 135, 136, 137, 138, 139, 140, 141, 142, 143, 144, 145, 146, 147, 148, 149, 150, 151, 152, 153, 154, 155, 156, 157, 158, 159, 160, 161, 162, 163, 164, 165, 166, 167, 168, 169, 170, 171, 172, 173, 174, 175, 176, 177, 178, 179, 180, 181, 182, 183, 184, 185, 186, 187, 188, 189, 190, 191, 192, 193, 194, 195, 196, 197, 198, 199, 200, 201, 202, 203, 204, 205, 206, 207, 208, 209, 210, 211, 212, 213, 214, 215, 216, 217, 218, 219, 220, 221, 222, 223, 224, 225, 226, 227, 228, 229, 230, 231, 232, 233, 234, 235, 236, 237, 238, 239, 240, 241, 242, 243, 244, 245, 246, 247, 248, 249, 250, 251, 252, 253, 254, 255, 256, 257, 258, 259, 260, 261, 262, 263, 264, 265, 266, 267, 268, 269, 270, 271, 272, 273, 274, 275, 276, 277, 278, 279, 280, 281, 282, 283, 284, 285, 286, 287, 288, 289, 290, 291, 292, 293, 294, 295, 296, 297, 298, 299, 300, 301, 302, 303, 304, 305, 306, 307, 308, 309, 310, 311, 312]

Odds Ratio:

1.1811927650462433
0.7283833596629801
1.0908724832214767
0.7635285269886851
0.9769244476122593
1.1413985077040363
1.0349236641221378
0.9299726277372259
1.0355670103092782
0.9105180533751961
1.0561900191938582
1.018456933821084
1.6807453416149076
1.225925925925926
0.8975998132755872
0.9641441806992629
1.0122800586510263
1.0002139495079163
0.9265719207579671
0.8258073344280238
0.6836662876942231
0.9386875828546176
1.0375486443894129
1.1634988787398128
1.2935077935077939
0.9961212577668987
0.8866938146599164
0.8778558875219684
0.7311900958466447
0.7549629629629624
1.2971052478303917
0.7789029835719954
0.8507687320552005
0.7959106111280027
0.9490532890884247
1.08136171475191
0.8539109039109039
0.7684720309237129
1.089934484812389
1.0527840651878677
1.1601629696695335
0.907176476296764
0.8711137347500983
0.9354053571883678
1.0554716166630698
1.1419362265454132
1.0312771175249953
1.2304063440611255
0.7386614684860298
1.2927252018026045
1.6723233995584985
0.9883398721501276
1.0923317683881062
0.9711538461538461
1.2243753549119822
0.9861148436800141
1.0749456747884782
0.7875277888616544
1.1296536796536791
0.8558091286307056
0.7662060442646893
0.8659333752357007
0.9713066666666664
0.9082252141982863
0.9860200364298727
1.142412549991551
0.9036254501800719
1.0132483818770226
0.719160104986877
0.972492784992785
1.0413146026644546
2.4889228418640172
0.9443625597580197
0.9074120708469738
0.4400170285227755
0.9215167548500884
1.1734602031631733
0.9893887505188874
1.0738070138449647
1.1481270602337426
0.8691312845677214
0.936329588014981
1.2251245397444226
1.053285543608124
1.2208835341365463
0.9157994323557236
1.119758606097404
1.0709950110864745
0.8965583726983516
1.6553747293427394
1.038228402992971
1.1891156462585033
0.9394617624851689
1.1567504255046577
0.8802079997950742
0.7466972536769492
1.1604975050271842
1.28220871451669
1.2238263134489547
0.8436690575811916
1.240077492424618
1.147935649202734
0.9057017543859648
0.8768721699756181
1.2402439024390248
0.8684043073910913
0.9890060240963855
1.5023148148148149
1.047054207412773
0.9391304347826089
0.9925082409349718
1.3677489177489177
0.8549686298320175
1.1117544875506655
0.7672672672672668
0.8791306901615275
0.9214912280701757
0.8952527388045359
0.7882882882882882
1.0281567489114662
0.9423648247177661
0.8230409963674103
0.9913440107811122
0.9379675604104601
0.7864271457085832
0.8581935699559814
0.8573864328340035
0.8010789540492512
0.7122399758818211
0.9876404494382022
1.1755937870028557
1.1529181809852487
1.2468360193025587
0.7594418604651159
0.9896138880574674
1.0418588699305498
1.1365137008913833
0.9613559408988304
0.8749069141318668
0.9710814599449664
0.930528691166989
1.1947695876832227
0.8866690621631336
1.2935557778566589
1.1016746411483251
1.0013167259786475
0.46161574430527125
1.0583643988816402
1.0676470588235292
0.8200793082682847
0.7803605313092981
0.8812659467539499
1.0041588139213469
1.225903614457831
0.9115634651150887
0.9374090247452692
0.8986732186732188
0.9712947658402206
1.0480692938376088
0.9354053571883678
0.8930552254179543
1.035603345280764
0.943144363876071
0.9985207100591716
1.0883985166092425
1.0212277682157196
1.0241582598173709
0.7223877420727811
1.0659893774703557
1.0923523386821439
1.1031960116937591
0.9228887277999275
1.1547314578005115
1.4843463240850696
2.4116274802757456
1.0345724266491216
0.9688571820551517
1.1426153195090984
1.4036325992847734
0.9903274469784364
0.8970951205619898
1.083057718980049
1.0710038753517013
0.9175707547169812
1.0382898754991776
1.011011011011011
1.139529974669294
1.0924179212769813
1.4814637646496058
0.5250342520954222
1.2299815687077615
0.9548889167817246
1.3393829401088924
1.2776854928017713
1.4530601464040445
0.9525025536261498
0.8024375779636407
1.1212924859015394
1.0572492796401718
1.3037296037296042
1.2812260536398468
0.7250281594953822
0.9110728628800919
0.8603960396039607
0.6667209378052751
1.015914541094397
1.0117976904286032
0.9639329653192071
1.1760386473429951
1.1046632124352331
0.9138339920948618
0.8522236817414152
1.167857142857143
1.0222500648060142
1.2465988406482906
1.397863860991551
1.2772362385321099
0.7564399618372635
1.285171102661597
0.5072294776119407
1.0027337342810279
0.845348236509651
1.2042253521126762
1.2245244325012377
1.0193524829600782
1.2029617084555326
0.7093418598454572
1.006410930110352
0.7705038152508968
0.6820280134148747
0.9476132032814419
0.35410484668644876
1.2016784390516821
1.0875331564986723
0.9889805466633832
0.8896240601503759
0.9670914642240811
0.8784487246225917
1.1707347720918544
0.7296151104775479
0.9348517492561812
0.801893359320618
0.8323173681664251
0.8750267113042243
0.7140214576396599
0.9225589225589226
1.6541294570106277
0.8926451072151985
0.8841816967267869
1.0861417108663127
1.1347925872640705
1.022636925795053
0.7749230404925407
0.7761874803397298
0.9946424319390424
1.2536656891495603
1.0115928553217655
1.1545376712328772
0.8138372935657349
0.9838198349084822
0.9651672830480771
0.9758860657064252
1.1331263696128557
0.9371616851023765
0.8876435976463997
1.0535217298223076
0.7465223097112863
0.9647895208240038
0.8038964368110743
0.630317380352645
0.6242969628796401
0.8738817834515814
0.9738600398546474
0.9126912691269128
1.3473000143616254
1.093533834586466
0.5647590361445787
1.1375958659721932
0.9499278276833386
0.902087542087542
1.050323176361958
1.1576923076923074
1.27551432029044
1.238083613060726
0.7690698230511718
1.181289355322339
1.184201388888889
1.9816089108910886
0.8857193732193732
2.1197916666666665
0.9290322580645154
1.3578913532626165
1.337967914438504
0.9479901466801025
1.9335664335664307
0.7300609518869151
0.6660128388017121
1.14131169709263
0.6378316690442215
1.5628924162257503
0.8714733542319749
1.0905982905982907
1.232198142414861
1.64902192908281
1.423333333333334
1.3238993710691846
1.0605263157894735
0.8016265452179574
1.3868378812199071
1.0257383966244749
1.087605633802819
1.242718446601942
