Case Count:
 [0, 1, 0, 0, 0, 0, 0, 0, 0, 0, 1, 156, 0, 1, 0, 0, 0, 0, 0, 3, 4, 0, 98, 1, 0, 0, 117, 0, 0, 17, 0, 0, 0, 0, 8, 3, 52, 0, 0, 0, 0, 0, 0, 0, 2, 3, 0, 0, 0, 0, 0, 0, 0, 0, 0, 10, 6, 0, 0, 78, 0, 0, 0, 0, 0, 0, 122, 9, 0, 60, 1, 1, 1, 0, 0, 0, 1, 0, 0, 0, 5, 0, 0, 75, 61, 3, 0, 80, 0, 0, 35, 131, 0, 61, 46, 0, 0, 0, 0, 2, 0, 146, 0, 0, 9, 48, 0, 43, 0, 0, 0, 10, 1, 149, 93, 7, 1, 140, 102, 0, 126, 51, 131, 0, 6, 0, 68, 130, 0, 82, 0, 15, 0, 0, 2, 124, 2, 0, 61, 152, 163, 1, 34, 15, 19, 0, 0, 48, 129, 3, 3, 65, 154, 65, 36, 170, 98, 43, 0, 161, 0, 74, 82, 125, 54, 59, 113, 126, 23, 126, 5, 54, 0, 157, 32, 16, 34, 13, 89, 63, 43, 71, 76, 80, 177, 21, 36, 67, 37, 171, 128, 37, 66, 11, 131, 88, 2, 135, 0, 62, 4, 8, 47, 143, 138, 80, 1, 143, 41, 84, 145, 132, 132, 34, 123, 94, 144, 134, 142, 133]

Control Count:
 [0, 1, 0, 0, 0, 2, 0, 0, 0, 0, 0, 217, 0, 1, 0, 0, 0, 0, 0, 2, 2, 0, 212, 1, 0, 0, 225, 0, 0, 33, 0, 1, 0, 0, 15, 6, 79, 0, 1, 0, 0, 0, 1, 0, 2, 4, 0, 0, 0, 0, 0, 0, 0, 0, 0, 9, 9, 0, 0, 105, 0, 1, 0, 0, 1, 0, 220, 9, 0, 127, 2, 1, 0, 0, 0, 0, 0, 0, 0, 0, 2, 0, 0, 124, 88, 0, 1, 153, 0, 0, 50, 215, 0, 92, 105, 0, 0, 0, 0, 7, 0, 261, 0, 1, 14, 29, 1, 65, 0, 0, 0, 17, 0, 236, 153, 8, 0, 202, 186, 1, 247, 68, 215, 0, 15, 0, 116, 191, 0, 111, 0, 27, 0, 0, 2, 216, 7, 0, 83, 204, 261, 1, 65, 21, 36, 0, 0, 74, 226, 2, 6, 129, 302, 98, 78, 169, 224, 56, 0, 169, 1, 111, 123, 203, 91, 135, 257, 207, 43, 239, 14, 111, 0, 225, 61, 37, 72, 20, 152, 50, 66, 97, 113, 123, 187, 64, 56, 126, 74, 263, 208, 62, 106, 18, 216, 146, 4, 195, 2, 122, 11, 6, 71, 215, 234, 144, 2, 249, 79, 166, 237, 207, 206, 56, 195, 154, 226, 238, 187, 195]

Cluster Number:
 [2, 11, 12, 14, 20, 21, 23, 24, 27, 30, 35, 36, 37, 45, 46, 56, 57, 60, 67, 68, 70, 71, 72, 73, 77, 81, 84, 85, 86, 88, 91, 92, 94, 95, 100, 102, 105, 106, 108, 112, 113, 114, 115, 116, 117, 118, 119, 121, 122, 123, 125, 127, 128, 130, 132, 135, 136, 137, 139, 140, 141, 142, 143, 144, 145, 148, 149, 150, 151, 152, 153, 154, 155, 156, 157, 158, 160, 162, 163, 164, 165, 166, 167, 168, 169, 170, 171, 172, 174, 175, 176, 177, 178, 179, 180, 181, 182, 183, 184, 185, 186, 187, 188, 189, 190, 191, 192, 193, 194, 195, 196, 197, 198, 200, 201, 202, 203, 204, 205, 206, 207, 208, 209, 210, 211, 212, 213, 214, 215, 216, 217, 218, 219, 220]

Odds Ratio:

nan
1.6598173515981736
nan
nan
nan
0.0
nan
nan
nan
nan
inf
1.2980736350165278
nan
1.6598173515981736
nan
nan
nan
nan
nan
2.4977064220183487
3.337931034482758
nan
0.6994964864715321
1.6598173515981736
nan
nan
0.8122981366459627
nan
nan
0.8484130403561684
nan
0.0
nan
nan
0.882289249806651
0.8279816513761469
1.1038498021129755
nan
0.0
nan
nan
nan
0.0
nan
1.6613272311212812
1.2454128440366972
nan
nan
nan
nan
nan
nan
nan
nan
nan
1.8622118622118624
1.107005388760585
nan
nan
1.2819944598337953
nan
0.0
nan
nan
0.0
nan
0.8886722110696874
1.672093023255814
nan
0.7491741632559782
0.8287671232876711
1.6598173515981736
inf
nan
nan
nan
inf
nan
nan
nan
4.182027649769585
nan
nan
1.0036334633108823
1.1736411736411736
inf
0.0
0.8374751943488632
nan
nan
1.1747524752475247
1.0148444578677136
nan
1.1155969634230505
0.6944868532654793
nan
nan
nan
nan
0.47139588100686497
nan
0.8915826500856511
nan
0.0
1.0674418604651161
2.9589910926889504
0.0
1.1075757575757574
nan
nan
nan
0.9749074454956809
inf
1.0711279953243718
1.0101439419698515
1.4583333333333335
inf
1.2192456703864367
0.8819756868000383
0.0
0.7839246678997812
1.2757731958762886
1.0148444578677136
nan
0.6586605080831409
nan
0.9670043684357283
1.1828394245920804
nan
1.2767557473439828
nan
0.9185010482180294
nan
nan
1.6613272311212812
0.9330981775426218
0.47139588100686497
nan
1.2540638745458021
1.360388057662089
1.0567077572324948
1.6598173515981736
0.8562962962962963
1.1910377358490565
0.8695767195767196
nan
nan
1.0849519596322668
0.9243220097059663
2.4977064220183487
0.8279816513761469
0.8070099075571031
0.7622168002788425
1.1172650878533232
0.7444168734491315
2.0903631684300827
0.6466275659824047
1.303030303030303
nan
1.9156059767570555
0.0
1.1269406392694064
1.1297852474323062
1.0295409620030749
0.9818181818181818
0.6820077972709551
0.6352557828650545
1.0131962772607306
0.8807580500894456
0.8236394989773684
0.5875576036866359
0.7796419796419796
nan
1.2446178092986602
0.85970918757804
0.70640853619577
0.764883401920439
1.0802816901408452
0.9636090225563909
2.272021276595744
1.0891490664217938
1.2550705961452264
1.1394719520222336
1.0960889553185225
1.9544638118953341
0.5212320574162679
1.0719602977667495
0.8605137395459974
0.8134328358208955
1.1281283695590487
1.0289389067524115
0.9886856042368801
1.0382922757853201
1.0137590861889927
1.008177008177008
0.9994145884556844
0.8283752860411898
1.2138157894736843
0.0
0.8168891594555813
0.5993730407523511
2.233565351894818
1.1094782983615983
1.152718416090509
0.9678848283499447
0.9037449705973386
0.8287671232876711
0.9293525453164008
0.8462884040455442
0.801086034277957
1.021771577829444
1.082188547420101
1.0895291104013154
1.0074074074074075
1.0639240506329115
1.0155467720685112
1.0842657867106644
0.9045323047251687
1.383208196042421
1.1880174291939
