Case Count:
 [338, 283, 331, 340, 316, 319, 332, 288, 292, 333, 328, 339, 259, 339, 361, 304, 306, 246, 328, 279, 333, 364, 355, 367, 325, 368, 346, 335, 380, 303, 385, 281, 300, 303, 305, 341, 341, 354, 318, 319, 307, 372, 317, 368, 356, 235, 386, 332, 348, 339, 327, 358, 359, 287, 386, 353, 316, 395, 336, 309, 311, 316, 302, 331, 308, 343, 286, 325, 358, 332, 345, 313, 314, 316, 255, 398, 349, 337, 323, 307, 272, 378, 283, 315, 389, 407, 350, 331, 330, 368, 336, 369, 338, 293, 391, 380, 284, 392, 278, 392, 374, 322, 315, 368, 397, 413, 405, 380, 414]

Control Count:
 [561, 512, 547, 562, 523, 524, 542, 446, 507, 567, 555, 599, 440, 595, 610, 498, 527, 457, 564, 479, 559, 595, 574, 668, 603, 567, 492, 501, 625, 497, 619, 471, 473, 519, 523, 573, 562, 592, 541, 503, 534, 618, 528, 595, 560, 436, 651, 550, 566, 559, 464, 575, 582, 456, 638, 571, 514, 648, 554, 567, 505, 524, 536, 565, 537, 596, 508, 571, 574, 564, 513, 540, 559, 513, 407, 669, 566, 531, 557, 528, 498, 618, 472, 574, 638, 616, 586, 542, 521, 594, 582, 565, 554, 493, 582, 606, 467, 677, 472, 600, 607, 493, 502, 560, 671, 686, 669, 649, 677]

Cluster Number:
 [1, 2, 3, 4, 5, 6, 7, 8, 9, 10, 11, 12, 13, 14, 15, 16, 17, 18, 19, 20, 21, 22, 23, 24, 25, 26, 27, 28, 29, 30, 31, 32, 33, 34, 35, 36, 37, 38, 39, 40, 41, 42, 43, 44, 45, 46, 47, 48, 49, 50, 51, 52, 53, 54, 55, 56, 57, 58, 59, 60, 61, 62, 63, 64, 65, 66, 67, 68, 69, 70, 71, 72, 73, 74, 75, 76, 77, 78, 79, 80, 81, 82, 83, 84, 85, 86, 87, 88, 89, 90, 91, 92, 93, 94, 95, 96, 97, 98, 99, 100, 101, 102, 103, 104, 105, 106, 107, 108, 109]

Odds Ratio:

0.9962055029032313
0.765324519230769
1.0141343354323247
1.0144146087206585
1.0070108349267046
1.0349236641221378
1.0647998068765734
1.2059513556855639
0.8658642944357231
0.8920335429769393
0.9210940670400134
0.7300667779632724
0.9418181818181819
0.757764705882353
0.8952921395544342
1.0400118994496503
0.8775163715740965
0.7558417705014683
0.8592422209443487
0.9064587682672235
0.9497586660816146
1.084862745098039
1.1338559814169569
0.4578343313373257
0.5909778592418026
1.471744044513998
1.7845965556429753
1.4594848764010442
1.06142372881356
1.0355219552609773
1.2554598216956863
0.9704238221935553
1.1635511886473906
0.8971863311798706
0.8921691732541879
0.9412508458880936
1.027779795192098
0.9567567567567566
0.9084187531507311
1.189115308151094
0.8449381454999434
0.9882625706419365
0.9842275211127669
1.1585749792874902
1.2867469879518065
0.7714966720633208
0.8614323392168793
1.0041801189464743
1.094552091018522
1.0248837209302324
1.6611761083743848
1.1760386473429951
1.1257302405498275
1.126269621421976
1.0273851067605135
1.1285993564941146
1.069627661257157
1.1083052749719422
1.0245697662192004
0.6749287749287748
1.07291150990099
1.0001861850679572
0.7896284998365832
0.8841855129465749
0.8362545666481865
0.7913171140939598
0.8095311615459834
0.7838664085783638
1.1857874134296897
0.9022337111420428
1.53819833271121
0.8648442092886534
0.7594418604651159
1.0767207087275545
1.0930322615105221
0.8561012067519782
1.109893992932862
1.2257486798862673
0.8548412059679321
0.8809687786960514
0.7522304788014333
1.10297628521407
0.9839200347674923
0.6815499606608969
1.0974921630094046
2.312499999999999
0.9529470414541548
1.0517630176301764
1.2028737959816163
1.169251197420212
0.8183365028525671
1.52078381795196
1.05107767094399
0.9566117424768678
2.043456471935853
1.2966381383901102
1.024024314429785
0.6283038436154496
0.9365196336456469
1.7792907801418445
1.1469775693828415
1.3118704599434823
1.1436512016450324
1.5549295774647889
0.8029593357462215
0.972527472527472
1.0505143761540492
0.7839962393251675
1.247503692762184
