Case Count:
 [0, 0, 0, 0, 0, 0, 0, 0, 0, 0, 0, 0, 0, 0, 0, 0, 0, 0, 0, 0, 0, 0, 0, 0, 0, 0, 0, 0, 0, 0, 0, 0, 0, 0, 0, 0, 0, 0, 0, 0, 0, 0, 0, 0, 60, 0, 0, 0, 0, 0, 0, 0, 0, 0, 0, 0, 0, 0, 0, 0, 0, 0, 0, 0, 0, 1, 0, 0, 0, 0, 0, 0, 0, 0, 0, 0, 0, 0, 0, 0, 0, 113, 0, 75, 2, 0, 0, 0, 0, 0, 122, 0, 0, 2, 0, 0, 7, 0, 0, 0, 0, 63, 0, 130, 67, 0, 33, 0, 12, 60, 44, 58, 0, 25, 6, 166, 141, 0, 36, 74, 131, 132, 38, 83, 33, 152, 5, 57, 0, 69, 18, 37, 124, 64, 58, 60, 67, 101, 33, 50, 20, 0, 161, 140, 53, 47, 86, 94, 31, 93, 0, 85, 5, 152, 70, 65, 73, 69, 59, 28, 41, 81, 100, 126, 0, 89, 70, 0, 157, 0, 10, 35, 86, 137, 35, 18, 65, 51, 28, 107, 86, 150, 136, 128, 27, 1, 76, 127, 29, 105, 162, 58, 128, 134, 88, 49, 94, 28, 154]

Control Count:
 [0, 0, 0, 0, 0, 0, 0, 0, 0, 0, 0, 0, 0, 0, 0, 0, 0, 0, 0, 0, 0, 0, 0, 0, 0, 0, 0, 0, 0, 0, 0, 0, 0, 0, 0, 0, 0, 0, 0, 0, 0, 0, 0, 0, 110, 0, 0, 0, 0, 0, 0, 0, 0, 0, 0, 0, 0, 0, 0, 0, 0, 0, 0, 0, 0, 0, 0, 0, 0, 0, 0, 0, 0, 0, 0, 0, 0, 0, 0, 0, 0, 73, 0, 83, 8, 0, 0, 0, 0, 0, 220, 0, 0, 6, 0, 0, 6, 0, 0, 0, 0, 118, 0, 212, 147, 0, 55, 1, 21, 122, 93, 127, 0, 51, 13, 305, 242, 0, 46, 141, 215, 192, 74, 132, 67, 209, 10, 117, 1, 129, 60, 62, 242, 133, 56, 127, 108, 113, 54, 78, 28, 6, 242, 228, 101, 85, 148, 147, 65, 41, 1, 174, 12, 252, 155, 102, 148, 99, 132, 55, 94, 145, 145, 239, 0, 155, 118, 1, 225, 0, 11, 56, 146, 200, 50, 24, 97, 105, 63, 170, 141, 209, 223, 208, 67, 4, 122, 198, 64, 126, 256, 92, 189, 117, 125, 52, 128, 40, 232]

Cluster Number:
 [45, 66, 82, 84, 85, 91, 94, 97, 102, 104, 105, 107, 109, 110, 111, 112, 114, 115, 116, 117, 119, 120, 121, 122, 123, 124, 125, 126, 127, 128, 130, 131, 132, 133, 134, 135, 136, 137, 138, 139, 140, 141, 143, 144, 145, 146, 147, 148, 149, 150, 152, 153, 154, 155, 156, 157, 158, 159, 160, 161, 162, 163, 164, 166, 167, 169, 171, 172, 173, 174, 175, 176, 177, 178, 179, 180, 181, 182, 183, 184, 185, 186, 187, 188, 189, 190, 191, 192, 193, 194, 195, 196, 197, 198, 199]

Odds Ratio:

nan
nan
nan
nan
nan
nan
nan
nan
nan
nan
nan
nan
nan
nan
nan
nan
nan
nan
nan
nan
nan
nan
nan
nan
nan
nan
nan
nan
nan
nan
nan
nan
nan
nan
nan
nan
nan
nan
nan
nan
nan
nan
nan
nan
0.8894219237227153
nan
nan
nan
nan
nan
nan
nan
nan
nan
nan
nan
nan
nan
nan
nan
nan
nan
nan
nan
nan
inf
nan
nan
nan
nan
nan
nan
nan
nan
nan
nan
nan
nan
nan
nan
nan
3.1101353054878564
nan
1.6011849596186944
0.4118993135011441
nan
nan
nan
nan
nan
0.8886722110696874
nan
nan
0.5507246376811593
nan
nan
1.949845679012346
nan
nan
nan
nan
0.8661648034619546
nan
1.023997069060267
0.7118535586277521
nan
0.9945812807881773
0.0
0.946135831381733
0.7863661923093561
0.7605825507009665
0.7204001074668815
nan
0.8016008335701431
0.7621247113163973
0.8433075121599711
0.950219091463753
nan
1.3244147157190636
0.8440299232488099
1.0148444578677136
1.2003257328990227
0.8375008424883736
1.0526898195437522
0.8018895669436069
1.315172632245803
0.827188940092166
0.7792321116928447
0.0
0.8659333752357007
0.47600950118764834
0.9886856042368801
0.7905548996458088
0.7635087719298245
1.826771653543307
0.7491741632559782
1.0339506172839505
1.6263025606116144
1.0145046524356869
1.0711225364181662
1.1933174224343674
0.0
1.1630596349366789
1.0268145279586929
0.8523829066844508
0.9069927971188476
0.9547507847791136
1.07688060731539
0.7750000000000001
4.503806569857606
0.0
0.7644976946554971
0.6874039938556067
1.00038714672861
0.7012850773669027
1.0666352102338261
0.7816422980357407
1.184848484848485
0.70103668261563
0.8336208803362091
0.6948038062653694
0.9097091119244848
1.186044146068559
0.8236394989773684
nan
0.9400368663594469
0.9806623489963715
0.0
1.2446178092986602
nan
1.5193897012078832
1.0396039603960396
0.9711669059722923
1.197615894039735
1.1747524752475247
1.2541567695961993
1.1305750041347373
0.779896907216495
0.7191132738577994
1.057866761162296
1.0142446708054569
1.2888859455969273
1.0164424514200299
1.0289389067524115
0.6465367338066946
0.41324200913242004
1.039967484080748
1.0895817145817148
0.7338414634146341
1.5019960079840318
1.0782942238267148
1.0523793221499487
1.1737525306657137
2.294353369763205
1.2094358974358974
1.6333333333333337
1.277173913043478
1.1717761557177617
1.1552329098608591
