Case Count:
 [122, 93, 0, 17, 84, 0, 193, 0, 0, 0, 0, 0, 0, 0, 0, 186, 29, 87, 0, 0, 16, 335, 0, 0, 165, 0, 247, 60, 193, 3, 1, 98, 23, 15, 231, 310, 6, 306, 13, 15, 233, 202, 147, 4, 34, 180, 0, 330, 72, 177, 303, 121, 184, 116, 174, 191, 288, 127, 155, 164, 141, 69, 227, 254, 349, 250, 254, 95, 232, 284, 236, 246, 243, 177, 170, 342, 317, 213, 274, 154, 332, 124, 265, 278, 175, 138, 164, 139, 106, 104, 228, 150, 173, 273, 123, 285, 248, 339, 193, 95, 293, 148, 281, 279, 221, 193, 22, 240, 234, 243, 194, 87, 293, 329, 265, 196, 257, 261, 248, 121, 170, 202, 267, 184, 274, 216, 171, 311, 288, 179, 416, 195, 269, 279, 137, 110, 265, 301, 223, 144, 199, 318, 122, 268, 360, 196, 279, 244, 308, 201, 204, 406, 200, 271, 271, 287, 206, 247, 260, 321, 348, 194, 252, 338, 101, 206, 269, 274, 304, 217, 409, 294, 321, 311, 305, 261, 419, 408, 248, 267, 210, 260, 195, 251]

Control Count:
 [173, 182, 0, 37, 153, 0, 318, 0, 0, 0, 0, 0, 0, 0, 0, 331, 46, 150, 0, 0, 27, 566, 0, 0, 274, 0, 428, 87, 335, 3, 3, 133, 33, 20, 371, 485, 15, 506, 26, 27, 406, 373, 244, 3, 48, 296, 0, 513, 134, 320, 565, 223, 258, 200, 265, 347, 471, 219, 299, 285, 220, 144, 463, 440, 553, 459, 438, 169, 371, 476, 352, 392, 363, 299, 252, 571, 534, 407, 437, 150, 537, 165, 456, 452, 274, 181, 264, 305, 119, 168, 365, 252, 291, 443, 198, 447, 461, 554, 341, 209, 505, 241, 554, 431, 356, 345, 73, 432, 409, 453, 335, 111, 495, 533, 434, 334, 384, 420, 424, 185, 307, 343, 428, 323, 432, 281, 265, 554, 507, 299, 674, 318, 453, 389, 173, 194, 457, 511, 385, 253, 344, 478, 172, 406, 570, 310, 452, 379, 543, 341, 393, 662, 356, 420, 452, 468, 320, 421, 403, 536, 587, 363, 422, 511, 178, 387, 482, 475, 528, 336, 685, 495, 538, 512, 534, 399, 674, 687, 434, 441, 354, 440, 320, 419]

Cluster Number:
 [1, 2, 4, 5, 7, 16, 17, 18, 21, 22, 25, 27, 28, 29, 30, 31, 32, 33, 34, 35, 36, 37, 38, 39, 40, 41, 42, 43, 44, 45, 46, 48, 49, 50, 51, 52, 53, 54, 55, 56, 57, 58, 59, 60, 61, 62, 63, 64, 65, 66, 67, 68, 69, 70, 71, 72, 73, 74, 75, 76, 77, 78, 79, 80, 81, 82, 83, 84, 85, 86, 87, 88, 89, 90, 91, 92, 93, 94, 95, 96, 97, 98, 99, 100, 101, 102, 103, 104, 105, 106, 107, 108, 109, 110, 111, 112, 113, 114, 115, 116, 117, 118, 119, 120, 121, 122, 123, 124, 125, 126, 127, 128, 129, 130, 131, 132, 133, 134, 135, 136, 137, 138, 139, 140, 141, 142, 143, 144, 145, 146, 147, 148, 149, 150, 151, 152, 153, 154, 155, 156, 157, 158, 159, 160, 161, 162, 163, 164, 165, 166, 167, 168, 169, 170, 171, 172, 173, 174, 175, 176, 177, 178, 179, 180, 181, 182, 183, 184]

Odds Ratio:

1.234660199485786
0.8063583815028902
nan
0.7523376457025746
0.8892571112952223
nan
1.0115303983228512
nan
nan
nan
nan
nan
nan
nan
nan
0.8817692225021794
1.048674443266172
0.9523863636363639
nan
nan
0.9820506085281498
0.9219556944821963
nan
nan
0.9977889072406627
nan
0.9017231308411215
1.1664088799927212
0.9203858755005463
1.6628440366972477
0.5517503805175038
1.2856922364562433
1.1644085081585085
1.2523584905660379
1.068668359941945
1.2040278110764804
0.6586605080831409
1.0094207851644923
0.8239436619718312
0.9185010482180294
0.8970539002343489
0.8111899186660786
0.998596451830227
2.2222222222222223
1.1893004115226338
1.0142961494312845
nan
1.2688448951123987
0.8696571637724186
0.861354961832061
0.6427511712649661
0.8616775248893026
1.3144854841161269
0.9481114551083589
1.1471982912068353
0.8456237798642744
1.0407052769224279
0.9460689614799204
0.7830679730557257
0.9269792663476876
1.0925564368517389
0.7563063063063065
0.6128509719222464
0.8986732186732188
1.2271448663853728
0.7752072022224528
0.9090460323337036
0.9134615384615384
1.0784796281104734
0.9700189753320684
1.2418271383788626
1.0925240562546263
1.246626749873503
0.9692997012943909
1.193721602643536
0.9694332605123946
0.943973721372874
0.7433302167815443
1.1058040357811527
2.0821520467836256
1.1036043091595746
1.343184223184223
0.9084492841298647
1.054361567635904
1.0983466047334658
1.3855472550063326
1.048154269972452
0.6425901639344263
1.6290408055113936
1.0348258706467661
1.074647795883919
0.9803921568627451
0.9766813942071673
1.0580244227474236
1.0419064058304568
1.1633835962695023
0.7520187164257078
1.0647292418772565
0.8903869537229097
0.6857822410147992
0.8861928658619287
1.0277338124367257
0.5585842891742451
1.2016096287703018
1.0593237810535
0.8709673618475317
0.4733747248776321
0.8263539921831379
0.8902856461327451
0.7526354912826058
0.9289308559244596
1.3738482800982799
0.9446381624463815
1.094235033259424
1.0317018909899887
0.9514797565363101
1.2649954212454209
1.0752808988764047
0.9309493233231254
1.116828148903621
0.8666432558759067
0.9566864720571773
1.0880786785481413
0.9047532325623749
1.1378226711560047
1.54081355824011
1.1147986482680934
0.7631148465703972
0.8313805399898117
0.9877926421404682
1.4491033415043229
1.030389730900093
0.9605895338267759
1.519617609254499
1.4553267235769247
0.9203146053332499
0.9031288513292587
0.9262457812189797
0.9197811447811449
0.9164601058484626
0.9255813953488371
1.3745288564611504
1.244076003227936
1.2429925388183096
1.2631578947368418
1.0875879463693081
1.0647676991150443
1.1522359786212026
0.8010346815120969
0.9584637374011187
0.7399707649829462
1.2265861027190328
0.8744299750834469
1.1829365079365084
0.9849873577749685
1.0489766081871343
1.12725321888412
0.9381061955661122
1.171382231032618
0.9744497849734379
0.918583971394874
0.7961994715241469
0.9771650150797068
1.4211311542113119
0.923309620370986
0.7790309523017378
0.8075909201855018
0.8844912280701756
0.8529741863075196
1.1403903903903903
0.8558150851581504
0.9543991640543363
0.9607145107428644
1.0250244140624996
0.8269048018335291
1.2090479006505022
1.6784866468842738
0.7854627412311592
0.8795811518324608
1.0102436323366555
0.9688402042779956
0.9507364144235653
1.0189549180327868
0.9846011273041183
