Case Count:
 [310, 337, 298, 53, 65, 136, 69, 16, 179, 113, 155, 185, 213, 0, 118, 107, 0, 101, 321, 192, 168, 0, 86, 280, 187, 300, 41, 269, 116, 156, 123, 345, 0, 151, 0, 310, 226, 311, 20, 270, 203, 99, 266, 162, 3, 148, 232, 185, 0, 0, 173, 3, 61, 7, 324, 138, 1, 44, 0, 331, 210, 293, 283, 299, 52, 210, 134, 122, 163, 64, 290, 144, 5, 1, 77, 54, 212, 315, 133, 182, 231, 181, 279, 196, 271, 151, 186, 272, 181, 313, 316, 135, 246, 58, 283, 272, 217, 15, 55, 241, 183, 4, 220, 165, 250, 114, 281, 170, 165, 278, 273, 227, 236, 300, 148, 147, 15, 331, 75, 16, 5, 354, 88, 336, 42, 288, 341, 22, 207, 300, 119, 120, 307, 361, 159, 234, 300, 274, 340, 274, 226, 231, 231, 149, 199, 344, 198, 180, 239, 251, 111, 78, 290, 366, 258, 118, 347, 266, 362, 340, 105, 332, 154, 136, 335, 345, 345, 356, 212, 146, 303, 268, 308, 165, 210, 159, 215, 166, 312, 202, 241, 88, 269, 247, 188, 333, 311, 273, 246, 301, 201, 351, 245, 220, 296, 316, 96, 203, 345, 303, 262, 266, 183, 285, 176, 390, 281, 239, 345, 347, 259, 318, 265, 154, 216, 357, 371, 286, 175, 230, 185, 230, 348, 382, 221, 311, 285, 324, 364, 371, 315, 252, 219, 403, 399, 389, 210, 294, 347, 264, 321, 283, 307, 303, 194, 309, 360, 257, 412, 398, 296, 297, 112, 302, 365, 257, 405, 291, 279, 399, 360, 336, 322, 322, 354, 326, 404, 340, 270, 404, 173, 371, 411, 306, 307, 283, 197, 354, 326, 347, 287, 249, 317, 325, 181, 414, 421, 408, 276, 289, 225, 356, 406, 411, 403, 307, 238, 258, 407, 322, 407, 219, 390, 321, 242, 399, 416, 344, 406, 396, 415, 404, 410]

Control Count:
 [547, 570, 493, 115, 107, 214, 138, 50, 328, 185, 283, 355, 382, 0, 180, 216, 0, 169, 551, 267, 216, 0, 112, 560, 317, 530, 94, 470, 238, 284, 241, 547, 1, 261, 0, 514, 339, 467, 42, 392, 323, 214, 393, 224, 2, 257, 396, 343, 0, 0, 270, 9, 80, 27, 567, 298, 0, 74, 1, 478, 286, 492, 377, 497, 124, 361, 232, 208, 303, 90, 495, 279, 10, 1, 132, 115, 331, 498, 197, 316, 357, 330, 453, 331, 447, 287, 299, 423, 296, 546, 528, 208, 334, 126, 470, 432, 303, 18, 83, 368, 302, 6, 349, 289, 375, 160, 504, 328, 266, 483, 438, 467, 402, 477, 272, 248, 26, 538, 110, 40, 13, 602, 177, 527, 64, 458, 570, 36, 358, 471, 185, 159, 537, 627, 301, 414, 429, 500, 558, 460, 273, 407, 331, 234, 257, 556, 268, 297, 416, 403, 175, 118, 464, 586, 406, 207, 594, 446, 581, 596, 157, 574, 278, 218, 479, 563, 595, 604, 331, 274, 464, 458, 524, 213, 348, 231, 415, 299, 414, 314, 340, 159, 466, 392, 314, 576, 537, 467, 459, 442, 330, 561, 425, 412, 485, 538, 171, 313, 554, 509, 430, 452, 326, 460, 290, 638, 483, 388, 562, 601, 381, 517, 442, 250, 309, 614, 614, 481, 317, 346, 342, 415, 556, 647, 376, 529, 451, 525, 605, 597, 535, 440, 364, 638, 649, 643, 297, 511, 562, 438, 555, 460, 480, 464, 363, 509, 588, 460, 667, 659, 428, 444, 186, 513, 586, 428, 680, 454, 444, 668, 560, 520, 548, 545, 544, 533, 678, 532, 434, 658, 280, 537, 677, 345, 481, 428, 298, 551, 571, 572, 508, 413, 560, 499, 276, 691, 687, 657, 525, 493, 364, 580, 661, 677, 675, 524, 374, 458, 679, 538, 681, 362, 642, 520, 441, 667, 680, 570, 664, 649, 677, 651, 665]

Cluster Number:
 [1, 2, 3, 4, 5, 6, 7, 8, 9, 10, 11, 12, 13, 15, 16, 18, 19, 20, 21, 23, 24, 25, 26, 27, 28, 29, 30, 31, 32, 34, 36, 37, 38, 39, 40, 41, 42, 43, 44, 45, 46, 47, 48, 51, 52, 53, 54, 55, 56, 57, 58, 60, 61, 62, 63, 64, 65, 66, 67, 68, 69, 70, 71, 72, 73, 74, 75, 76, 77, 78, 79, 80, 81, 82, 83, 84, 85, 86, 87, 88, 89, 90, 91, 92, 93, 94, 95, 96, 97, 98, 99, 100, 101, 102, 103, 104, 105, 106, 107, 108, 109, 110, 111, 112, 113, 114, 115, 116, 117, 118, 119, 120, 121, 122, 123, 124, 125, 126, 127, 128, 129, 130, 131, 132, 133, 134, 135, 136, 137, 138, 139, 140, 141, 142, 143, 144, 145, 146, 147, 148, 149, 150, 151, 152, 153, 154, 155, 156, 157, 158, 159, 160, 161, 162, 163, 164, 165, 166, 167, 168, 169, 170, 171, 172, 173, 174, 175, 176, 177, 178, 179, 180, 181, 182, 183, 184, 185, 186, 187, 188, 189, 190, 191, 192, 193, 194, 195, 196, 197, 198, 199, 200, 201, 202, 203, 204, 205, 206, 207, 208, 209, 210, 211, 212, 213, 214, 215, 216, 217, 218, 219, 220, 221, 222, 223, 224, 225, 226, 227, 228, 229, 230, 231, 232, 233, 234, 235, 236, 237, 238, 239, 240, 241, 242, 243, 244, 245, 246, 247, 248, 249, 250, 251, 252, 253, 254, 255, 256, 257, 258, 259, 260, 261, 262, 263, 264, 265, 266, 267, 268, 269, 270, 271, 272, 273, 274, 275, 276, 277, 278, 279, 280, 281, 282, 283, 284, 285, 286, 287, 288, 289, 290, 291, 292, 293, 294, 295, 296, 297, 298, 299, 300, 301, 302, 303, 304, 305, 306, 307, 308, 309, 310, 311, 312, 313]

Odds Ratio:

0.7951759420659551
0.9158238734090128
1.0074374577417171
0.7318990763685516
1.008671098005897
1.0780666851731902
0.7972972972972973
0.5129078014184396
0.8395872420262663
1.0173934670867189
0.8581968844871349
0.7652766995674838
0.8536579715516842
nan
1.11914157147802
0.7639446675591253
nan
0.9883932635411923
0.8738656987295829
1.3421280080061866
1.4694546945469456
nan
1.339943342776204
0.5283018867924527
0.9621075559561364
0.8062983575403828
0.6948038062653694
0.868610763454318
0.7393917319249682
0.8617926641118797
0.7865565418351805
1.2144579719164494
0.0
0.9381252660706682
nan
1.0005127741079234
1.217527386541471
1.3579195663811556
0.7796340493237867
1.3693998309382929
1.0785406937083486
0.6993677844969762
1.3106531938990131
1.3158844765342963
2.4977064220183487
0.9320871274419349
0.9396379251451719
0.8175317371042906
nan
nan
1.1032302979671398
0.5496941896024465
1.307142857142857
0.4206961591220851
0.8000000000000002
0.6615532118887825
inf
0.9844680123161136
0.0
1.6029366186269953
1.4172290591504566
0.962635037309277
1.6889920424403182
0.9926559356136819
0.6544969575727264
0.9322720729656823
0.9392877331825888
0.9621451104100948
0.8283708805663174
1.2098370370370368
0.9161412785573858
0.7855658829961729
0.827188940092166
1.6598173515981736
0.9604051565377532
0.7476453980801807
1.1201405432742857
1.173241352506801
1.171543744401314
0.9233118258385461
1.1541289592760182
0.8461122856471692
1.058567880794702
0.967413872415551
1.0140486843506977
0.805640243902439
1.054820415879017
1.1743888110304215
1.0238843494657446
0.8280423280423278
0.9731460950973144
1.1101973684210529
1.5035835065620058
0.7273257509477982
0.9958265139116202
1.1159902417387448
1.371049267088871
1.395440251572327
1.1130459337349399
1.1907114624505932
1.0083557533112582
1.1065134099616858
1.0909186063246588
0.9147450306872429
1.2451499118165785
1.2452307692307694
0.7904360056258792
0.7706954392964005
1.045908567038033
0.8758664146187778
1.088876052153821
0.5984303664498405
0.9427738156508099
1.1356952174109767
0.8526379624014554
0.9743703049049933
0.955188679245283
1.082369544265455
1.1575924075924073
0.6505910165484633
0.6336405529953917
0.8716826265389879
0.7804658200138426
1.2441922588014225
1.0976070528967254
1.1243818502559357
0.9645184389545293
1.0141220357047693
0.9221489115777307
1.1776566008339822
1.0915033783783787
1.346187969480097
0.8272247615823032
0.7455322455322451
0.8055647840531563
0.8657476139978791
1.504251144538914
0.7572363636363637
1.0463053473806159
0.9674835309617921
1.7683881064162756
0.8759095634095635
1.3320212642342555
1.0846743295019157
1.5196011673151746
1.1201817493373725
1.410169071654177
1.0085410085410085
0.8962500000000001
1.0766986959505833
1.0693902439024392
1.1169538475984788
1.1073825503355708
1.2149235588386555
1.1305010478186317
0.9252185952714195
0.8508637095593617
0.9721869410819354
1.1894852135815983
0.760626398210291
1.1433502421907775
0.8324595395486668
0.8746686861037486
1.050049959124353
1.6744620202344633
1.0756396205736742
0.8204005006257823
0.8805553339184548
1.1201405432742857
0.8256396203383076
1.2676217038539552
0.9239255343599171
0.9153312744012585
1.455998766320551
1.0013552175877125
1.2217532467532468
0.7239135111876077
0.872431915910177
1.8632888280269309
1.123760380553092
1.3890077243018417
0.8972029600960418
0.8896490785155268
1.1026785714285714
0.9875402847209886
0.8290094339622645
0.8641905260707631
0.9191326333169938
0.7469944800027093
1.4113384484228475
1.0185637891520245
1.1873480797277585
0.9003638568829592
0.7704925300350226
1.0370989834907363
0.9073049838305071
0.9116669224080608
1.1404803162397787
1.1527383055534222
0.9585837281867561
1.0258310340296937
0.9388715535321497
0.8814944401840492
1.078204404291361
1.0107250557230893
1.1227688567590046
0.9021280498991013
1.0471649484536083
1.0840841977739075
0.7970230774795632
1.310484106153397
1.0725897981041292
0.9854631507775524
1.0331508771929823
1.31342243893944
0.808333995392071
1.0129814140639972
0.9599010775481365
0.8594422139374819
1.2149791188428247
0.8220518487820602
0.8299994235314466
1.1830184204284926
0.8390140730497037
0.9490532890884247
0.9140034262759924
1.1366515967402886
1.0893913043478263
0.9867107438016522
1.1971869149669925
0.9164154356346091
0.8820612542537676
0.9954545454545456
1.5791536050156734
1.2142141756548526
1.02846034214619
1.3307749988972697
0.8610297590930565
1.1140724121924799
0.9988258317025439
0.8479615208428771
1.0569119286510593
1.201641414141414
1.2676217038539552
0.7961994715241469
1.0226839957684752
1.0849909584086794
0.8226946966077401
1.3955244599922256
1.016395869573263
1.4508855630350956
1.3378378378378377
0.9980599125316498
0.923862779414066
1.1952310672447184
0.9897812467905924
0.8408304498269892
1.1866591260864388
1.1153716216216216
0.8959580838323356
1.367088607594936
1.3048543689320389
0.9039865244244809
0.9241119736532583
1.4086505190311416
1.0554716166630698
0.8512431521281072
1.2652844231791602
1.0822676083221991
1.2279635258358657
1.0406015037593983
1.9405466097053348
1.1057712597594416
2.5541680287675708
1.1943079443079443
1.2715672178289001
1.17463530977869
1.3378456282694566
0.7932365203105871
1.0286561264822134
0.8177061748860341
0.9995539696699376
0.7795081967213111
1.3083183911683016
1.1489158521514435
0.8867149059334297
1.395843441694972
1.4223007806746197
0.6547239263803684
0.9183908045977011
1.0514018691588787
1.094474449522227
1.2470545087791678
1.1057712597594416
0.878971193415637
0.9054476058292851
1.1207598371777479
0.8403097782817438
0.9178479381443292
0.9719442061449497
0.8777991923641698
1.0064540431943747
1.0661834827388903
1.0881355932203391
0.7994520989444849
0.9122563718140931
1.2767263427109985
1.003730378578024
1.1858342460752096
1.1210090658257776
1.3026218611521427
1.3652841781874028
1.3393829401088924
