Case Count:
 [257, 322, 132, 338, 365, 290, 298, 242, 231, 274, 270, 258, 290, 323, 337, 270, 242, 332, 146, 312, 346, 175, 163, 226, 217, 311, 340, 279, 305, 213, 326, 250, 251, 226, 271, 290, 367, 362, 350, 315, 155, 291, 296, 283, 354, 306, 335, 325, 327, 281, 190, 365, 357, 322, 384, 295, 289, 372, 372, 358, 389, 367, 305, 249, 315, 283, 354, 300, 322, 289, 375, 279, 255, 265, 332, 354, 201, 298, 328, 332, 332, 356, 361, 252, 261, 186, 327, 305, 292, 292, 260, 339, 327, 118, 45, 359, 354, 386, 167, 186, 304, 386, 341, 257, 242, 398, 275, 280, 312, 128, 366, 345, 259, 313, 325, 328, 304, 190, 273, 323, 113, 283, 218, 226, 259, 338, 322, 387, 320, 278, 297, 286, 324, 150, 281, 396, 376, 192, 278, 222, 348, 396, 244, 373, 296, 233, 378, 248, 296, 293, 289, 344, 302, 349, 388, 345, 245, 405, 213, 394, 280, 325, 372, 298, 341, 276, 318, 356, 384, 325, 326, 337, 384, 279, 370, 400, 405, 284, 403, 372, 250, 304, 404, 410, 333, 193, 271, 335, 346, 359, 353, 386, 391, 173, 388, 274, 396, 373, 384, 288, 271, 398, 331, 354, 403, 284, 334, 412, 344, 394, 327, 347, 294, 396, 409, 365, 388, 204, 330, 405, 335, 376, 394, 416, 359, 345, 409, 402, 287, 401, 423, 426, 421, 429]

Control Count:
 [427, 552, 212, 569, 572, 493, 504, 370, 457, 484, 475, 333, 529, 525, 553, 431, 400, 519, 205, 514, 539, 299, 265, 449, 411, 508, 586, 487, 543, 339, 552, 320, 466, 428, 496, 537, 640, 608, 584, 533, 259, 510, 496, 514, 613, 485, 530, 554, 562, 487, 313, 584, 594, 473, 615, 536, 427, 564, 572, 596, 642, 668, 463, 396, 581, 524, 608, 520, 442, 406, 565, 461, 428, 349, 465, 592, 243, 468, 453, 474, 536, 574, 555, 465, 429, 345, 595, 521, 492, 586, 452, 554, 523, 209, 78, 582, 486, 638, 300, 323, 490, 652, 583, 521, 498, 651, 434, 532, 556, 192, 544, 556, 372, 497, 466, 503, 523, 388, 435, 562, 134, 534, 365, 441, 395, 545, 513, 618, 549, 483, 513, 486, 471, 221, 469, 670, 638, 325, 459, 371, 616, 664, 429, 589, 443, 517, 614, 460, 601, 468, 459, 579, 500, 597, 545, 592, 431, 609, 345, 601, 453, 548, 614, 574, 552, 448, 509, 521, 625, 523, 481, 461, 595, 389, 599, 629, 682, 464, 660, 586, 388, 464, 673, 656, 545, 348, 470, 555, 597, 629, 539, 627, 615, 283, 615, 433, 680, 620, 605, 494, 470, 648, 580, 654, 664, 494, 548, 679, 579, 610, 592, 572, 526, 651, 680, 499, 663, 441, 560, 680, 507, 630, 650, 682, 584, 466, 662, 626, 462, 654, 664, 697, 688, 711]

Cluster Number:
 [1, 2, 3, 4, 5, 6, 7, 8, 9, 10, 11, 12, 13, 14, 15, 16, 17, 18, 19, 20, 21, 22, 23, 24, 25, 26, 27, 28, 29, 30, 31, 32, 33, 34, 35, 36, 37, 38, 39, 40, 41, 42, 43, 44, 45, 46, 47, 48, 49, 50, 51, 52, 53, 54, 55, 56, 57, 58, 59, 60, 61, 62, 63, 64, 65, 66, 67, 68, 69, 70, 71, 72, 73, 74, 75, 76, 77, 78, 79, 80, 81, 82, 83, 84, 85, 86, 87, 88, 89, 90, 91, 92, 93, 94, 95, 96, 97, 98, 99, 100, 101, 102, 103, 104, 105, 106, 107, 108, 109, 110, 111, 112, 113, 114, 115, 116, 117, 118, 119, 120, 121, 122, 123, 124, 125, 126, 127, 128, 129, 130, 131, 132, 133, 134, 135, 136, 137, 138, 139, 140, 141, 142, 143, 144, 145, 146, 147, 148, 149, 150, 151, 152, 153, 154, 155, 156, 157, 158, 159, 160, 161, 162, 163, 164, 165, 166, 167, 168, 169, 170, 171, 172, 173, 174, 175, 176, 177, 178, 179, 180, 181, 182, 183, 184, 185, 186, 187, 188, 189, 190, 191, 192, 193, 194, 195, 196, 197, 198, 199, 200, 201, 202, 203, 204, 205, 206, 207, 208, 209, 210, 211, 212, 213, 214, 215, 216, 217, 218, 219, 220, 221, 222, 223, 224, 225, 226, 227, 228, 229, 230, 231, 232, 233, 234]

Odds Ratio:

0.995406233111151
0.8774928774928779
1.046524491426464
0.9351476448172058
1.3452088452088449
0.9277536517962889
0.9393223010244287
1.1885855398545757
0.6585696852381755
0.8371650388179317
0.8509498598567425
1.6908068289283757
0.7321652859009656
1.0766666666666669
1.0455448001985608
1.100921209791458
1.0073096446700507
1.249491293465147
1.2712561391825523
1.0228254542112192
1.3045664013405947
0.951086956521739
1.0318430407437789
0.6593054989177828
0.7539181517283708
1.05222687007874
0.8322129141241768
0.8629235112936348
0.7754734614221708
1.0814864124050436
0.9198409644735158
1.6865079365079367
0.7506392110309562
0.7437146241937608
0.7545122887864824
0.6922625073425567
0.700868055555556
0.9278879015721115
0.9696783130675694
0.9293863099921321
0.9882946326608296
0.8404610492845789
0.9681930972253552
0.7552878379726627
0.78130697629786
1.152747849003953
1.2033744557329467
0.895401862055862
0.8623856126080325
0.8801107270033532
1.0117145899893503
1.2162162162162156
0.9821384577482137
1.4837100883612513
1.282838137472284
0.7338308457711441
1.3581420765027323
1.614480787551604
1.5142469470827684
0.978871488938603
1.0421806853582558
0.4578343313373257
1.3027465265465332
1.0987240829346094
0.6427322191993778
0.706253669994128
0.8219814241486065
0.8633093525179855
1.780794369029664
1.5280459770114942
1.6904037610619473
1.0099376355748375
0.9714039008533115
1.6539044231465923
1.754919103607678
0.9567567567567566
1.685600165992323
1.1741528762805356
1.79384682695941
1.6626838597736506
1.1114520853675547
1.1507493388186893
1.4426657426657425
0.76218733827842
1.021961184882533
0.8161539783467952
0.6526260504201683
0.9043315094393672
0.9528234057850781
0.481344756332567
0.8869333069659365
1.0647292418772565
1.144410680142038
0.9128471135357512
0.9517766497461929
1.1257302405498275
2.073783587509078
1.0273851067605135
0.8759313725490198
0.9218174475948069
1.0937566137566133
0.8489408496353742
0.8654216403542547
0.5610406867604564
0.5673455242288952
1.1481772882244943
1.1359166011014952
0.6487917907977494
0.7599841386733134
1.1489817792068595
1.6958098307816283
1.1353895606918722
1.3770011947431304
1.1545942320590203
1.6028537007755446
1.3217989361130518
0.8826570356207066
0.6686539974330311
1.10772746157042
0.8224628788808444
1.5365351158318838
0.6590559877076734
0.9810202690138226
0.6905134510768315
1.2130379746835442
1.1236987918975383
1.1534296329617968
1.324682598954444
0.876766006949228
0.8758664146187778
0.8765752409191991
0.930794265580032
1.5373026862364996
1.1907185019336455
0.9821462308709615
0.7972231863936138
0.8419167039856699
0.9638866396761133
1.0119487408489969
0.9844361359881753
0.6953046953046952
0.8876435976463997
0.8721056721056719
1.3337191953490766
1.3316705867495937
0.46161574430527125
1.150531318417259
0.7564762121557023
0.43740618782216134
1.1149162861491626
1.129135802469136
0.9318425597672941
1.0051970802919707
0.8509026614554254
2.55456017269293
0.8431569867740081
0.870249001363408
2.3275862068965503
1.0462870334744137
1.8501756332039196
1.0690435531120275
0.9364195159431428
1.0308717001312657
0.5670299256184052
1.109435078379178
1.0582822085889572
1.130753868385589
1.704137085771107
1.150603636363637
1.1174566435208482
1.4814637646496058
1.9135511037386757
1.5606417112299469
1.519617609254499
1.1548232561515577
1.6142839672251428
0.803432810074176
1.0424916573971081
1.153367003367003
1.3454230553716062
1.159111983854252
1.2812260536398468
0.943324135003183
1.551724137931033
1.0548554613120997
0.8566956359218763
0.8854863221884499
1.0040713790713793
0.8163757857387296
0.7062996820349757
1.4392932648746597
1.1731816677198996
1.4967140921409217
1.0226759478200802
1.397863860991551
1.1313597872489332
0.6500683994528041
0.9844574780058656
1.4194440270473325
0.9034506796793307
0.8854863221884499
1.1984342065642883
0.78205619412516
0.47123583378305434
1.078982597054886
0.8679117147707979
1.0448383733055266
1.1011836578846876
0.9318425597672941
1.6936976320582875
0.6707287644787646
1.0286561264822134
0.7786547790743412
1.0892723180795192
0.9623529411764699
2.2635812164870273
0.7458669742406768
0.5649442755825735
0.9082568807339448
0.8408304498269892
1.4040927021696255
0.928395061728395
1.050666666666666
1.2199413489736082
1.106506849315068
2.063510181718565
1.3592145015105734
1.770313444434849
1.0871212121212124
1.194028649605665
2.5481927710843406
1.4574550270389581
1.3598191214470305
1.0257383966244749
