Case Count:
 [338, 257, 283, 354, 348, 346, 310, 366, 347, 312, 330, 331, 376, 290, 328, 358, 292, 333, 336, 304, 341, 303, 374, 360, 345, 260, 355, 365, 343, 291, 287, 282, 296, 331, 341, 373, 277, 334, 315, 356, 332, 359, 388, 359, 348, 298, 377, 303, 357, 303, 336, 380, 340, 294, 281, 309, 340, 341, 256, 256, 315, 281, 250, 297, 385, 363, 288, 314, 383, 351, 328, 339, 384, 331, 259, 404, 339, 338, 327, 369, 289, 333, 213, 313, 287, 302, 270, 313, 379, 297, 349, 316, 342, 319, 342, 358, 389, 288, 311, 321, 333, 343, 364, 375, 343, 286, 324, 365, 365, 376, 326, 282, 335, 292, 341, 368, 354, 338, 302, 356, 314, 184, 267, 302, 308, 398, 349, 382, 352, 285, 406, 373, 306, 304, 372, 393, 341, 299, 390, 390, 383, 349, 413, 303, 392, 403, 325, 285, 404, 321, 372, 332, 389, 389, 274, 339, 270, 381, 369, 420, 328, 396, 350, 410, 275, 335, 306, 342, 392, 354, 252, 373, 311, 403, 296, 284, 323, 370, 337, 416, 383, 416, 389, 347, 387, 380, 318, 290, 394, 308, 276, 386, 362, 335, 393, 403, 413, 380, 288, 342, 363, 409]

Control Count:
 [562, 431, 512, 621, 555, 569, 518, 592, 528, 582, 559, 549, 612, 451, 556, 577, 507, 569, 571, 517, 537, 475, 640, 565, 605, 469, 562, 610, 587, 499, 520, 485, 489, 553, 565, 624, 447, 559, 515, 588, 499, 662, 632, 521, 494, 518, 614, 497, 588, 488, 514, 565, 580, 491, 488, 568, 522, 573, 507, 409, 492, 474, 397, 527, 623, 578, 495, 545, 644, 574, 540, 603, 658, 475, 548, 613, 563, 544, 529, 606, 484, 548, 360, 482, 456, 445, 464, 551, 616, 500, 573, 515, 567, 585, 484, 670, 636, 449, 528, 573, 575, 585, 596, 639, 596, 508, 555, 625, 594, 641, 543, 440, 591, 502, 557, 597, 588, 553, 418, 534, 559, 298, 450, 500, 527, 669, 566, 649, 579, 564, 646, 583, 518, 520, 616, 651, 559, 513, 609, 641, 628, 608, 640, 550, 638, 671, 533, 559, 653, 512, 603, 539, 657, 647, 477, 561, 495, 596, 565, 666, 485, 661, 524, 677, 503, 521, 494, 547, 654, 471, 434, 630, 488, 675, 493, 502, 495, 638, 561, 658, 641, 670, 634, 606, 654, 615, 537, 505, 636, 527, 481, 604, 618, 574, 667, 663, 679, 548, 463, 598, 611, 699]

Cluster Number:
 [1, 2, 3, 4, 5, 6, 7, 8, 9, 10, 11, 12, 13, 14, 15, 16, 17, 18, 19, 20, 21, 22, 23, 24, 25, 26, 27, 28, 29, 30, 31, 32, 33, 34, 35, 36, 37, 38, 39, 40, 41, 42, 43, 44, 45, 46, 47, 48, 49, 50, 51, 52, 53, 54, 55, 56, 57, 58, 59, 60, 61, 62, 63, 64, 65, 66, 67, 68, 69, 70, 71, 72, 73, 74, 75, 76, 77, 78, 79, 80, 81, 82, 83, 84, 85, 86, 87, 88, 89, 90, 91, 92, 93, 94, 95, 96, 97, 98, 99, 100, 101, 102, 103, 104, 105, 106, 107, 108, 109, 110, 111, 112, 113, 114, 115, 116, 117, 118, 119, 120, 121, 122, 123, 124, 125, 126, 127, 128, 129, 130, 131, 132, 133, 134, 135, 136, 137, 138, 139, 140, 141, 142, 143, 144, 145, 146, 147, 148, 149, 150, 151, 152, 153, 154, 155, 156, 157, 158, 159, 160, 161, 162, 163, 164, 165, 166, 167, 168, 169, 170, 171, 172, 173, 174, 175, 176, 177, 178, 179, 180, 181, 182, 183, 184, 185, 186, 187, 188, 189, 190, 191, 192, 193, 194, 195, 196, 197, 198, 199, 200, 201, 202]

Odds Ratio:

0.98847820725133
0.973062899977053
0.765324519230769
0.7175902244955955
1.1920403920403921
1.039628096830886
0.9742300439974856
1.1517956312476865
1.4286890645586299
0.6162837892686092
0.9152976317473863
0.9992747756864334
1.131237680257288
1.195404693522225
0.914122755849375
1.1566424888204205
0.8658642944357231
0.8778558875219684
0.8969445530750005
0.9190343147789953
1.2376201877399002
1.1866718266253868
0.7911538461538465
1.3146633807550123
0.7461754879549848
0.8021345785041272
1.248305371970852
0.9541426672574208
0.8582304088586029
0.9023316904078427
0.7552631578947369
0.8999409022260164
1.011683612910607
0.9698781059540557
1.0038468484739027
0.9419191919191926
1.0748888336509514
0.9616832779623475
1.0506576886940178
1.0212277682157196
1.4239319761017364
0.44739425981873104
1.155621742367833
1.7829414587332049
1.8114517061885476
0.85681426106958
1.128979720500158
1.0355219552609773
1.0365853658536581
1.0957087753134043
1.3581655396471608
1.8581070946452678
0.8763497039359112
0.97869232389915
0.8746627931106041
0.6695557963163595
1.3553156081891715
0.9412508458880936
0.6097800196160852
1.0910791347682605
1.2185287175452395
0.9530256903274048
1.1028480801780551
0.7977256327337842
1.2016229712858932
1.239528319067565
0.8977724262492474
0.8434788990825686
0.8920807453416153
1.0701219512195121
1.0287620954287622
0.7027363184079599
0.7427466150870407
1.6324171539961014
0.47262773722627727
2.1654625961314364
0.9935168738898755
1.1319161327897496
1.098315554955442
1.0612446958981614
0.9712947658402206
1.031882660790525
0.9634218289085547
1.2678324441809918
1.126269621421976
1.4018863282211103
0.9089981636400738
0.7979863451732779
1.1484848484848487
0.9537464788732394
1.0489625751405856
1.0625621596021781
1.0011454753722795
0.6498148148148148
1.777455908664906
0.3826054910632027
1.1254088050314466
1.185150223454623
0.9203361742424242
0.7358683112964773
0.8359146841673505
0.8733796296296295
1.0748993288590603
0.8160944835680755
0.7913171140939598
0.8095311615459834
0.8782138660399534
0.8128648648648649
1.1127036127036123
0.810043830324642
0.9829038934793592
1.1756803705848293
0.7466972536769492
0.8942732471474646
1.0682409409005975
1.1373298416967472
0.9915966386554619
1.0590299536282746
1.634826947927217
1.5582329317269077
0.7594418604651159
1.041189630214502
0.9589922480620152
1.0051970802919707
0.8967365325839767
0.8561012067519782
1.109893992932862
0.8157759576136022
1.0411927024397993
0.5381320806852722
1.561684961065766
1.4056083996049693
0.9327372485267219
0.9007407407407405
1.0094979647218456
1.0105189340813459
1.0519696250593258
0.8950849345586185
1.55524278676988
1.080263618708014
1.0890582347588715
0.7653508771929822
2.1841346153846137
0.7210427807486631
1.1765490562262388
0.9509438648782914
1.043003851091143
0.5594986408939897
1.3257492889958422
1.1476430084745763
1.150961609861142
1.0879961160334992
0.8407610350076102
0.9740030911901087
0.8738199606124136
1.0091443850267379
0.7520172135556752
1.454871557509836
1.52078381795196
2.0578473210052186
1.4805238227918645
0.9334693733947859
1.531006089716099
1.0650435491264696
0.7500727343257529
1.2798058467444264
1.089829837752275
1.1666635255093387
0.9437178736417461
2.2724615961034087
0.9128859755045712
0.8791245791245791
1.1949282786885247
0.878971193415637
0.9866806621370514
0.8248811206785761
1.3106757227446884
0.7564399618372635
0.983520324350774
1.9241443108233134
0.9282649877423671
1.5657365347177186
1.153501577287066
0.7593270196584874
0.8420959774170781
1.1834091222268157
0.9347615310032781
0.8594591002724434
1.2665269042627532
0.8967365325839767
0.8695075443541703
1.4951893040109956
0.8368007397133609
0.8642120075046906
0.7813375920735288
1.097494553376906
1.1463124504361606
2.115551156748732
1.0916424699269094
0.7664724338861498
0.9146136618141093
0.5656175488793506
