Case Count:
 [257, 283, 225, 292, 187, 293, 220, 222, 258, 293, 303, 287, 294, 264, 217, 261, 319, 336, 330, 359, 341, 345, 255, 359, 339, 249, 285, 348, 304, 304, 225, 373, 276, 276, 275, 273, 357, 364, 323, 311, 312, 318, 356, 294, 353, 285, 244, 289, 282, 305, 276, 268, 246, 298, 346, 332, 359, 335, 241, 352, 322, 343, 341, 354, 285, 366, 320, 312, 361, 403, 373, 315, 371, 379, 385, 208, 278, 253, 196, 348, 304, 385, 346, 260, 342, 329, 286, 395, 336, 285, 329, 335, 186, 322, 312, 305, 351, 263, 303, 263, 330, 288, 297, 194, 320, 107, 390, 305, 338, 293, 328, 367, 326, 309, 189, 283, 297, 233, 382, 327, 358, 261, 319, 337, 304, 236, 268, 313, 293, 367, 349, 407, 310, 257, 382, 382, 259, 294, 326, 311, 238, 400, 393, 322, 339, 299, 380, 269, 354, 251, 385, 364, 337, 294, 374, 273, 328, 387, 327, 267, 396, 332, 411, 312, 333, 314, 291, 399, 272, 397, 322, 413, 356, 420, 275, 330, 426, 422]

Control Count:
 [431, 512, 408, 490, 338, 496, 304, 402, 453, 565, 591, 452, 492, 442, 399, 383, 493, 571, 565, 563, 598, 604, 409, 625, 543, 459, 510, 592, 498, 518, 393, 603, 472, 441, 470, 460, 594, 546, 489, 565, 488, 478, 593, 482, 566, 474, 371, 462, 488, 523, 432, 483, 388, 512, 578, 552, 522, 491, 353, 537, 483, 568, 551, 567, 502, 620, 515, 440, 526, 600, 556, 511, 609, 538, 658, 494, 480, 389, 325, 592, 496, 632, 548, 426, 577, 529, 421, 648, 554, 459, 588, 591, 290, 566, 526, 501, 643, 416, 469, 457, 527, 506, 521, 334, 530, 155, 627, 484, 544, 469, 522, 566, 560, 530, 335, 465, 496, 387, 650, 569, 576, 355, 542, 559, 521, 409, 487, 513, 494, 576, 608, 616, 537, 473, 619, 537, 437, 479, 543, 509, 372, 614, 644, 412, 639, 509, 606, 446, 518, 430, 583, 596, 543, 506, 642, 438, 577, 613, 499, 449, 680, 593, 651, 517, 547, 448, 498, 672, 475, 626, 399, 676, 613, 687, 557, 560, 674, 709]

Cluster Number:
 [1, 2, 3, 4, 5, 6, 7, 8, 9, 10, 11, 12, 13, 14, 15, 16, 17, 18, 19, 20, 21, 22, 23, 24, 25, 26, 27, 28, 29, 30, 31, 32, 33, 34, 35, 36, 37, 38, 39, 40, 41, 42, 43, 44, 45, 46, 47, 48, 49, 50, 51, 52, 53, 54, 55, 56, 57, 58, 59, 60, 61, 62, 63, 64, 65, 66, 67, 68, 69, 70, 71, 72, 73, 74, 75, 76, 77, 78, 79, 80, 81, 82, 83, 84, 85, 86, 87, 88, 89, 90, 91, 92, 93, 94, 95, 96, 97, 98, 99, 100, 101, 102, 103, 104, 105, 106, 107, 108, 109, 110, 111, 112, 113, 114, 115, 116, 117, 118, 119, 120, 121, 122, 123, 124, 125, 126, 127, 128, 129, 130, 131, 132, 133, 134, 135, 136, 137, 138, 139, 140, 141, 142, 143, 144, 145, 146, 147, 148, 149, 150, 151, 152, 153, 154, 155, 156, 157, 158, 159, 160, 161, 162, 163, 164, 165, 166, 167, 168, 169, 170, 171, 172, 173, 174, 175, 176, 177, 178]

Odds Ratio:

0.973062899977053
0.765324519230769
0.8246289169873559
0.9648202137998054
0.8562271062271063
0.9386875828546176
1.4011055034847393
0.8296306486003165
0.8653177710292341
0.5789671475330341
0.5164601373544341
1.1529459711224965
0.9725820016820856
0.9761344537815126
0.8059902007270427
1.3208114530466157
1.2671568627450982
0.8969445530750005
0.8734269708532922
1.3151642984014205
0.7564330079858032
0.7534873890376212
1.0809104921866695
0.7395400000000001
1.1549723756906076
0.7680426556587547
0.7910618792971736
0.8785268785268785
1.0400118994496503
0.9129129129129127
0.8962331454662199
1.171541283481582
0.9183737132161797
1.1019573473561208
0.92047223663726
0.9581456259821899
0.9821384577482137
1.617777777777777
1.3609230660743254
0.7009540929203537
1.2082096295340132
1.3745288564611504
0.9764521831000221
1.0348261553870368
1.1748294847563479
0.991698175242479
1.2040638606676346
1.1092929292929294
0.8833663986634649
0.8921691732541879
1.1601908657123383
0.7949826256462411
1.1169275145558464
0.8916223404255317
0.9655095434758346
0.9892997426520388
1.7709291187739458
1.554813567288109
1.2930294445875181
1.4390718979430206
1.3960113960113965
1.0064553990610328
1.1177636208748474
1.1825708061002176
0.8331608630413412
0.8733539549270883
1.1121807946479563
1.6080171796707228
1.7773715511358092
2.388148148148148
1.748310442555048
1.0787671232876712
1.0660919540229887
2.230793060718711
0.7584712371946415
0.4265208475734791
0.8921325051759836
1.1853802139480885
1.000164609053498
0.8785268785268785
1.053285543608124
1.082981715893108
1.2220390864139392
1.029716473889894
0.9226893458879024
1.1251245918542707
1.363109931225063
1.1083052749719422
1.0245697662192004
1.0845853492912318
0.7121212121212122
0.7466972536769492
1.110372086683931
0.7877140527317207
0.9434448070417052
1.0312956177197843
0.5272691927046516
1.1207386363636362
1.2303555750658468
0.8861274119753331
1.1547098863220935
0.8367929220218309
0.8309994322943418
0.934082854698766
1.0045980656413513
1.1914302370773415
1.2821013572893267
1.147465153570988
1.1319161327897496
1.1082600695154363
1.1661316488902698
1.4589222614840993
0.8654867256637168
0.8879825834542816
0.8868895522388062
1.0260408050730634
0.978305315765561
0.9966257745666192
0.8042105263157892
0.8158580215917651
1.166323731138546
1.5406393416679849
0.9122693726937271
0.9988600091199268
0.8946896992962251
0.9067411805798113
0.7755802922775795
1.041105851047371
0.9506128334534966
1.3451003086419762
0.7653508771929822
2.312499999999999
0.8547341677132502
0.7612736101108193
1.1801150695802516
2.3836780032016724
0.9581617086193744
1.054006191058959
0.9829038934793592
1.045386173870334
1.1331514470657469
1.9042846404409917
1.1143667296786393
2.110862169114597
0.4721596244131456
0.9189026101599777
1.2966381383901102
1.000501187021894
1.68839427662957
0.9252597723899059
1.7732354996505937
1.0748993288590603
1.1256454699743617
0.8895733951206216
0.7707644380541581
1.088876052153821
0.773307102596531
1.3961914920316223
1.3398761809332953
0.9645853835396485
0.6500683994528041
0.706371845991395
1.7361751152073712
1.0026348253857045
1.0395122624262703
1.5699999999999996
0.9080918267665256
0.8312499999999992
0.8675196974472109
1.5401643085349146
2.2693057429899537
1.2218934911242585
0.8046541795239684
1.3192369570213762
0.5147895958313266
0.9082568807339448
2.625427984478431
0.6652285737990553
