Case Count:
 [328, 324, 296, 343, 284, 263, 306, 330, 340, 292, 356, 322, 312, 363, 340, 315, 354, 323, 325, 358, 344, 378, 346, 300, 302, 317, 337, 218, 314, 312, 400, 386, 315, 301, 310, 395, 268, 336, 349, 365, 322, 372, 332, 321, 398, 379, 406, 316, 359, 346, 397, 394, 414, 340, 364, 335, 330, 409, 317, 273, 309, 385, 399, 413, 400, 380]

Control Count:
 [564, 528, 505, 626, 467, 402, 502, 564, 598, 507, 622, 568, 529, 588, 538, 514, 570, 475, 603, 511, 569, 624, 592, 473, 515, 534, 574, 414, 505, 505, 594, 638, 510, 561, 507, 648, 475, 584, 616, 631, 579, 632, 564, 526, 669, 647, 665, 547, 596, 585, 650, 664, 641, 591, 595, 549, 521, 667, 513, 465, 513, 621, 662, 686, 653, 649]

Cluster Number:
 [1, 2, 3, 4, 5, 6, 7, 8, 9, 10, 11, 12, 13, 14, 15, 16, 17, 18, 19, 20, 21, 22, 23, 24, 25, 26, 27, 28, 29, 30, 31, 32, 33, 34, 35, 36, 37, 38, 39, 40, 41, 42, 43, 44, 45, 46, 47, 48, 49, 50, 51, 52, 53, 54, 55, 56, 57, 58, 59, 60, 61, 62, 63, 64, 65, 66]

Odds Ratio:

0.8592422209443487
1.0671936758893283
0.9140483279097141
0.5821685303514373
1.024024314429785
1.2118102668475799
1.0357966629721713
0.8803435487019324
0.746596398770312
0.8658642944357231
0.7309495215589046
0.7752497893342966
0.9241623625024187
1.1372180451127814
1.2128722165896886
1.0576440316304752
1.1544272445820432
1.4831034482758623
0.5909778592418026
1.8768814476577034
1.0118582924798816
1.0327868852459023
0.8546934030804998
1.1635511886473906
0.9117142654666569
0.943973721372874
0.8864179818268773
0.748158349181367
1.1092594059405938
1.0848366726436423
2.31373564706898
1.0273851067605135
1.0858633776091082
0.6492934459686376
1.0475054661101173
1.1083052749719422
0.8347676208064017
0.8043622822183799
0.705050505050505
0.7582344626718631
0.7082355372510817
0.8433780464764785
0.9022337111420428
1.0446929174453827
0.8561012067519782
0.7908037094281304
1.1655502392344494
0.8501062707153578
0.9938758389261744
0.909438470728793
1.1342857142857135
0.8439089692101742
2.2476131045241794
0.7961168367259738
1.084862745098039
1.0502487039372288
1.2028737959816163
1.2468265867066464
1.088981561371552
0.9301593470656825
0.996176338281601
1.2284547026898078
0.9944864048338368
0.972527472527472
1.1779950524207792
0.7839962393251675
