Case Count:
 [173, 351, 256, 80, 0, 0, 121, 0, 11, 0, 0, 0, 27, 292, 0, 0, 3, 0, 0, 0, 93, 90, 343, 259, 87, 61, 137, 128, 105, 363, 63, 54, 238, 128, 179, 79, 13, 25, 222, 6, 218, 0, 336, 280, 2, 253, 15, 241, 74, 262, 274, 347, 240, 282, 155, 5, 82, 154, 82, 44, 270, 165, 113, 43, 127, 77, 209, 319, 308, 120, 294, 77, 123, 188, 159, 14, 335, 125, 16, 182, 325, 246, 210, 67, 152, 229, 322, 217, 165, 182, 260, 253, 184, 207, 240, 314, 54, 225, 183, 174, 208, 287, 266, 329, 161, 167, 207, 248, 253, 231, 207, 256, 302, 248, 153, 247, 199, 378, 225, 153, 147, 269, 227, 392, 235, 244, 249, 306, 72, 219, 388, 337, 273, 343, 262, 279, 341, 224, 268, 230, 360, 232, 280, 69, 231, 126, 309, 296, 209, 401, 270, 290, 274, 241, 224, 213, 330, 214, 309, 243, 401, 19, 268, 342, 408, 227, 223, 396, 286, 319, 350, 332, 286, 271, 236, 281, 248, 266, 326, 236, 291, 275, 265, 339, 164, 282, 338, 267, 194, 266, 224, 178, 356, 253, 271, 321, 343, 283, 309, 45, 402, 128, 317, 306, 401, 233, 280, 403, 334, 321, 256, 295, 401, 295, 348, 343, 263, 309, 300, 322, 195, 404, 400, 380, 242, 404, 227, 255, 415, 416, 382, 372, 245, 406, 107, 342, 403, 277, 357, 260, 414, 200, 341, 395]

Control Count:
 [274, 572, 472, 149, 0, 0, 240, 0, 11, 0, 0, 0, 35, 499, 0, 0, 14, 0, 0, 0, 175, 179, 575, 429, 119, 136, 267, 161, 164, 611, 99, 72, 431, 242, 287, 127, 26, 62, 270, 5, 363, 0, 560, 489, 1, 391, 23, 425, 101, 455, 448, 583, 358, 484, 251, 5, 149, 258, 170, 91, 448, 303, 124, 86, 226, 129, 364, 548, 527, 216, 475, 219, 274, 325, 290, 11, 583, 208, 30, 278, 502, 412, 363, 119, 300, 415, 525, 360, 271, 389, 446, 440, 377, 330, 377, 500, 87, 332, 332, 277, 359, 462, 430, 537, 232, 230, 327, 374, 387, 390, 396, 412, 498, 418, 237, 343, 282, 595, 347, 287, 256, 466, 360, 650, 417, 361, 415, 485, 107, 305, 632, 551, 491, 580, 445, 470, 551, 401, 479, 427, 589, 379, 462, 138, 468, 200, 524, 529, 356, 660, 479, 440, 458, 430, 360, 386, 545, 428, 507, 392, 648, 38, 447, 584, 648, 348, 351, 666, 508, 531, 553, 544, 510, 439, 347, 464, 430, 489, 509, 359, 404, 432, 456, 576, 303, 483, 592, 408, 303, 452, 394, 285, 556, 424, 437, 496, 562, 477, 489, 84, 669, 205, 508, 521, 675, 471, 465, 665, 560, 539, 470, 482, 683, 500, 578, 557, 467, 505, 501, 501, 312, 660, 671, 604, 377, 683, 379, 393, 663, 692, 624, 572, 399, 667, 171, 576, 640, 461, 608, 440, 691, 326, 572, 672]

Cluster Number:
 [1, 2, 3, 4, 7, 9, 13, 14, 17, 21, 22, 23, 24, 25, 26, 27, 28, 29, 30, 31, 32, 33, 34, 35, 36, 37, 38, 39, 40, 41, 43, 44, 45, 46, 47, 48, 49, 50, 51, 52, 53, 54, 55, 56, 57, 58, 59, 60, 61, 62, 63, 64, 65, 66, 67, 68, 69, 70, 71, 72, 73, 74, 75, 76, 77, 78, 79, 80, 81, 82, 83, 84, 85, 86, 87, 88, 89, 90, 91, 92, 93, 94, 95, 96, 97, 98, 99, 100, 101, 102, 103, 104, 105, 106, 107, 108, 109, 110, 111, 112, 113, 114, 115, 116, 117, 118, 119, 120, 121, 122, 123, 124, 125, 126, 127, 128, 129, 130, 131, 132, 133, 134, 135, 136, 137, 138, 139, 140, 141, 142, 143, 144, 145, 146, 147, 148, 149, 150, 151, 152, 153, 154, 155, 156, 157, 158, 159, 160, 161, 162, 163, 164, 165, 166, 167, 168, 169, 170, 171, 172, 173, 174, 175, 176, 177, 178, 179, 180, 181, 182, 183, 184, 185, 186, 187, 188, 189, 190, 191, 192, 193, 194, 195, 196, 197, 198, 199, 200, 201, 202, 203, 204, 205, 206, 207, 208, 209, 210, 211, 212, 213, 214, 215, 216, 217, 218, 219, 220, 221, 222, 223, 224, 225, 226, 227, 228, 229, 230, 231, 232, 233, 234, 235, 236, 237, 238, 239, 240, 241, 242, 243, 244]

Odds Ratio:

1.0776302069041217
1.087809917355372
0.7587292766509215
0.8659400646837788
nan
nan
0.7736897274633125
nan
1.675233644859813
nan
nan
nan
1.2975728155339805
0.9115918912655242
nan
nan
0.3509174311926605
nan
nan
nan
0.8493641618497109
0.7909269901234173
0.9507065217391306
1.0028619528619527
1.2648729946524064
0.7024587612822907
0.7832552025200289
1.4494617642947014
1.081130422082664
0.9146136618141093
1.0645551257253387
1.277922077922078
0.8159434844339786
0.8265525763333422
1.0578799249530957
1.0384733158355204
0.8239436619718312
0.6486676016830295
1.7353814644137227
2.0036951501154734
0.9918601897211522
nan
0.9786407766990289
0.8606963254491907
3.3272311212814643
1.1723592662871603
1.0843929450369154
0.86777183600713
1.2585921605859218
0.8881355932203389
1.0378787878787878
0.938082631068685
1.2464557423991467
0.9055113965362954
1.0371892710846753
1.6658986175115211
0.8925610512661442
0.9843601251189988
0.7539298072170044
0.7797468354430379
0.9985207100591716
0.8446556334465563
1.6884029289530973
0.8106060606060607
0.9041581574767416
0.9876868388367807
0.9086956521739132
0.8731751824817521
0.8967365325839767
0.891675374433995
1.0799564428312158
0.4943742274023058
0.6449459484431305
0.9287649402390439
0.8576600985221676
2.14716577540107
0.8011446101068741
0.9952229299363058
0.8800630417651694
1.1463202978473255
1.2834626406654088
0.9776145681372302
0.922083077700386
0.9217267552182162
0.7555865272938443
0.8224555364314402
1.0641595441595444
0.9991991991991994
1.0155008484391412
0.6171466295899893
0.9184056918105065
0.8903225806451613
0.6718052738336714
1.0760971786833855
1.1228556575983364
1.1454719999999998
1.0334079713390059
1.2540817475509518
0.8526449548192773
1.069055241468565
0.9255145968237889
1.0871212121212124
1.0655733297486218
1.0638056543084475
1.2381543041428928
1.3293797953964195
1.0941553305915848
1.2289945964106728
1.198535745047373
0.9625000000000002
0.7480407523510971
1.0729481670115124
1.0180869463254476
0.9629499736967361
1.1083030893157475
1.443983843537415
1.3113770685579198
1.3851494696239157
1.1544210724770396
0.8220194439706636
0.9281892123287669
0.8896490785155268
1.0945492662473795
1.0008510638297867
0.8591362204354167
1.272078982882307
0.988421052631579
1.152747849003953
1.1386080623392498
1.380581222056632
1.155621742367833
1.0613323369275116
0.7938188599612298
0.9117097701149428
0.9413572018028309
0.9572074468085106
1.1177636208748474
0.8495969378878386
0.8147090063363
0.7757471174209742
1.0754120908641547
1.0320574101691458
1.01391271202592
0.7972972972972973
0.6169871794871794
1.0627476038338657
0.9253669994128008
0.7786693457770963
0.9495359062042015
1.0872408293460922
0.8305024026880461
1.2739475289810862
0.9789599047240971
0.843528306319004
1.065012919896641
0.8350451648402037
1.0165810958673513
0.6666666666666666
1.036094674556213
1.0626822157434404
1.302794022092268
0.8214285714285713
0.9852296662611035
0.8693687332297696
1.6248506571087216
1.169214920841466
1.1088820301783264
0.8573224387177878
0.8095311615459834
0.9862366603892032
1.2444886929313044
1.0494777350192415
0.7990260156350124
1.0619237444408292
1.276472508908164
1.011894369271061
0.8998417143552904
0.7514923697057815
1.2412677990854883
1.1949449071723588
1.5768664704308268
1.1489385727190606
0.9084492841298647
0.8945833333333335
0.8364836483648364
0.9111049570756026
0.7687985014717689
1.2175102599179204
1.1106620866168246
0.9388715535321497
0.8832015110376583
1.060079317066613
1.3268614024443097
0.9752485291134102
1.074166394246486
1.2724166211044288
1.0553454922894423
0.9545906574208461
1.1617272298253893
0.8756345177664974
0.9581868864380078
1.0500196063053877
1.1252742997289271
0.9141183092087222
0.8285769980506815
0.6171644713788057
0.9960100087915064
1.0605263157894735
0.9542857142857142
0.9538850979528947
0.7679107080572025
1.0455567081604427
0.6952685520536331
0.9341666666666666
0.9924331723639684
1.0968918312387794
0.8351542729219386
1.0496115765422696
0.9779003144789556
1.2469761332036784
1.0655737704918031
1.1892640692640688
0.8712598876533307
1.3222583903917384
1.1437073341501836
0.7605103534825347
0.9859984069298552
1.181339196813807
1.695261437908499
0.9409399346569509
1.116959064327486
1.5142469470827684
1.041327545668294
1.1251646903820816
1.049795673923765
0.9304123711340209
1.5392361111111108
0.9903189523579982
0.8592747111681639
0.9507364144235653
0.8867149059334297
1.0319069743563414
0.9489795918367347
0.74810606060606
