Case Count:
 [253, 120, 24, 2, 2, 0, 0, 9, 13, 79, 10, 0, 0, 56, 242, 0, 0, 0, 0, 0, 0, 0, 27, 143, 74, 0, 1, 179, 0, 41, 87, 38, 315, 110, 0, 1, 252, 251, 74, 2, 2, 222, 171, 252, 334, 255, 0, 0, 7, 1, 152, 23, 38, 176, 339, 120, 193, 259, 231, 272, 312, 250, 90, 261, 49, 241, 177, 185, 193, 191, 49, 143, 222, 139, 122, 269, 204, 183, 246, 246, 285, 236, 129, 293, 229, 259, 101, 32, 295, 250, 219, 266, 99, 236, 208, 177, 212, 170, 253, 325, 232, 284, 266, 272, 162, 122, 396, 125, 224, 261, 241, 55, 317, 212, 156, 224, 237, 320, 125, 261, 220, 324, 303, 241, 218, 233, 205, 203, 197, 228, 205, 268, 243, 258, 337, 183, 190, 262, 109, 239, 167, 295, 159, 346, 200, 247, 171, 256, 271, 281, 267, 328, 238, 335, 327, 257, 269, 310, 241, 70, 153, 328, 195, 307, 328, 233, 194, 83, 296, 283, 243, 246, 174, 268, 326, 170, 259, 174, 255, 273, 219, 263, 275, 252, 220, 278, 324, 241, 269, 352, 338, 258, 403, 284, 390, 173, 171, 181, 321, 342, 321, 175, 279, 186, 167, 325, 284, 241, 238, 228, 321, 274, 342, 167, 273, 270, 224, 223, 307, 240, 255, 336, 305, 293, 162, 311, 405, 341, 231, 257, 217, 191, 311, 384, 414, 318, 246, 218, 194, 251, 206, 260, 219, 198, 266, 412, 344]

Control Count:
 [390, 216, 31, 2, 1, 0, 0, 18, 40, 166, 6, 0, 8, 60, 402, 0, 0, 0, 0, 0, 0, 1, 68, 230, 122, 0, 0, 287, 0, 57, 134, 65, 536, 173, 0, 0, 450, 403, 164, 0, 3, 389, 349, 398, 546, 514, 1, 0, 14, 3, 212, 39, 76, 320, 561, 186, 339, 457, 377, 485, 549, 442, 111, 445, 95, 493, 298, 286, 326, 305, 88, 280, 379, 263, 212, 434, 350, 339, 422, 392, 429, 420, 202, 518, 353, 471, 176, 66, 467, 443, 313, 426, 232, 448, 414, 251, 389, 236, 426, 554, 318, 331, 437, 469, 242, 195, 660, 198, 346, 435, 402, 119, 522, 427, 232, 351, 407, 562, 190, 464, 388, 529, 470, 402, 275, 412, 336, 337, 368, 389, 326, 453, 437, 431, 545, 329, 315, 418, 210, 425, 284, 436, 243, 501, 311, 425, 307, 417, 465, 475, 416, 541, 414, 556, 532, 436, 409, 496, 433, 98, 243, 534, 322, 480, 552, 465, 277, 147, 490, 442, 378, 416, 323, 444, 545, 309, 449, 304, 432, 454, 322, 417, 490, 409, 359, 459, 502, 390, 457, 553, 576, 479, 688, 478, 649, 248, 307, 319, 526, 578, 523, 197, 452, 325, 294, 536, 442, 401, 424, 381, 540, 421, 540, 322, 535, 435, 394, 454, 491, 367, 444, 565, 476, 458, 269, 514, 668, 543, 408, 422, 336, 280, 512, 643, 690, 515, 436, 372, 396, 432, 352, 440, 371, 308, 419, 688, 572]

Cluster Number:
 [1, 2, 3, 4, 5, 8, 9, 10, 11, 14, 15, 23, 24, 25, 27, 28, 30, 31, 32, 33, 34, 36, 37, 38, 39, 40, 41, 42, 43, 44, 45, 46, 49, 50, 51, 52, 53, 54, 55, 56, 57, 58, 59, 60, 61, 62, 63, 64, 65, 66, 67, 68, 69, 70, 71, 72, 73, 74, 75, 76, 77, 78, 79, 80, 81, 82, 83, 84, 85, 86, 87, 88, 89, 90, 91, 92, 93, 94, 95, 96, 97, 98, 99, 100, 101, 102, 103, 104, 105, 106, 107, 108, 109, 110, 111, 112, 113, 114, 115, 116, 117, 118, 119, 120, 121, 122, 123, 124, 125, 126, 127, 128, 129, 130, 131, 132, 133, 134, 135, 136, 137, 138, 139, 140, 141, 142, 143, 144, 145, 146, 147, 148, 149, 150, 151, 152, 153, 154, 155, 156, 157, 158, 159, 160, 161, 162, 163, 164, 165, 166, 167, 168, 169, 170, 171, 172, 173, 174, 175, 176, 177, 178, 179, 180, 181, 182, 183, 184, 185, 186, 187, 188, 189, 190, 191, 192, 193, 194, 195, 196, 197, 198, 199, 200, 201, 202, 203, 204, 205, 206, 207, 208, 209, 210, 211, 212, 213, 214, 215, 216, 217, 218, 219, 220, 221, 222, 223, 224, 225, 226, 227, 228, 229, 230, 231, 232, 233, 234, 235, 236, 237, 238, 239, 240, 241, 242, 243, 244, 245, 246, 247]

Odds Ratio:

1.178853046594982
0.891675374433995
1.3002720559657988
1.6613272311212812
3.3272311212814643
nan
nan
0.8255813953488371
0.5248826291079812
0.7429384203480588
2.804972804972805
nan
0.0
1.6278503046127069
0.9961865797913982
nan
nan
nan
nan
nan
nan
0.0
0.636065105653912
1.0460340775558168
1.0070514260049408
nan
inf
1.0578799249530957
nan
1.2126862382085868
1.0956156716417909
0.9665835411471323
0.909966297544535
1.0726145088462147
nan
inf
0.8325133689839571
1.0766986959505833
0.6972268626795857
inf
1.1060259344012204
0.8915451411512447
0.6929072403027838
1.117351463198345
1.0603174603174603
0.5769962781255285
0.0
nan
0.8263888888888887
0.5517503805175038
1.2890671224771544
0.9767628205128206
0.8129675810473816
0.8532319391634982
1.0091443850267379
1.0961674587925978
0.9002686044559559
0.8532579625577436
1.0339854111405835
0.8160503734798448
0.8009982358762531
0.8558979147214443
1.4334391698288544
0.9324958969827039
0.8371659919028339
0.5801934148790132
0.9748194067319021
1.1256263421617756
0.9674547358970522
1.068125330512956
0.9137529137529138
0.772972972972973
0.9420619384020527
0.8192015209125476
0.936729956550205
1.0719165085388997
0.9375319148936168
0.8202779314159293
0.9242442845566387
1.0925240562546263
1.2898465171192444
0.8525451559934322
1.0835835196422867
0.8135875601629026
1.1584378794010524
0.785126209011559
0.9371974179666487
0.7886233340778795
1.1449411134903638
0.850979970618797
1.3198518733662503
1.0900160112893156
0.6225152129817445
0.7266009852216748
0.6829370307631177
1.2838569386575833
0.813879483143268
1.3174973221599144
0.9642839113534251
0.895401862055862
1.4450217239388694
2.1976025728486506
1.023875345564212
0.8994548216998838
1.174508458394248
1.0519453207150369
0.9488372093023254
1.0655922280126104
1.1502621320069906
0.9876404494382022
0.9870596512387556
0.7329963235294119
1.025406695559324
0.6583375460388532
1.1785061532837822
1.1190353143841518
0.9253533461454254
0.7942821256616526
1.1272209185383841
0.8342696629213483
0.8802899778750649
1.0598504150571222
1.2229974968710886
0.9870596512387556
1.6249115590292063
0.8675181449712509
1.0220797720797719
0.9980008047075389
0.7963528566295365
0.9416781393535498
1.0803051753972
0.9514219691981975
0.8255849250455332
0.9822460934996345
1.1093901780895845
0.8669381648936172
1.000446229361892
1.097775254777931
0.8147474747474749
0.8519647058823528
0.9598695111847556
1.3720056065239554
1.133377425044092
1.6857038610950141
1.1220385044868086
0.9171691176470586
0.8749939228936747
1.0433096146033993
0.9123527905785974
0.9472751499000667
1.1642441860465116
1.0213984779604004
0.8980700362919702
0.9964720531267297
1.0756578947368425
0.9457102530497026
1.2341579174457071
1.1240310077519375
0.829250938950708
1.2195121951219514
1.0677285677285677
1.0735229611634112
1.0076621525302922
1.201641414141414
0.9421595508552033
0.6397223092180814
1.289235983201945
0.9214820759764581
1.0053946053946052
1.1738310708898947
1.1479591836734693
0.9559585492227979
0.8232957532566155
1.0024761603708967
0.968709913128197
0.8569434920176611
0.8940979955456568
0.9157894736842105
0.9495772946859903
0.992542858659307
1.2551383399209488
1.1144675168955744
0.8144599303135888
1.051057097655688
1.0325485557293852
1.0119487408489969
1.2683873202840814
1.054882154882155
0.9383318316385638
1.2803724719918523
0.8831133113311334
0.7409774045836743
0.6508397932816539
0.9582939667971387
0.9688374579415736
1.2587921416444334
0.8749939228936747
0.8994799640348957
1.0446929174453827
0.9149930439125319
1.0662896587484203
1.786744347023535
1.0647676991150443
0.9116205533596838
0.9063375350140054
1.021209740769835
1.185578747628084
0.9925564875689562
0.8489627335022997
0.9841400156733963
0.9470809792843692
1.2109407615345857
1.2274914089347078
0.7741368286445013
0.5932777840333296
1.0761069169557236
0.8832015110376583
0.6230828846467614
1.1226161821884832
1.1863130365725085
0.886457109283196
0.9411117793624881
1.2050043898156275
1.183077107136448
0.9979198260706187
1.011581955252918
1.0699189855582953
1.1854962979667005
0.8710407239819006
1.0239310452580592
1.1403903903903903
1.232258064516129
1.0250244140624996
0.9229464159479716
0.9119999999999997
1.0869614057610528
0.8536388268289206
0.9439984430496765
0.6638631210059782
0.9147951142631993
0.9444010924697619
0.9507364144235653
0.9578902229845628
1.120331950207469
1.1339136672782706
0.887166236003445
0.9875598086124403
