Case Count:
 [354, 307, 344, 240, 300, 250, 254, 351, 333, 317, 179, 277, 347, 304, 229, 305, 363, 252, 368, 334, 372, 326, 310, 374, 256, 343, 378, 322, 276, 281, 276, 317, 360, 252, 336, 280, 217, 294, 275, 334, 306, 400, 338, 282, 345, 278, 306, 300, 261, 274, 315, 395, 336, 301, 273, 272, 321, 370, 362, 322, 234, 382, 383, 319, 351, 323, 341, 393, 303, 384, 368, 346, 277, 388, 323, 334, 361, 335, 252, 307, 402, 409, 358, 411]

Control Count:
 [621, 515, 627, 434, 505, 421, 393, 558, 567, 554, 261, 509, 590, 531, 377, 523, 588, 402, 520, 523, 580, 603, 530, 505, 329, 567, 624, 539, 444, 484, 434, 529, 602, 407, 585, 496, 410, 498, 474, 545, 510, 594, 502, 347, 596, 480, 497, 511, 438, 470, 514, 648, 554, 561, 481, 476, 567, 638, 642, 514, 380, 650, 656, 542, 581, 557, 582, 651, 497, 627, 606, 590, 523, 656, 566, 486, 571, 587, 424, 500, 655, 673, 611, 668]

Cluster Number:
 [1, 2, 3, 4, 5, 6, 7, 8, 9, 10, 11, 12, 13, 14, 15, 16, 17, 18, 19, 20, 21, 22, 23, 24, 25, 26, 27, 28, 29, 30, 31, 32, 33, 34, 35, 36, 37, 38, 39, 40, 41, 42, 43, 44, 45, 46, 47, 48, 49, 50, 51, 52, 53, 54, 55, 56, 57, 58, 59, 60, 61, 62, 63, 64, 65, 66, 67, 68, 69, 70, 71, 72, 73, 74, 75, 76, 77, 78, 79, 80, 81, 82, 83, 84]

Odds Ratio:

0.7175902244955955
0.9619152691968222
0.5832955594728445
0.8169881666396499
0.9530593347104495
0.9645716296547647
1.1703459184375216
1.2151759530791784
0.8920335429769393
0.8160916138959579
1.2318449749484228
0.7356836207523834
0.8822033898305084
0.8354327962614215
1.0152709359605911
0.8921691732541879
1.1372180451127814
1.0928246468193787
2.073239436619719
1.2468360193025587
1.4167781780751425
0.5980422371916229
0.8977621763931549
2.540807311500382
1.6965469131496338
1.0145318930041152
1.0327868852459023
0.9650349650349651
1.0830708008622119
0.8965896014227431
1.147041361567386
0.9774551427066224
0.9537827494848397
1.0628440788868596
0.7974110032362458
0.8236964901602759
0.7581410678971655
0.9364353967594515
0.8985540804775137
1.0680996068152033
0.9834586466165415
2.31373564706898
1.5066072344286223
1.9721727638172506
0.8128659146080253
0.8921325051759836
1.0693635497193685
0.9165270523307383
0.9708326920116976
0.9115667311411992
1.0576440316304752
1.1083052749719422
1.0245697662192004
0.6492934459686376
0.8445131878866821
0.8622754491017965
0.7724419334588828
0.7564399618372635
0.6297689849091717
1.145831254780671
1.0453401797175867
0.8042105263157892
0.7506533101045296
0.9122693726937271
1.0091730558598024
0.8548412059679321
0.8728872992495965
1.0105189340813459
1.0355219552609773
1.1246628969117005
1.0434620926881422
0.870202296336796
0.6702192951396266
0.8350071736011476
0.7969720969903742
1.5839310209680586
1.2725537743050874
0.7737354213078232
0.9661991726364643
1.0605454545454545
1.2108933360841752
1.1141654284299143
0.8463356973995269
1.3184345594525233
