Case Count:
 [150, 179, 301, 346, 354, 322, 295, 187, 328, 287, 320, 269, 261, 241, 227, 33, 346, 255, 334, 200, 275, 258, 174, 293, 92, 245, 279, 237, 285, 307, 357, 290, 328, 168, 341, 229, 179, 389, 367, 336, 308, 278, 190, 251, 316, 276, 208, 162, 302, 336, 321, 251, 230, 179, 97, 283, 366, 227, 304, 236, 231, 271, 331, 343, 259, 260, 398, 107, 259, 264, 362, 272, 249, 179, 294, 293, 323, 363, 207, 304, 328, 273, 276, 323, 272, 371, 374, 242, 322, 382, 387, 367, 240, 288, 265, 294, 265, 305, 378, 365, 361, 261, 328, 204, 291, 332, 394, 384, 391, 353, 296, 304, 304, 397, 339, 181, 383, 246, 379, 327, 326, 289, 342, 274, 356, 387, 384, 395, 383, 318, 329, 272, 391, 416, 289, 401]

Control Count:
 [293, 343, 495, 542, 545, 472, 453, 321, 517, 563, 586, 464, 395, 425, 460, 32, 514, 310, 568, 295, 403, 435, 279, 502, 157, 322, 445, 389, 484, 520, 607, 549, 556, 300, 581, 349, 269, 581, 537, 543, 444, 517, 207, 370, 477, 460, 449, 354, 526, 525, 439, 325, 261, 306, 178, 399, 599, 375, 432, 448, 476, 433, 526, 552, 430, 455, 650, 207, 438, 489, 581, 494, 434, 360, 497, 495, 538, 598, 383, 419, 490, 435, 487, 520, 480, 585, 612, 396, 514, 630, 580, 613, 396, 417, 458, 441, 557, 513, 614, 546, 571, 449, 581, 359, 464, 516, 666, 594, 647, 544, 487, 514, 464, 631, 502, 318, 576, 413, 612, 551, 581, 571, 562, 433, 535, 588, 641, 670, 637, 478, 414, 549, 658, 682, 470, 689]

Cluster Number:
 [1, 2, 3, 4, 5, 6, 7, 8, 9, 10, 11, 12, 13, 14, 15, 16, 17, 18, 19, 20, 21, 22, 23, 24, 25, 26, 27, 28, 29, 30, 31, 32, 33, 34, 35, 36, 37, 38, 39, 40, 41, 42, 43, 44, 45, 46, 47, 48, 49, 50, 51, 52, 53, 54, 55, 56, 57, 58, 59, 60, 61, 62, 63, 64, 65, 66, 67, 68, 69, 70, 71, 72, 73, 74, 75, 76, 77, 78, 79, 80, 81, 82, 83, 84, 85, 86, 87, 88, 89, 90, 91, 92, 93, 94, 95, 96, 97, 98, 99, 100, 101, 102, 103, 104, 105, 106, 107, 108, 109, 110, 111, 112, 113, 114, 115, 116, 117, 118, 119, 120, 121, 122, 123, 124, 125, 126, 127, 128, 129, 130, 131, 132, 133, 134, 135, 136]

Odds Ratio:

0.7705752447535931
0.7727629513343797
1.02668716146977
1.276752767527675
1.3984241770102535
1.4926843401419674
1.243638091734118
0.9408717796568264
1.2059874187533763
0.5533677666635505
0.6516190093784955
0.9003042596348888
1.236139951642725
0.86777183600713
0.6238310090237902
1.7678571428571428
1.5489728463244212
1.868688639551192
0.8960429242119383
1.2282816821502018
1.3522816679779701
0.9601066869879976
1.0566849259484683
0.9034819625607161
0.9642614585436591
1.5923352756611386
1.108946629213483
1.022461757743898
0.9329719866909951
0.9303030303030301
0.8678627395829144
0.6345888192075891
0.914122755849375
0.8844280442804431
0.880378657487091
1.1842133988265793
1.174735487560766
1.9684337349397585
1.812978481274571
1.111409107976184
1.5038855649542664
0.7047106455062052
1.9205323710300137
1.2918056354226568
1.3518774181452502
0.9865030674846629
0.5595117577300206
0.6178792143425321
0.846548805195526
1.261359223300971
1.7908381915756157
1.6555319148936167
1.9690553447359256
0.9494469582704874
0.8763716407122675
1.495838956365272
1.0797447801129745
1.0079371069182395
1.5429355281207133
0.7266009852216748
0.5879524886877829
1.098990982074123
1.1769821151950433
1.1391908212560389
0.9971834625322995
0.871508379888268
1.164878048780487
0.8111722251324138
0.9526889903602233
0.7373181419807187
1.1894852135815983
0.7715096123542389
0.8877758913412563
0.7037606837606836
0.9423992229237493
0.9446381624463815
0.9833675169850019
1.0383295194508009
0.8037161249662375
1.6606735613895518
1.4352638352638352
1.10772746157042
0.8379335105377864
1.113793103448276
0.8415169660678645
1.3336601307189544
1.0905982905982907
1.0298928369994362
1.145831254780671
1.0424951267056528
1.899071618037136
0.9562488671379377
1.0111161869955843
1.4224593834865884
0.8978316518596595
1.3195402298850576
0.4675602055345756
0.9539291844869218
1.150531318417259
1.6441441441441436
1.2725537743050874
0.9111258477015088
0.7476392054705306
0.8922657500148163
1.1187092264678473
1.2747953343476055
0.815081748415082
1.575022956841139
1.0198029366306032
1.3883378932968533
1.0243391105814106
0.9375414324830664
1.2812260536398468
1.4530601464040445
1.526175298804781
0.9045146506752473
1.8048115079365086
0.9721612364977607
1.1972766884531592
0.9378889032927148
0.7299285638127732
0.5297489784004671
1.0414205525186189
1.1313597872489332
1.5473032316180602
1.7719780219780217
0.9476102680470858
0.7771370420624156
0.9770408163265307
1.3745288564611504
2.2684672815107603
0.5310471952270324
0.8665780141843971
1.2199413489736082
1.0576170212765956
0.5973187686196625
