Case Count:
 [343, 337, 363, 231, 249, 298, 366, 335, 299, 374, 303, 346, 269, 257, 376, 366, 309, 274, 249, 361, 367, 313, 265, 316, 226, 301, 254, 241, 223, 296, 149, 325, 254, 338, 266, 360, 208, 289, 357, 319, 239, 336, 293, 349, 374, 228, 311, 359, 277, 357, 327, 208, 339, 388, 169, 356, 303, 383, 341, 369, 265, 362, 198, 271, 247, 303, 305, 308, 330, 74, 387, 279, 328, 270, 239, 271, 298, 323, 367, 193, 371, 295, 309, 369, 348, 310, 267, 381, 262, 285, 321, 338, 118, 281, 207, 308, 291, 283, 313, 298, 263, 195, 329, 319, 366, 334, 311, 246, 261, 305, 327, 348, 270, 150, 307, 221, 334, 348, 235, 300, 348, 312, 224, 357, 97, 371, 388, 377, 402, 286, 291, 314, 268, 279, 194, 334, 263, 313, 336, 380, 328, 262, 356, 310, 277, 342, 307, 378, 324, 311, 209, 337, 200, 300, 258, 349, 300, 239, 339, 222, 319, 373, 330, 231, 296, 219, 327, 331, 239, 284, 333, 395, 277, 335, 274, 300, 291, 384, 403, 408, 405, 399, 415, 405, 251, 290, 304, 213, 245, 395, 383, 271, 399, 208, 286, 300, 260, 288, 292, 274, 360, 389, 300, 406, 388, 295, 279, 261, 258, 384, 242, 403, 395, 312, 311, 305, 396, 391, 259, 266, 264, 375, 245, 339, 249, 386, 383, 261, 298, 290, 288, 323, 336, 313, 411, 394, 275, 204, 330, 383, 413, 417, 363, 413, 354, 394, 366, 416, 354, 378, 396, 408, 420, 410, 421, 429]

Control Count:
 [536, 587, 579, 360, 410, 498, 592, 551, 510, 583, 524, 639, 471, 446, 612, 567, 422, 468, 371, 584, 598, 520, 438, 539, 449, 478, 400, 361, 422, 530, 249, 582, 471, 596, 488, 598, 360, 514, 623, 575, 376, 560, 484, 609, 626, 373, 536, 488, 453, 594, 497, 497, 516, 605, 275, 582, 497, 620, 562, 590, 477, 598, 361, 449, 394, 515, 528, 568, 607, 135, 655, 461, 553, 436, 391, 412, 427, 459, 605, 339, 578, 509, 551, 628, 617, 503, 452, 538, 374, 486, 547, 538, 209, 498, 305, 532, 427, 512, 551, 489, 450, 319, 572, 585, 544, 538, 487, 461, 413, 473, 558, 569, 470, 235, 502, 435, 556, 590, 386, 559, 584, 544, 413, 603, 176, 623, 658, 644, 659, 486, 410, 559, 440, 457, 324, 554, 458, 482, 550, 587, 509, 444, 607, 530, 477, 577, 539, 614, 512, 522, 403, 569, 350, 506, 434, 586, 501, 378, 558, 366, 621, 583, 551, 389, 495, 367, 541, 580, 405, 470, 518, 602, 485, 551, 459, 495, 463, 624, 628, 657, 682, 677, 673, 660, 390, 475, 464, 383, 426, 641, 596, 446, 639, 326, 465, 522, 426, 454, 458, 433, 619, 675, 486, 636, 599, 511, 463, 397, 407, 661, 325, 664, 667, 532, 539, 550, 629, 644, 438, 459, 456, 639, 427, 532, 477, 670, 609, 548, 515, 500, 437, 560, 516, 457, 680, 640, 557, 441, 560, 598, 690, 682, 643, 673, 583, 650, 572, 682, 495, 588, 687, 661, 698, 693, 688, 711]

Cluster Number:
 [1, 2, 3, 4, 5, 6, 7, 8, 9, 10, 11, 12, 13, 14, 15, 16, 17, 18, 19, 20, 21, 22, 23, 24, 25, 26, 27, 28, 29, 30, 31, 32, 33, 34, 35, 36, 37, 38, 39, 40, 41, 42, 43, 44, 45, 46, 47, 48, 49, 50, 51, 52, 53, 54, 55, 56, 57, 58, 59, 60, 61, 62, 63, 64, 65, 66, 67, 68, 69, 70, 71, 72, 73, 74, 75, 76, 77, 78, 79, 80, 81, 82, 83, 84, 85, 86, 87, 88, 89, 90, 91, 92, 93, 94, 95, 96, 97, 98, 99, 100, 101, 102, 103, 104, 105, 106, 107, 108, 109, 110, 111, 112, 113, 114, 115, 116, 117, 118, 119, 120, 121, 122, 123, 124, 125, 126, 127, 128, 129, 130, 131, 132, 133, 134, 135, 136, 137, 138, 139, 140, 141, 142, 143, 144, 145, 146, 147, 148, 149, 150, 151, 152, 153, 154, 155, 156, 157, 158, 159, 160, 161, 162, 163, 164, 165, 166, 167, 168, 169, 170, 171, 172, 173, 174, 175, 176, 177, 178, 179, 180, 181, 182, 183, 184, 185, 186, 187, 188, 189, 190, 191, 192, 193, 194, 195, 196, 197, 198, 199, 200, 201, 202, 203, 204, 205, 206, 207, 208, 209, 210, 211, 212, 213, 214, 215, 216, 217, 218, 219, 220, 221, 222, 223, 224, 225, 226, 227, 228, 229, 230, 231, 232, 233, 234, 235, 236, 237, 238, 239, 240, 241, 242, 243, 244, 245, 246, 247, 248, 249, 250, 251, 252, 253, 254, 255, 256]

Odds Ratio:

1.2798507462686564
0.7936165948491832
1.2291382601581673
1.1352564102564102
1.0164569961489087
0.9761029935344213
1.1517956312476865
1.0347445204523247
0.9129131652661066
1.4310595065312046
0.8673664122137403
0.5181819711578912
0.863407018858499
0.8928448233380966
1.131237680257288
1.4236428209030954
1.7235508567262114
0.9225589225589226
1.261072492552135
1.141201264488935
1.1080917874396141
0.9936507936507933
1.0083713850837137
0.9008552423186565
0.6593054989177828
1.1407737553817232
1.1258378378378375
1.2374017180111363
0.7486176935229069
0.7732946298984036
0.9883811106494945
0.71516850545608
0.7491593504332356
0.7411788158681641
0.7561830759025869
0.9906439185470555
0.9204425204425203
0.8021530479896237
0.7337626747053989
0.7073478260869568
1.1187234042553191
0.9786407766990289
1.0117174232989925
0.7577266922094507
0.9375276480707789
1.028423312961387
0.870335820895522
2.206967213114754
1.038004524023656
0.9821384577482137
1.3570171026156943
0.4185110663983903
1.3927906976744184
1.5467185221195912
1.031070707070707
1.0759739990891395
1.0355219552609773
1.1913594470046087
1.027779795192098
1.2329782082324459
0.8014048531289908
1.0220214568040653
0.8352317789450695
1.002346484250716
1.090550972927242
0.9214591661907479
0.8621664405246495
0.6622943769487151
0.6035095143811495
0.890553018772197
0.8294480328831473
1.0099376355748375
0.9351123275173912
1.0699744856413878
1.0299616368286448
1.2372283865002314
1.489826764329729
1.631864623243934
1.0362947658402204
0.9002686044559559
1.4158864237736628
0.8814259986902424
0.7635487924054167
0.8393994540491355
0.687979767396299
1.0749456747884782
0.9478802222679561
2.3198948852711188
1.4010695187165776
0.9215167548500884
0.9001487311374836
1.181861680591851
0.9128471135357512
0.8213868130750852
1.237436404748445
0.866211329851346
1.386021267168808
0.765324519230769
0.7979863451732779
1.032966395451711
0.9231565656565653
1.0246544015622592
0.8157024793388432
0.6498148148148148
1.6958098307816283
1.1233846698530712
1.202371021560575
0.7382239555820306
1.1183584079223003
1.2270833990722916
0.8894969278033793
1.068618551922594
0.8769986151328214
1.0888610763454318
1.047054207412773
0.6828324369925131
0.9840356286399455
0.8944682436207859
1.020649192319415
0.6525012548101052
0.9429474634954084
0.8309402501157941
0.7946393378005521
0.9024996966387568
0.8895534290271132
0.919530733641772
0.8093450146015853
0.7931276297335208
1.1375958659721932
0.930794265580032
1.5250164798945285
0.7594418604651159
1.0258373205741627
1.034039934354486
0.9873519778281684
0.9990716864363077
0.8809299325129019
1.2678324441809918
1.055745807590468
1.5470793751624174
1.271385334253704
0.9468112179976583
0.8550048629443635
0.8977621763931549
0.899746357118824
0.9226893458879024
0.8155253837072016
1.150531318417259
1.188586956521739
0.9588421934865898
0.7328190743338009
0.9232399462421172
0.9037656903765688
0.9469104558250633
0.9656032792728568
0.9396662874478572
0.9779003144789556
1.1064814814814814
1.0327956989247309
1.0118606935106145
0.4580381105743427
1.4056083996049693
0.9725436653956945
0.9678292465888868
0.9743307197852651
0.9791800842209564
1.0091926326907843
0.78205619412516
0.9530493827160493
1.005792724776939
1.2735849056603774
1.878964059196618
0.8567010309278353
1.0347445204523247
0.9732092163464715
1.015914541094397
1.125372132391571
1.1636363636363642
1.782554847841471
1.4223007806746197
0.803432810074176
0.7514401772525844
1.4131376919266971
1.2272727272727266
1.1570921985815603
1.0366654892264218
1.2812260536398468
0.848968321818896
0.8952858041721116
1.218444192313147
1.5147411313518702
1.019939141575913
1.3893192488262909
1.1103497729264602
1.0572492796401718
0.851732407177706
1.029716473889894
1.1510925693613794
1.1710186257909279
1.1313597872489332
0.8024375779636407
0.6108740740740738
1.0746957989164225
1.7796836287402316
1.6384169694589026
0.8699581430745816
0.9980426565874733
1.2225256842045682
1.1242211573703282
0.7076880759180307
1.5232487309644671
1.078982597054886
0.8210099495706695
0.9050973891421468
0.8519683441558438
0.7366350067842605
1.4494768366177389
1.0625000000000002
0.9526889903602233
0.9011044366365685
0.8998496240601502
0.8160944835680755
0.8902315362514788
1.248947368421053
0.6896060906984441
0.6304702900591388
1.3364121510673235
0.48162880341179365
0.8741169179921502
0.88751677852349
1.2700683467955813
0.8353448275862069
1.3402573944456986
1.473081865860859
1.0361344537815116
1.203888888888889
0.5147895958313266
0.5649442755825735
0.9082568807339448
1.4868012422360255
0.8748049052396877
1.2784590775793134
0.6313947777686829
1.2981483598125478
1.0358187872061342
1.050666666666666
1.3673723536737241
1.2199413489736082
1.9603565062388584
1.4754098360655739
0.5496090179750179
1.3340490947245125
0.9500829437490576
0.7140369209334729
1.3598191214470305
1.0257383966244749
