Case Count:
 [0, 0, 0, 0, 0, 0, 0, 0, 0, 0, 0, 198, 0, 0, 0, 9, 0, 0, 0, 0, 233, 24, 0, 0, 87, 0, 0, 85, 9, 0, 9, 162, 44, 35, 21, 0, 126, 92, 41, 208, 119, 154, 213, 284, 231, 233, 245, 160, 170, 259, 239, 183, 231, 177, 61, 89, 374, 172, 21, 222, 217, 211, 100, 20, 189, 15, 114, 151, 198, 189, 214, 160, 183, 175, 196, 113, 267, 242, 6, 162, 112, 256, 206, 240, 177, 187, 195, 32, 156, 261, 231, 147, 228, 230, 242, 108, 209, 141, 69, 254, 129, 48, 153, 187, 43, 87, 103, 228, 102, 176, 115, 176, 199, 226, 157, 202, 133, 187, 240, 65, 120, 233, 114, 214, 177, 274, 148, 211, 113, 218, 260, 247, 97, 35, 205, 198, 237, 258, 218, 243, 223, 238, 77, 208, 211, 43, 232, 125, 289, 244, 244, 225, 229, 297, 172, 140, 123, 156, 110, 231, 228, 228, 173, 174, 222, 171, 200, 220, 205, 231, 106, 260, 159, 255, 181, 208, 171, 198, 198]

Control Count:
 [0, 0, 0, 0, 0, 0, 0, 0, 0, 0, 0, 350, 0, 0, 0, 39, 0, 0, 0, 0, 449, 42, 0, 0, 135, 0, 0, 152, 12, 0, 17, 339, 86, 51, 24, 0, 195, 145, 43, 339, 287, 253, 352, 467, 342, 382, 393, 263, 281, 471, 416, 399, 363, 271, 107, 158, 594, 280, 46, 344, 296, 344, 182, 14, 297, 21, 189, 260, 344, 359, 376, 285, 362, 301, 332, 168, 433, 427, 8, 264, 165, 393, 353, 392, 319, 332, 279, 56, 289, 399, 353, 220, 392, 377, 384, 231, 374, 248, 118, 433, 224, 95, 248, 316, 51, 191, 157, 381, 176, 288, 200, 319, 320, 328, 249, 343, 219, 315, 316, 101, 215, 414, 214, 339, 324, 444, 254, 341, 159, 371, 457, 395, 165, 48, 380, 358, 402, 421, 330, 374, 379, 395, 186, 311, 402, 74, 386, 214, 508, 330, 384, 410, 297, 462, 339, 229, 236, 270, 219, 366, 351, 373, 277, 271, 375, 311, 355, 360, 333, 350, 182, 440, 284, 427, 270, 328, 297, 326, 341]

Cluster Number:
 [12, 16, 21, 22, 25, 28, 29, 31, 32, 33, 34, 35, 37, 38, 39, 40, 41, 42, 43, 44, 45, 46, 47, 48, 49, 50, 51, 52, 53, 54, 55, 56, 57, 58, 59, 60, 61, 62, 63, 64, 65, 66, 67, 68, 69, 70, 71, 72, 73, 74, 75, 76, 77, 78, 79, 80, 81, 82, 83, 84, 85, 86, 87, 88, 89, 90, 91, 92, 93, 94, 95, 96, 97, 98, 99, 100, 101, 102, 103, 104, 105, 106, 107, 108, 109, 110, 111, 112, 113, 114, 115, 116, 117, 118, 119, 120, 121, 122, 123, 124, 125, 126, 127, 128, 129, 130, 131, 132, 133, 134, 135, 136, 137, 138, 139, 140, 141, 142, 143, 144, 145, 146, 147, 148, 149, 150, 151, 152, 153, 154, 155, 156, 157, 158, 159, 160, 161, 162, 163, 164, 165, 166, 167, 168, 169, 170, 171, 172, 173, 174, 175, 176, 177, 178, 179]

Odds Ratio:

nan
nan
nan
nan
nan
nan
nan
nan
nan
nan
nan
0.887302904564315
nan
nan
nan
0.3697674418604651
nan
nan
nan
nan
0.702823966960019
0.9445783132530119
nan
nan
1.0856691919191919
nan
nan
0.9099018733273863
1.2488372093023254
nan
0.8753761969904241
0.6710967700712438
0.8315572564027083
1.1500194137060766
1.4736842105263157
nan
1.1003194888178913
1.0660041737056547
1.6410541077480425
1.0332401128861304
0.5714176829268294
1.0144927536231885
1.0067377312952537
1.024024314429785
1.2534581646423752
1.0244751690133684
1.0765063875554157
1.0139416983523448
1.0053050046964507
0.785126209011559
0.8962500000000001
0.5894325657894736
1.1166958041958044
1.1392495986028561
0.9365821094793058
0.9173598553345388
1.2980056980056984
1.0307116104868914
0.7448512585812357
1.1419997856607014
1.4265887509130755
1.0330477356181154
0.8849557522123893
2.4343675417661093
1.0970909090909093
1.1910377358490565
1.0003418803418804
0.9437499999999999
0.9171089452861141
0.777058495821727
0.8904018912529549
0.8914041375841039
0.7227425759668509
0.9403629316420014
0.962070504239179
1.1554192229038855
1.0575890219668078
0.8659399184488641
1.2471131639722863
1.0278962914341978
1.1686776017051246
1.1924526203089587
0.9392211455458424
1.0337401292175161
0.8661729163176911
0.8851118760757317
1.2861360832011282
0.9434889434889434
0.8373457884504872
1.2090479006505022
1.1797913488777514
1.162453300124533
0.9262017603249834
1.024583402078865
1.100465313028765
0.7020049436967866
0.8601023017902818
0.9157826369344014
0.9640403114979387
0.9353972910554896
0.9362903225806452
0.8179835778705075
1.0354161967065192
0.9675005023106289
1.4414240443652209
0.694892313184198
1.1148961176827417
0.9841400156733963
0.9492851362287563
1.0223912125052812
0.9370370370370371
0.8580044578471221
1.0571875
1.2939425168899579
1.0709931926286707
0.9566864720571773
1.0101919001999582
0.9729276895943563
1.572419057311876
1.0789167152009318
0.8975723554713129
0.8578631396275974
0.8425017972681523
1.0913929859062603
0.8423805484874186
1.062189462189462
0.9491030116080851
1.0502778206513352
1.2404406374194545
0.9492017416545718
0.8613376037553635
1.0845332278481015
0.9677653730285309
1.2273102310231023
0.8022941970310391
0.8491156494123647
0.951455593320526
1.0394351780160362
1.1896887426299192
1.1734966713958312
0.9506865044463989
0.998224069525789
0.6198241549337611
1.2073328600659792
0.7504800558610457
0.9596642096642096
0.9930164451453031
0.9561581046490861
0.8343832020997377
1.5091219891219891
1.120940170940171
0.8154775472988375
1.5824755491422162
1.2042253521126762
0.7392087324472728
1.0202859604796193
0.8114674962454409
0.9350608559089123
0.7770884512359302
1.0984394703657
1.160610847814639
1.028423312961387
1.058915338888738
1.1072617141265753
0.9630230414746548
0.8555334261170033
0.8792503977841946
1.0268899036022325
1.0391802058468727
1.1994230769230767
0.954954954954955
0.9507364144235653
0.8877766599597586
0.9769244476122593
1.190037324145851
1.0980889029669518
0.9259384893713251
1.0131099966906805
0.9324053004952483
