Case Count:
 [3, 23, 60, 261, 35, 0, 10, 200, 135, 185, 135, 183, 3, 7, 328, 342, 225, 29, 71, 3, 121, 108, 176, 64, 46, 264, 35, 209, 8, 161, 162, 139, 80, 15, 220, 131, 71, 92, 211, 219, 225, 288, 67, 144, 219, 306, 228, 34, 283, 172, 106, 266, 288, 183, 110, 144, 228, 309, 248, 305, 324, 118, 34, 245, 284, 374, 284, 73, 353, 327, 237, 112, 306, 295, 83, 345, 237, 98, 154, 263, 86, 127, 78, 342, 361, 353, 340, 391, 137, 159, 336, 347, 175, 40, 234, 354, 260, 237, 326, 288, 60, 120, 92, 226, 106, 137, 335, 279, 151, 149, 20, 163, 120, 177, 298, 339, 7, 282, 60, 349, 46, 103, 338, 394, 152, 155, 91, 79, 380, 385, 264, 313, 119, 398, 395, 34, 302, 346, 329, 180, 300, 327, 270, 255, 263, 376, 297, 161, 208, 194, 313, 293, 173, 314, 205, 241, 102, 356, 366, 333, 351, 249, 327, 317, 264, 64, 173, 309, 293, 276, 177, 174, 265, 320, 376, 381, 311, 347, 368, 317, 283, 214, 285, 286, 399, 319, 381, 235, 375, 124, 419, 346, 310, 402, 287, 387, 305, 180, 392, 237, 400, 410, 311, 416, 408, 418, 380, 360]

Control Count:
 [11, 60, 146, 482, 81, 0, 20, 326, 216, 320, 215, 234, 3, 22, 544, 599, 354, 39, 100, 10, 191, 184, 214, 102, 93, 413, 56, 316, 11, 245, 268, 160, 134, 29, 281, 263, 122, 146, 345, 371, 373, 531, 75, 199, 352, 485, 453, 54, 452, 311, 203, 342, 446, 254, 150, 283, 329, 470, 335, 483, 475, 202, 55, 442, 447, 551, 447, 139, 586, 586, 459, 167, 418, 404, 121, 470, 397, 135, 214, 413, 143, 263, 161, 573, 516, 618, 608, 657, 162, 224, 527, 560, 145, 58, 410, 569, 419, 410, 551, 460, 104, 206, 147, 385, 166, 225, 583, 473, 281, 220, 43, 303, 218, 324, 413, 519, 13, 479, 85, 558, 79, 228, 540, 642, 316, 207, 154, 132, 639, 642, 383, 547, 245, 664, 650, 82, 452, 557, 599, 316, 507, 445, 388, 380, 401, 590, 509, 302, 334, 376, 507, 486, 333, 527, 302, 407, 177, 541, 551, 562, 564, 501, 478, 513, 419, 110, 325, 541, 499, 447, 347, 269, 446, 511, 603, 658, 480, 520, 627, 488, 436, 395, 463, 463, 666, 484, 605, 398, 652, 312, 684, 642, 482, 662, 454, 628, 456, 272, 668, 409, 663, 666, 518, 693, 678, 661, 616, 621]

Cluster Number:
 [1, 2, 3, 4, 5, 7, 8, 9, 10, 11, 12, 13, 14, 15, 16, 17, 18, 19, 20, 21, 22, 23, 24, 25, 26, 27, 28, 29, 30, 31, 32, 33, 34, 35, 36, 37, 38, 39, 40, 41, 42, 43, 44, 45, 46, 47, 48, 49, 50, 51, 52, 53, 54, 55, 56, 57, 58, 59, 60, 61, 62, 63, 64, 65, 66, 67, 68, 69, 70, 71, 72, 73, 74, 75, 76, 77, 78, 79, 80, 81, 82, 83, 84, 85, 86, 87, 88, 89, 90, 91, 92, 93, 94, 95, 96, 97, 98, 99, 100, 101, 102, 103, 104, 105, 106, 107, 108, 109, 110, 111, 112, 113, 114, 115, 116, 117, 118, 119, 120, 121, 122, 123, 124, 125, 126, 127, 128, 129, 130, 131, 132, 133, 134, 135, 136, 137, 138, 139, 140, 141, 142, 143, 144, 145, 146, 147, 148, 149, 150, 151, 152, 153, 154, 155, 156, 157, 158, 159, 160, 161, 162, 163, 164, 165, 166, 167, 168, 169, 170, 171, 172, 173, 174, 175, 176, 177, 178, 179, 180, 181, 182, 183, 184, 185, 186, 187, 188, 189, 190, 191, 192, 193, 194, 195, 196, 197, 198, 199, 200, 201, 202, 203, 204, 205, 206, 207, 208]

Odds Ratio:

0.4484987489574646
0.6155448717948718
0.6310767340152528
0.7483565667397081
0.6919997555311087
nan
0.8251748251748251
1.0319069743563414
1.0526315789473686
0.9286417322834648
1.059593023255814
1.5091145833333333
1.6628440366972477
0.5199915824915825
0.9994700582935878
0.75930674836067
1.110803104704578
1.2495934959349595
1.2116304347826086
0.49403669724770644
1.0697915637656823
0.9646657034020755
1.6073344941544365
1.047424836601307
0.7992010725327644
1.150605326876513
1.0396039603960396
1.184755090809026
1.2098713351613584
1.141726618705036
1.0038256371571745
1.6448333333333336
0.9878185673304786
0.8527163305139883
1.5980110174035982
0.7519999012394449
0.9583481824661441
1.0568868185227587
1.027370963640987
0.9578902229845628
1.000663977349603
0.7075990571332362
1.5681362007168458
1.2976066774550723
1.0633264462809917
1.152747849003953
0.6559743887511378
1.047828074988569
1.1077263444520082
0.8637595288847141
0.8232370301335818
1.7353885677585095
1.2059513556855639
1.3339997539370083
1.2883485309017226
0.7675630352757981
1.310476958757689
1.3047790507364971
1.5232320075017587
1.154553320354748
1.5006315789473685
0.9572190863946206
1.0272502805836141
0.8171619163129171
1.151822183733853
1.8483317045930485
1.151822183733853
0.8451664897590125
0.9946424319390424
0.7074902486591906
0.687601113052482
1.1505795747953635
1.7062992409252797
1.6429455445544554
1.1695839910855235
2.014712539610683
0.9782153278300126
1.262387314000217
1.2978521069027709
1.1397342064714946
0.9966520731393252
0.719691430242761
0.7609297844152717
0.9537431856209857
1.9015106340687726
0.7306013396553023
0.6778309409888356
0.8802955352612886
1.5849480827405775
1.2776785714285714
1.2441922588014225
1.1315217391304344
2.665229885057471
1.1580675827499787
0.8853301606186794
1.163775457458906
1.0711857175237665
0.909997585124366
0.9267462216725827
1.1112006910452061
0.949868073878628
0.9532215357458075
1.04789350898861
0.9452838241570636
1.0776800897282826
1.0141427520235469
0.8011446101068741
0.9400766384778013
0.8340376631079477
1.1863949843260186
0.7603929622023644
0.8283708805663174
0.8800437145897443
0.8423805484874186
1.6119725928597186
1.36514450867052
0.8912037037037038
0.9337127508211109
1.197578767654819
1.181401831939466
0.9615743872193769
0.6722535505430242
1.165089842317565
1.1728625822083767
0.6905129449124507
1.3736646934748589
0.9746603970741902
0.9908249158249157
0.8970584334633036
0.9550594207915083
1.3588959343528528
0.821987173906735
0.7331249999999999
0.9356450191007935
1.0772727272727267
0.6613670581150256
1.3460370777081583
1.1421787224184865
0.6441189861891033
0.9061140706710328
0.9407858328721639
1.8567616372391655
1.3999877996705914
1.2691647597254
1.2185587168442527
1.3959644874899115
0.8999003846260274
0.8169279146219446
1.0621873136843198
0.7412939643942682
1.0828245828245828
0.9992953379559165
0.7714669556774819
0.9580872865275141
1.235778570215656
0.9599806417988236
0.9422119398481115
1.4825735474244477
1.6105710663053485
0.9279191566507754
1.1598162475822047
0.5937913646391428
1.5270098625224153
1.088981561371552
1.1125264234572112
0.9588363636363637
0.8064661654135338
0.8215981800085309
0.9209789441897493
1.064437765059497
0.7417669445849921
1.1203759556708985
0.9629658265037881
1.1419362265454132
1.2372002421753663
0.698826118855466
1.2553385416666665
1.5086956521739128
0.8349169980007637
1.2778822897070679
1.2149494236650202
0.8018227848101267
1.0592269501556761
1.06989087931789
0.9286036036036037
1.3401515151515158
1.335508691935024
0.955143363878215
0.6829946319018404
0.5248677248677248
1.3476608187134518
0.4983753726593643
1.226478818874843
1.0832040499714213
1.1395490377927198
1.1850808427241544
1.3576852579209215
1.1651146945264592
0.7491400178366674
0.9150911423660704
1.0055304172951232
1.316143729936833
0.9850084459459456
0.9134826526130894
0.9705966314587487
2.017577984295082
1.1710323574730357
0.7851770317372958
