Case Count:
 [2, 0, 0, 5, 3, 0, 20, 0, 0, 0, 1, 0, 0, 0, 32, 9, 72, 0, 0, 4, 0, 11, 26, 1, 28, 0, 4, 15, 9, 0, 5, 0, 15, 0, 4, 3, 0, 0, 16, 5, 30, 0, 1, 0, 1, 52, 0, 2, 47, 7, 2, 4, 21, 5, 0, 7, 6, 21, 43, 1, 0, 4, 14, 44, 0, 4, 1, 1, 23, 0, 11, 1, 6, 0, 15, 52, 2, 9, 0, 5, 187, 5, 13, 0, 2, 217, 0, 10, 9, 1, 184, 13, 27, 12, 17, 257, 224, 202, 0, 242, 259, 85, 1, 4, 5, 45, 0, 177, 11, 54, 190, 231, 226, 237, 241, 222, 267, 208, 193, 139, 113, 149, 216, 202, 184, 115, 139, 109, 138, 132, 176, 217, 142, 177, 208, 138, 193, 181, 245, 192, 247, 243, 161, 152, 117, 168, 159, 134, 149, 281, 199, 206, 242, 186, 128, 140, 168, 165, 216, 271, 237, 238, 231, 230, 161, 211]

Control Count:
 [2, 2, 0, 2, 5, 0, 42, 0, 0, 0, 7, 0, 6, 0, 62, 20, 147, 0, 0, 10, 0, 18, 33, 0, 74, 1, 4, 24, 12, 1, 6, 1, 27, 3, 7, 6, 0, 0, 15, 21, 53, 0, 0, 1, 2, 84, 0, 2, 101, 0, 4, 10, 26, 14, 0, 14, 4, 25, 44, 4, 0, 14, 30, 69, 0, 3, 0, 2, 25, 0, 15, 3, 2, 4, 39, 74, 2, 35, 4, 14, 311, 8, 35, 0, 1, 390, 0, 13, 15, 7, 307, 12, 36, 25, 21, 433, 382, 320, 1, 386, 471, 150, 1, 13, 2, 82, 0, 315, 25, 95, 323, 357, 383, 397, 401, 358, 433, 391, 328, 237, 155, 280, 375, 352, 300, 197, 230, 177, 236, 184, 265, 379, 238, 324, 357, 253, 352, 307, 375, 339, 395, 352, 287, 249, 200, 265, 266, 218, 272, 433, 362, 325, 408, 221, 219, 218, 302, 255, 332, 441, 391, 410, 363, 404, 249, 340]

Cluster Number:
 [1, 4, 5, 7, 11, 15, 16, 17, 20, 22, 23, 24, 25, 27, 28, 29, 31, 33, 35, 36, 39, 40, 41, 43, 45, 46, 48, 49, 50, 51, 52, 53, 54, 56, 57, 58, 59, 60, 62, 63, 64, 66, 67, 68, 69, 71, 72, 73, 75, 76, 77, 78, 80, 81, 82, 83, 85, 86, 88, 89, 90, 91, 92, 93, 94, 95, 96, 97, 98, 100, 101, 102, 103, 104, 105, 106, 108, 109, 110, 111, 112, 113, 114, 115, 116, 117, 118, 119, 120, 121, 122, 123, 124, 125, 126, 127, 128, 129, 130, 131, 132, 133, 134, 135, 136, 137, 138, 139, 140, 141, 142, 143, 144, 145, 146, 147, 148, 149, 150, 151, 152, 153, 154, 155, 156, 157, 158, 159, 160, 161, 162, 163, 164, 165, 166]

Odds Ratio:

1.6613272311212812
0.0
nan
4.182027649769585
0.994954128440367
nan
0.7796340493237867
nan
nan
nan
0.2351598173515982
nan
0.0
nan
0.8445747800586509
0.7409302325581395
0.7753989879330481
nan
nan
0.6602298850574713
nan
1.0137590861889927
1.3258492919509872
inf
0.6020911422371278
0.0
1.6643678160919537
1.0377358490566038
1.2488372093023254
0.0
1.3863287250384024
0.0
0.9185010482180294
0.0
0.9471264367816091
0.8279816513761469
nan
nan
1.7979511426319934
0.3878648233486944
0.9341698574525995
nan
inf
0.0
0.8287671232876711
1.0301464254952628
nan
1.6613272311212812
0.7443170337441908
inf
0.8283752860411898
0.6602298850574713
1.3564593301435408
0.5875576036866359
nan
0.8263888888888887
2.508083140877598
1.4127272727272726
1.68801652892562
0.41324200913242004
nan
0.4689655172413792
0.7664313725490196
1.0638781874885344
nan
2.2222222222222223
inf
0.8287671232876711
1.5547115384615386
nan
1.2216510903426792
0.5517503805175038
5.030023094688222
0.0
0.6249999999999999
1.1875130944898389
1.6613272311212812
0.41441860465116276
0.0
0.5875576036866359
0.9949854539886694
1.0368663594470047
0.604225352112676
nan
3.3272311212814643
0.8471471471471475
nan
1.282051282051282
0.9948837209302325
0.2351598173515982
0.9895126780353836
1.8208137715179966
1.2597087378640779
0.7902576112412177
1.3562401263823065
0.9620460371037737
0.9436746621210278
1.0867088607594937
0.0
1.0883985166092425
0.785126209011559
0.9252354048964221
1.6598173515981736
0.5057471264367815
4.182027649769585
0.8997771449795715
nan
0.8857506361323153
0.7227102803738316
0.9345727956254272
0.9567682494684623
1.1541289592760182
0.9557606737027913
0.9782153278300126
0.9925564875689562
1.0573333676595529
1.0575890219668078
0.7760764384805308
0.9567717628395797
0.959901547116737
1.2813971897882448
0.8220689655172414
0.9117847533632288
0.9104334484081318
1.0294379084967322
0.9567117879300624
1.003217391304348
1.0282314672145179
0.9557970606453068
1.2712080441863756
1.169208695028338
0.9001045900782048
0.9843533372945139
0.8423805484874186
0.9357439945675241
0.8607671398369074
0.8380450849963044
0.962060954978158
1.1887972508591067
0.8919780731611192
1.0845332278481015
1.3243274582560296
0.8898929636778382
1.0188209283125533
0.9592546583850933
1.0831163405973683
0.9862781954887218
1.027823732892164
0.8613590263691683
1.2116672026193471
0.8383287292817679
1.0963090128755366
0.9634716830894795
1.6865845152290166
0.9565842986976757
1.095394434046209
0.8744654333960558
1.117003005581795
1.1553298395375224
1.0497921390778537
1.011230406928161
0.9183836912995997
1.1166958041958044
0.8825619404045668
1.114082228193349
1.0560887512899897
