Case Count:
 [224, 139, 0, 11, 179, 198, 204, 20, 2, 4, 57, 0, 0, 194, 176, 209, 0, 9, 150, 12, 75, 140, 13, 292, 338, 2, 225, 239, 272, 298, 0, 19, 2, 60, 232, 0, 139, 254, 249, 264, 268, 242, 239, 121, 188, 106, 236, 294, 126, 48, 217, 112, 220, 13, 107, 206, 340, 7, 121, 209, 121, 172, 203, 231, 135, 4, 0, 268, 30, 204, 51, 301, 292, 218, 162, 282, 297, 68, 152, 205, 344, 237, 204, 192, 278, 248, 157, 242, 196, 212, 209, 236, 269, 325, 192, 120, 260, 259, 231, 340, 207, 208, 268, 314, 229, 79, 338, 243, 58, 316, 188, 224, 225, 164, 76, 193, 238, 260, 64, 334, 175, 206, 352, 271, 175, 273, 208, 70, 251, 238, 264, 73, 261, 153, 222, 239, 235, 264, 303, 186, 363, 248, 105, 170, 236, 267, 231, 106, 189, 254, 265, 266, 193, 225, 153, 277, 230, 132, 254, 208, 275, 222, 335, 318, 147, 275, 251, 162, 275, 341, 242, 248, 168, 210, 263, 283, 288, 265, 227, 174, 199, 249, 135, 268, 228, 247, 278, 151, 25, 246, 219, 270, 300, 244, 210, 320, 290, 266, 235, 194, 194, 278, 251, 232, 288, 313, 207, 323, 295, 297, 136, 227, 314, 243, 194, 293, 300, 289, 244, 191, 333, 133, 108, 295, 262, 403, 280, 264, 240, 308, 205, 152, 224, 262, 133, 320, 271, 258, 232, 239, 247, 286, 214, 210, 304, 146, 409, 205, 269, 174, 199, 300, 219, 196, 264, 197, 238, 177, 274, 403, 274, 410, 407, 324, 86, 233, 349, 240, 279, 262, 410, 255, 413, 248, 322, 309, 220, 235, 257, 279, 219, 232, 239, 217, 256, 303, 249, 278, 168, 333, 258, 276, 234, 246, 263, 155, 267, 209, 324, 194, 274, 315, 346, 401, 416, 244, 193, 291, 121, 252, 257, 266, 305, 243, 275, 326, 248, 309, 239, 265, 233, 256, 196, 220, 329, 286, 233, 235, 409, 235, 169, 228, 212, 281, 320, 247, 261, 310, 278, 266, 246, 255, 341, 210, 284, 243, 270, 414, 219, 198, 266, 412, 133, 427, 395]

Control Count:
 [350, 314, 1, 22, 336, 372, 408, 39, 6, 6, 129, 0, 0, 347, 320, 373, 2, 12, 296, 25, 130, 285, 25, 518, 553, 4, 289, 343, 472, 470, 0, 23, 3, 94, 379, 0, 243, 441, 386, 406, 396, 358, 386, 225, 290, 171, 451, 377, 156, 81, 359, 120, 418, 33, 202, 311, 538, 9, 231, 424, 193, 300, 319, 420, 215, 6, 2, 425, 46, 316, 91, 555, 358, 418, 296, 454, 499, 91, 318, 330, 555, 427, 382, 340, 438, 447, 229, 388, 326, 359, 345, 420, 437, 543, 335, 184, 425, 471, 405, 436, 322, 335, 468, 514, 380, 111, 528, 407, 117, 492, 388, 383, 312, 311, 159, 291, 331, 457, 121, 564, 258, 442, 542, 396, 295, 475, 368, 83, 446, 421, 511, 190, 435, 294, 365, 465, 436, 438, 535, 334, 598, 431, 144, 263, 388, 390, 406, 185, 318, 377, 453, 428, 289, 398, 291, 409, 396, 237, 426, 324, 486, 367, 552, 552, 311, 419, 376, 275, 410, 552, 419, 387, 210, 389, 456, 447, 477, 417, 400, 306, 358, 362, 194, 453, 369, 397, 490, 227, 48, 386, 373, 441, 515, 396, 385, 520, 374, 397, 382, 339, 327, 410, 458, 350, 507, 514, 340, 536, 529, 468, 212, 420, 427, 408, 421, 496, 456, 443, 391, 340, 485, 194, 168, 484, 406, 622, 429, 418, 379, 484, 373, 251, 311, 447, 239, 480, 443, 392, 381, 406, 400, 444, 361, 388, 495, 263, 669, 359, 457, 262, 328, 469, 334, 340, 519, 357, 451, 284, 469, 696, 459, 681, 661, 549, 123, 462, 532, 379, 452, 447, 675, 438, 662, 442, 543, 472, 407, 372, 480, 499, 366, 392, 432, 336, 432, 526, 439, 464, 301, 541, 417, 513, 393, 360, 459, 260, 449, 341, 541, 365, 469, 491, 573, 677, 679, 378, 369, 501, 293, 422, 418, 375, 476, 378, 448, 513, 392, 508, 414, 461, 401, 413, 305, 330, 543, 448, 366, 359, 690, 405, 297, 404, 394, 290, 527, 393, 399, 486, 451, 440, 436, 418, 567, 354, 443, 416, 446, 682, 372, 308, 419, 678, 239, 691, 670]

Cluster Number:
 [1, 2, 4, 5, 6, 7, 8, 9, 10, 11, 14, 15, 16, 18, 19, 20, 21, 22, 23, 24, 25, 26, 27, 28, 29, 30, 32, 33, 34, 35, 37, 38, 39, 40, 41, 42, 43, 44, 45, 46, 47, 48, 49, 50, 51, 52, 53, 54, 55, 56, 57, 58, 59, 60, 61, 62, 63, 64, 65, 66, 68, 69, 70, 71, 72, 73, 74, 75, 76, 77, 78, 79, 80, 81, 82, 83, 84, 85, 86, 87, 88, 89, 90, 91, 92, 93, 94, 95, 96, 97, 98, 99, 100, 101, 102, 103, 104, 105, 106, 107, 108, 109, 110, 111, 112, 113, 114, 115, 116, 117, 118, 119, 120, 121, 122, 123, 124, 125, 126, 127, 128, 129, 130, 131, 132, 133, 134, 135, 136, 137, 138, 139, 140, 141, 142, 143, 144, 145, 146, 147, 148, 149, 150, 151, 152, 153, 154, 155, 156, 157, 158, 159, 160, 161, 162, 163, 164, 165, 166, 167, 168, 169, 170, 171, 172, 173, 174, 175, 176, 177, 178, 179, 180, 181, 182, 183, 184, 185, 186, 187, 188, 189, 190, 191, 192, 193, 194, 195, 196, 197, 198, 199, 200, 201, 202, 203, 204, 205, 206, 207, 208, 209, 210, 211, 212, 213, 214, 215, 216, 217, 218, 219, 220, 221, 222, 223, 224, 225, 226, 227, 228, 229, 230, 231, 232, 233, 234, 235, 236, 237, 238, 239, 240, 241, 242, 243, 244, 245, 246, 247, 248, 249, 250, 251, 252, 253, 254, 255, 256, 257, 258, 259, 260, 261, 262, 263, 264, 265, 266, 267, 268, 269, 270, 271, 272, 273, 274, 275, 276, 277, 278, 279, 280, 281, 282, 283, 284, 285, 286, 287, 288, 289, 290, 291, 292, 293, 294, 295, 296, 297, 298, 299, 300, 301, 302, 303, 304, 305, 306, 307, 308, 309, 310, 311, 312, 313, 314, 315, 316, 317, 318, 319, 320, 321, 322, 323, 324, 325, 326, 327, 328, 329, 330, 331, 332, 333, 334, 335, 336, 337, 338, 339, 340, 341, 342, 343, 344, 345, 346, 347, 348, 349, 350, 351, 352, 353, 354, 355]

Odds Ratio:

1.1252093023255814
0.6108917197452229
0.0
0.8247663551401869
0.803205128205128
0.7862401284968545
0.6808510638297871
0.8432776451869531
0.5507246376811593
1.1065134099616858
0.6928649701692439
nan
nan
0.8694230429924128
0.8532319391634982
0.8648443874577459
0.0
1.2488372093023254
0.7575049097540447
0.7902576112412177
0.9478021978021975
0.7278061374171215
0.8581220657276996
0.8052950910093766
1.0590299536282746
0.8283752860411898
1.5971121818710998
1.341326530612245
0.8833857708312189
1.1601629696695335
nan
1.386645962732919
1.1060259344012204
1.0677595014876775
1.0320574101691458
nan
0.9247599451303158
0.8935220935220934
1.1611398963730568
1.196453201970443
1.3139582964144367
1.2696026997135808
1.0587823834196892
0.8506359189378058
1.1312542931721392
1.036861422826335
0.7140344936812556
1.8877526753864446
1.476038338658147
0.9805816046225253
1.0047052623654293
1.7353720693170236
0.7450132179764484
0.6426945511452555
0.8392281999284266
1.1854601658777582
1.2128722165896886
1.2944958847736627
0.818658280922432
0.6515176374077112
1.054762603056669
0.9190511860174784
1.1028505392912173
0.8144230769230771
1.059593023255814
1.1065134099616858
0.0
1.1173581011351905
1.0874880408206655
1.1318071640183138
0.9201030927835051
0.6798929364146756
2.0529776156272566
0.731559462209617
0.8535466874817057
1.0840371503128596
0.9598492760168224
1.2830188679245285
0.682839173405211
1.0565915565915567
1.128724513987672
0.8270572958935237
0.7862760387657345
0.8870683496070493
1.1432542046002443
0.8162385654216004
1.2131530861903435
1.0764561201528076
0.994622434295236
0.9599352091590688
1.0087838689350979
0.8525451559934322
1.0536949791358194
0.9712933346256988
0.9119100852015228
1.1121711871337059
1.03555701610253
0.785126209011559
0.8857193732193732
2.3000648688722087
1.1249999999999998
1.056328745880985
0.8706952566601684
1.0458521400778205
0.9986466165413533
1.2197947947947945
1.2676267626762678
0.9778242992528706
0.794983960338291
1.2323352501817695
0.6563436973754467
0.9384904972979539
1.4018691588785048
0.7996258403975448
0.7492419910944782
1.1781772972368898
1.420180066435196
0.8613376037553635
0.8561542699724517
0.9249577845322526
1.207569884895466
0.5720777581418833
1.38847181575264
1.3523929773929781
0.9729712378017462
0.8759543436905518
0.8808582721626201
1.4741894406895877
0.8441704035874437
0.8634499710473759
0.6406262230919766
0.5647684785734829
0.9876404494382022
0.7897102897102897
1.0174357679439432
0.6758817204301077
0.7714966720633208
0.9988258317025439
0.8037245739417259
0.8672457456628249
1.0383295194508009
0.8947413175252972
1.2749500998003993
1.1173618669342869
1.0187395256716267
1.345348837209302
0.8808023872679045
0.9343072802532263
0.9747169811320755
1.278285181733457
0.9245515211489176
1.0777375614499483
1.1917602047992801
0.8717653689005779
0.8033667363564271
1.3336200911588036
0.9226233628147507
0.8907763987960251
0.9733282578352999
1.1227620116509005
0.8349643681622004
1.0063160009543066
1.0270345596432555
0.8379446640316209
0.6750099105845042
1.2366115606263466
1.249886826618379
0.9633869379717758
1.3005651397977396
1.109435078379178
0.9059278194395651
1.1440940514360702
1.5291512915129153
0.7991603147697041
0.8913476874003189
1.14040899443584
1.0036236411345745
1.1358499407370652
0.8780188679245283
0.9055123936366999
0.8569599627560521
1.3250072695551032
1.2223616386326643
0.9514219691981975
1.0512850152198208
1.0725886859781697
0.8386867790594498
1.1571677679882526
0.8554750402576489
1.1293189078901447
0.9474165244942726
1.0397295012679633
0.8926451072151985
1.0490546490546493
0.816990869392616
1.0756302521008405
1.842228044359904
1.2819557082744863
1.0433990350066729
0.9086268135572813
0.9710291456031953
1.3392516285411304
0.7870714484809068
1.2104347826086954
0.8313805399898117
1.034247421406954
1.0182048681541582
0.9974266598044261
0.7706495484141987
1.1619718309859153
1.0924715113020735
0.7852201257861638
1.770754098360655
0.9723889555822328
0.5774201367007609
0.9386875828546176
1.2873911397198028
1.2395033860045148
1.0784707193914356
0.8788899430740038
1.5739933865006812
1.1963816454416818
1.0876132930513596
1.0327708907254363
1.173972335865965
1.9077349053233297
1.2273680198208503
1.118796992481203
1.1105660227257659
1.1852879944482997
0.8337916179739236
1.006482779682663
1.396964032004786
0.9305223776842475
0.8892854212814835
1.3893557422969192
1.0377700741696232
1.2217837411207577
1.020756463413088
0.947758620689655
1.054895833333333
1.1956662544897838
0.9669190520160047
0.8035834871471661
1.0599625888514774
0.8810132495879781
1.202341803687095
0.9004713949003642
0.9383318316385638
1.1678525133227713
1.011178861788618
1.1918823150434872
1.1742787152966798
0.9204550956184943
0.607497935590421
0.8459730999837951
0.727250664636904
1.0561767551876142
0.9170511080958842
0.5146871008939967
0.9732092163464715
0.9757456073725244
1.2891925113464442
0.9186029935851748
1.198323314677906
0.6512209473374523
1.428654970760234
1.1105660227257659
1.0647676991150443
0.9305223776842475
1.1100893997445709
0.9175848719475878
1.5836625610039494
0.840160147828765
0.9376524846138107
1.289178617992177
0.7922991484635321
1.1024140839131353
0.7295787545787545
0.8002379759519039
0.9845752608047691
0.9606625258799174
0.8187962962962962
1.1403903903903903
0.9585104229912972
0.8555971818385149
0.8627382807816808
0.9824373527521957
0.8794301896507339
1.0858821888187493
1.0630788187129854
0.7096473289563375
0.9730031651461554
1.30293609671848
0.8757551000198058
0.9823943661971829
0.9645853835396485
1.0312762973352037
0.9738487503013743
0.7874979032708973
0.9170511080958842
1.2261842191708818
1.0063990692262945
0.7949545207183388
1.305244285073959
1.158594491927825
0.763291250798687
0.8908804013594434
0.5649108120291069
0.9771650150797068
1.0472422314527579
1.447368015414258
1.2050043898156275
1.1479591836734693
1.048018292682927
1.2090945160344322
1.112939416604338
1.0293761356753484
0.906352657004831
0.8820779415064701
0.9223422027455632
1.0669630452903585
1.1186399514268366
1.2115677321156777
1.01900217646074
1.168300653594771
1.1187065626823705
1.1840488284450268
0.7508212560386474
0.918724279835391
0.9083302157376231
0.8665947163436722
0.7916992777119346
2.686119598428635
1.0256246711208206
1.096599342663274
1.2090479006505022
1.1966057357960889
1.0605280191706492
1.006410930110352
0.8536388268289206
1.0277980029124194
0.9880322499370118
0.9688402042779956
1.17876647491444
0.9298469387755104
1.0101626555576193
1.1169501466275649
0.9526392961876836
1.120331950207469
1.1339136672782706
1.1253141046651358
0.8892854212814835
1.905330438977331
0.7771370420624156
