Case Count:
 [338, 343, 283, 310, 351, 319, 309, 345, 316, 366, 361, 312, 296, 340, 329, 362, 376, 378, 343, 312, 323, 329, 326, 374, 280, 359, 327, 339, 361, 339, 346, 366, 289, 294, 332, 264, 306, 338, 301, 294, 382, 360, 273, 235, 303, 337, 380, 301, 345, 362, 357, 341, 336, 297, 387, 318, 359, 311, 341, 300, 331, 305, 375, 274, 248, 383, 316, 359, 339, 377, 254, 285, 338, 370, 323, 297, 340, 308, 307, 315, 255, 304, 268, 305, 211, 369, 393, 375, 328, 326, 295, 290, 315, 277, 270, 324, 354, 365, 358, 356, 368, 294, 388, 404, 377, 360, 377, 292, 325, 385, 384, 307, 389, 326, 320, 342, 404, 284, 321, 343, 314, 404, 306, 300, 305, 386, 306, 354, 280, 389, 291, 300, 388, 379, 326, 338, 300, 309, 288, 332, 412, 341, 318, 378, 304, 303, 386, 319, 304, 247, 387, 307, 308, 296, 321, 288, 279, 322, 314, 398, 394, 359, 352, 281, 270, 335, 263, 319, 393, 387, 359, 338, 292, 341, 290, 416, 331, 295, 380, 399, 334, 338, 332, 335, 309, 326, 386, 328, 281, 319, 285, 357, 356, 358, 315, 352, 328, 298, 304, 354, 321, 359, 317, 249, 285, 267, 340, 366, 404, 373, 399, 341, 389, 377, 351, 252, 349, 358, 348, 414, 384, 358, 287, 362, 335, 305, 334, 275, 410, 335, 298, 397, 394, 269, 310, 418, 397, 300, 350, 259, 398, 420, 303, 358, 310, 289, 295, 321, 269, 399, 385, 299, 385, 337, 285, 348, 275, 339, 252, 345, 330, 382, 382, 270, 394, 295, 382, 403, 343, 394, 393, 397, 404, 279, 388, 322, 393, 278, 342, 407, 293, 297, 333, 388]

Control Count:
 [564, 560, 512, 493, 541, 532, 516, 564, 523, 573, 615, 582, 512, 587, 537, 595, 612, 590, 582, 566, 538, 556, 510, 641, 446, 626, 529, 545, 590, 589, 576, 603, 501, 488, 577, 512, 502, 575, 465, 480, 610, 662, 452, 419, 497, 509, 619, 524, 557, 597, 595, 567, 515, 544, 655, 465, 522, 570, 500, 497, 526, 518, 589, 508, 446, 644, 516, 515, 603, 612, 538, 476, 538, 610, 552, 474, 529, 522, 478, 514, 425, 496, 402, 532, 359, 594, 662, 600, 490, 540, 512, 451, 492, 504, 435, 486, 599, 596, 573, 595, 589, 497, 631, 649, 643, 604, 641, 493, 573, 634, 649, 518, 621, 560, 552, 567, 661, 478, 470, 529, 559, 659, 511, 494, 520, 630, 532, 581, 441, 597, 452, 472, 646, 594, 507, 574, 506, 527, 474, 536, 622, 560, 551, 638, 541, 496, 623, 524, 488, 437, 567, 601, 554, 495, 507, 456, 435, 548, 478, 657, 655, 597, 579, 398, 495, 552, 424, 517, 635, 623, 585, 557, 423, 563, 431, 666, 575, 484, 587, 655, 600, 558, 550, 521, 502, 551, 619, 483, 468, 477, 472, 602, 587, 557, 525, 569, 588, 520, 515, 623, 519, 569, 536, 442, 501, 449, 601, 628, 673, 620, 615, 547, 644, 617, 636, 468, 592, 588, 586, 669, 657, 617, 525, 683, 580, 527, 547, 490, 679, 487, 503, 677, 636, 465, 529, 676, 664, 503, 577, 438, 622, 671, 556, 594, 590, 464, 502, 529, 468, 691, 646, 508, 559, 580, 495, 600, 557, 587, 531, 574, 560, 648, 638, 491, 638, 524, 635, 645, 566, 650, 611, 670, 672, 473, 660, 477, 672, 464, 570, 701, 451, 456, 527, 673]

Cluster Number:
 [1, 2, 3, 4, 5, 6, 7, 8, 9, 10, 11, 12, 13, 14, 15, 16, 17, 18, 19, 20, 21, 22, 23, 24, 25, 26, 27, 28, 29, 30, 31, 32, 33, 34, 35, 36, 37, 38, 39, 40, 41, 42, 43, 44, 45, 46, 47, 48, 49, 50, 51, 52, 53, 54, 55, 56, 57, 58, 59, 60, 61, 62, 63, 64, 65, 66, 67, 68, 69, 70, 71, 72, 73, 74, 75, 76, 77, 78, 79, 80, 81, 82, 83, 84, 85, 86, 87, 88, 89, 90, 91, 92, 93, 94, 95, 96, 97, 98, 99, 100, 101, 102, 103, 104, 105, 106, 107, 108, 109, 110, 111, 112, 113, 114, 115, 116, 117, 118, 119, 120, 121, 122, 123, 124, 125, 126, 127, 128, 129, 130, 131, 132, 133, 134, 135, 136, 137, 138, 139, 140, 141, 142, 143, 144, 145, 146, 147, 148, 149, 150, 151, 152, 153, 154, 155, 156, 157, 158, 159, 160, 161, 162, 163, 164, 165, 166, 167, 168, 169, 170, 171, 172, 173, 174, 175, 176, 177, 178, 179, 180, 181, 182, 183, 184, 185, 186, 187, 188, 189, 190, 191, 192, 193, 194, 195, 196, 197, 198, 199, 200, 201, 202, 203, 204, 205, 206, 207, 208, 209, 210, 211, 212, 213, 214, 215, 216, 217, 218, 219, 220, 221, 222, 223, 224, 225, 226, 227, 228, 229, 230, 231, 232, 233, 234, 235, 236, 237, 238, 239, 240, 241, 242, 243, 244, 245, 246, 247, 248, 249, 250, 251, 252, 253, 254, 255, 256, 257, 258, 259, 260, 261, 262, 263, 264, 265, 266, 267, 268, 269, 270, 271, 272, 273, 274, 275, 276, 277, 278, 279, 280, 281, 282, 283, 284]

Odds Ratio:

0.9731058212204198
1.0718749999999997
0.765324519230769
1.1454942843215872
1.3786968576709793
0.9793859649122811
0.976565295169946
1.0672249886826617
1.0070108349267046
1.356236104138278
0.8503856577027307
0.6162837892686092
0.873251748251748
0.8249445046719321
1.0638056543084475
1.0508785332314743
1.131237680257288
1.4494026118366214
0.8962986827033216
0.7031523886369325
0.9833675169850019
0.9252452583387839
1.2331771646711787
0.7809432377295097
1.1134613757509095
0.7311900958466447
1.098315554955442
1.1382935779816514
1.0825293350717076
0.8000169779286926
0.9817801672640384
1.039323928303687
0.8729607451763141
0.9971735443753535
0.8119988985892227
0.6364285714285711
1.0357966629721713
0.8904692208351273
1.2336450054542623
1.0475862068965518
1.2964049467932126
0.4543194768442387
1.0042115364111315
0.8495367120595257
1.0355219552609773
1.4215301051658389
1.1341420004928675
0.8491536674410886
1.1267619083998628
1.031608257738911
0.9731707317073169
0.9880322499370118
1.3491940804976905
0.7074357912178956
0.8294480328831473
1.4864302852572653
1.7709291187739458
0.6734923245614034
1.5866938775510204
1.0031411490525888
1.1769821151950433
0.9227511093182733
1.3827727079796268
0.719160104986877
0.8209799732350385
0.8920807453416153
1.0555240436125286
1.855995145631067
0.7027363184079599
1.152540586126924
0.4848789309755851
0.979755538579068
1.181861680591851
1.0373010216203375
0.8878060969515246
1.120788019254769
1.2919363770025398
0.9278465093153168
1.2164004057309494
1.0576440316304752
0.9880434782608694
1.053285543608124
1.2709551656920075
0.8385703063629223
0.9512168303767776
1.1891774891774898
0.8517667148298963
1.2500000000000007
1.4352638352638352
1.0043920026220912
0.8642578124999998
1.195404693522225
1.2185287175452395
0.7599451303155009
1.0761069169557236
1.4028985507246383
0.8969066090543063
1.0924179212769813
1.1955702066231442
0.9587526576895817
1.2231760682943162
0.9423992229237493
1.1695099592927503
1.4050627338762918
0.8038177895951442
0.9355352502305301
0.8252981732172516
0.9468615032219783
0.7711796944367904
1.057074424582311
0.8498669281411959
0.9428746928746926
1.3405152979066028
0.8654867256637168
0.8573864328340035
1.0011454753722795
1.1700021612275768
0.9582939667971387
1.4932924630364228
1.344065059861374
0.7594418604651159
1.2085844352915667
0.9770316201462561
1.022340022718667
0.9104477611940297
1.132914046121593
0.8476454293628809
1.053720765414599
1.1460517120894482
1.707169179229481
1.2006099019373355
1.1705889525667599
0.9657014508589818
1.4249719416386086
1.2575448150669395
0.8978507606858248
0.9469104558250633
0.9065683841774923
1.0220471120798056
1.1114520853675547
2.6004525425747276
1.043877551020408
0.8442351247168938
0.8741456395498229
0.7783665365920447
1.0421015180265651
1.2274750900996403
1.0349236641221378
1.1074681238615667
0.8566576086956523
2.1132478632478633
0.49146624313013676
0.7384462755256703
0.9743307197852651
1.1857887874837032
1.1376786336702684
1.1745258620689658
0.9039865244244809
1.313807531380753
1.0490403534172323
0.9758100084817639
0.9846943048576213
1.0411927024397993
1.4746199351186315
0.7520172135556752
1.0270345596432555
1.0713979416809603
1.0849290780141845
1.2512495720643613
1.2543215211754544
1.0969444444444438
1.0273921467550708
1.4322703076502468
1.0197738065030628
1.341191859107118
1.6837707272489906
0.8155072463768118
1.0327708907254363
1.5470793751624174
1.1117175572519078
0.6786031746031749
1.0195535682600516
1.0041801189464743
1.2798058467444264
1.0700888752681579
0.9267462216725827
1.2824702045295213
1.498890194542369
0.9880450070323488
1.398829489867226
1.0037420206911731
0.9112308564946116
1.0302744196547686
1.3568721324556154
0.9822580645161288
1.1305981455669352
0.7035607035607035
0.8453900709219857
0.9313484358144549
0.7019167217448777
1.0954736945233665
1.2539762741652019
0.9307560557866401
0.8479876160990714
0.8385177696554943
0.9645853835396485
0.7257264827980304
0.7983596544804118
0.943324135003183
0.9844574780058656
1.83280487804878
1.1513823079506025
1.0147826086956526
1.093924818319653
0.5769725557461406
0.7486631016042778
0.8908408408408408
1.0523221634332742
0.9266774181449947
1.460448430493273
0.7545039435450395
0.7951257578486103
0.7300877192982457
0.3097488163373961
0.8219496021220163
0.8681214421252371
1.0525637677374424
0.8144599303135888
1.0202630643441155
1.5940412257147372
0.9453914809018231
0.7120700569740447
1.2665269042627532
0.8949652118912085
0.9040019929367975
1.5311355311355321
0.9110728628800919
0.9654304389490396
1.0291511693571944
0.9526889903602233
1.6543016234020864
1.8777943368107335
0.6892192128650022
0.9970486760610215
0.5620811982656679
1.0962068965517244
0.9222830898627712
1.0233411297299033
0.8790849673202614
0.5341172214182348
0.9049994266712538
0.9249156355455569
2.155469422911283
0.8430696416497637
0.8711137347500983
0.815824175824176
0.5147895958313266
0.8142930153321976
0.4999546814103146
0.9846912298910224
0.9082568807339448
0.8273770846870268
0.9453885497442668
0.7711589679316454
1.2351097178683386
0.7975508905852418
0.9815167840861998
1.4405254091300603
1.022636925795053
1.050666666666666
1.6359851988899163
0.8182658137882023
0.9619047619047608
0.9400766384778013
0.7838383838383839
1.4481893601390459
0.7119565217391298
0.9824373527521957
0.9773195876288661
0.4898805278174032
1.2325881602527107
1.2475908080059304
1.198184812573843
0.6217405238469828
