Case Count:
 [243, 142, 9, 0, 0, 99, 2, 169, 167, 0, 0, 204, 260, 27, 70, 33, 105, 33, 127, 204, 87, 221, 279, 60, 8, 186, 15, 128, 168, 105, 82, 24, 187, 75, 227, 239, 226, 56, 150, 75, 89, 259, 116, 284, 96, 76, 8, 265, 0, 80, 133, 97, 56, 74, 100, 216, 376, 36, 80, 277, 27, 94, 273, 288, 239, 68, 156, 130, 116, 168, 65, 225, 167, 304, 238, 344, 208, 198, 254, 87, 92, 83, 152, 44, 34, 14, 294, 64, 28, 246, 293, 312, 30, 168, 230, 271, 79, 104, 240, 198, 201, 136, 200, 73, 82, 196, 203, 90, 345, 270, 229, 231, 142, 222, 247, 282, 142, 178, 242, 163, 219, 269, 34, 193, 149, 263, 306, 159, 245, 189, 397, 80, 253, 238, 305, 136, 112, 328, 285, 130, 184, 221, 252, 244, 233, 259, 6, 36, 5, 274, 66, 299, 125, 160, 263, 301, 118, 261, 252, 215, 288, 390, 258, 214, 272, 330, 235, 234, 316, 186, 281, 251, 112, 245, 283, 306, 140, 239, 277, 130, 201, 188, 298, 209, 314, 242, 173, 230, 262, 124, 253, 297, 357, 232, 121, 267, 194, 251, 65, 230, 160, 274, 174, 326, 164, 265, 144, 329, 254, 260, 284, 259, 204, 266, 280, 109, 286, 263, 304, 272, 410, 164, 173, 252, 239, 290, 226, 297, 203, 335, 253, 326, 257, 287, 218, 233, 315, 231, 185, 107, 177, 304, 314, 261, 268, 304, 144, 238, 272, 155, 239, 338, 58, 179, 242, 139, 319, 189, 172, 235, 406, 328, 179, 240, 266, 311, 237, 225, 231, 179, 404, 234, 216, 227, 108, 268, 306, 269, 180, 286, 286, 285, 259, 313, 404, 406, 275, 290, 251, 192, 259, 333, 286, 240, 321, 275, 229, 307, 170, 340, 244, 264, 240, 160, 263, 180, 248, 228, 243, 214, 393, 213, 327, 325, 279, 303, 410, 176, 241, 210, 189, 182, 211, 201, 232, 253, 278, 281, 276, 217, 245, 260, 334, 207, 324, 263, 313, 216, 262, 216, 292, 269, 400, 373, 199, 208, 206, 243, 272, 202, 256, 265, 238, 307, 364, 154, 226, 242, 343, 285, 260, 257, 229, 319, 303, 257, 405, 283, 271, 384, 311, 233, 261, 352, 235, 319, 210, 257, 270, 277, 423, 323, 396, 266, 251, 407, 200, 413, 412, 250, 133, 424]

Control Count:
 [411, 220, 15, 0, 0, 194, 1, 276, 305, 0, 0, 380, 467, 53, 132, 66, 190, 63, 193, 326, 163, 372, 379, 141, 9, 298, 30, 223, 276, 170, 165, 63, 362, 149, 363, 374, 424, 89, 243, 157, 154, 521, 228, 460, 179, 122, 24, 415, 0, 120, 247, 175, 94, 122, 196, 395, 613, 51, 140, 453, 46, 177, 406, 452, 384, 119, 214, 231, 206, 289, 116, 408, 278, 320, 388, 548, 369, 359, 422, 164, 159, 143, 244, 54, 60, 34, 461, 73, 65, 386, 499, 441, 94, 293, 395, 452, 131, 179, 377, 289, 306, 210, 277, 164, 122, 293, 388, 135, 559, 446, 369, 365, 206, 356, 394, 468, 230, 311, 394, 308, 307, 437, 60, 321, 234, 461, 558, 323, 379, 350, 650, 115, 408, 452, 486, 225, 244, 546, 502, 259, 277, 342, 458, 408, 321, 452, 7, 62, 8, 453, 94, 472, 208, 210, 399, 475, 166, 418, 429, 382, 475, 662, 327, 393, 474, 570, 426, 403, 509, 320, 489, 429, 232, 370, 481, 489, 232, 457, 439, 187, 381, 345, 511, 283, 524, 419, 248, 405, 423, 206, 438, 510, 571, 359, 198, 491, 265, 376, 115, 423, 237, 408, 295, 547, 262, 459, 249, 554, 433, 400, 469, 418, 339, 440, 497, 162, 457, 467, 476, 465, 667, 316, 263, 430, 415, 374, 425, 434, 305, 558, 438, 547, 389, 503, 313, 396, 508, 397, 339, 161, 292, 525, 427, 406, 448, 489, 213, 384, 484, 293, 392, 491, 116, 294, 400, 270, 581, 320, 247, 383, 675, 561, 353, 330, 435, 512, 474, 375, 416, 368, 675, 333, 364, 324, 183, 406, 483, 448, 337, 486, 498, 477, 435, 529, 681, 674, 419, 457, 427, 388, 456, 527, 454, 376, 499, 459, 426, 488, 260, 538, 402, 519, 388, 242, 433, 301, 395, 393, 354, 380, 625, 321, 547, 531, 452, 523, 674, 330, 424, 399, 423, 287, 344, 365, 392, 439, 464, 492, 513, 448, 325, 394, 585, 332, 542, 427, 487, 292, 412, 355, 492, 433, 680, 624, 434, 346, 357, 378, 446, 363, 413, 454, 388, 463, 616, 259, 357, 408, 582, 541, 428, 406, 396, 510, 509, 428, 691, 535, 549, 646, 512, 398, 399, 576, 436, 554, 354, 439, 446, 468, 709, 573, 701, 419, 419, 670, 326, 692, 678, 441, 239, 677]

Cluster Number:
 [1, 2, 3, 6, 7, 8, 9, 12, 13, 14, 15, 16, 17, 18, 19, 20, 21, 22, 23, 24, 25, 26, 27, 28, 29, 30, 31, 32, 33, 34, 35, 36, 37, 38, 39, 40, 41, 42, 43, 44, 45, 46, 47, 48, 50, 51, 52, 53, 54, 55, 56, 57, 58, 59, 60, 61, 62, 63, 64, 65, 66, 67, 68, 69, 70, 71, 72, 73, 74, 75, 76, 77, 78, 79, 80, 81, 82, 83, 84, 85, 86, 87, 88, 89, 90, 91, 92, 93, 94, 95, 96, 97, 98, 99, 100, 101, 102, 103, 104, 105, 106, 107, 108, 109, 110, 111, 112, 113, 114, 115, 116, 117, 118, 119, 120, 121, 122, 123, 124, 125, 126, 127, 128, 129, 130, 131, 132, 133, 134, 135, 136, 137, 138, 139, 140, 141, 142, 143, 144, 145, 146, 147, 148, 149, 150, 151, 152, 153, 154, 155, 156, 157, 158, 159, 160, 161, 162, 163, 164, 165, 166, 167, 168, 169, 170, 171, 172, 173, 174, 175, 176, 177, 178, 179, 180, 181, 182, 183, 184, 185, 186, 187, 188, 189, 190, 191, 192, 193, 194, 195, 196, 197, 198, 199, 200, 201, 202, 203, 204, 205, 206, 207, 208, 209, 210, 211, 212, 213, 214, 215, 216, 217, 218, 219, 220, 221, 222, 223, 224, 225, 226, 227, 228, 229, 230, 231, 232, 233, 234, 235, 236, 237, 238, 239, 240, 241, 242, 243, 244, 245, 246, 247, 248, 249, 250, 251, 252, 253, 254, 255, 256, 257, 258, 259, 260, 261, 262, 263, 264, 265, 266, 267, 268, 269, 270, 271, 272, 273, 274, 275, 276, 277, 278, 279, 280, 281, 282, 283, 284, 285, 286, 287, 288, 289, 290, 291, 292, 293, 294, 295, 296, 297, 298, 299, 300, 301, 302, 303, 304, 305, 306, 307, 308, 309, 310, 311, 312, 313, 314, 315, 316, 317, 318, 319, 320, 321, 322, 323, 324, 325, 326, 327, 328, 329, 330, 331, 332, 333, 334, 335, 336, 337, 338, 339, 340, 341, 342, 343, 344, 345, 346, 347, 348, 349, 350, 351, 352, 353, 354, 355, 356, 357, 358, 359, 360, 361, 362, 363, 364, 365, 366, 367, 368, 369, 370, 371, 372, 373, 374, 375, 376, 377, 378, 379, 380, 381, 382, 383, 384, 385, 386, 387, 388, 389, 390, 391, 392]

Odds Ratio:

0.9562416207358856
1.1040097949188858
0.9948837209302325
nan
nan
0.8014857489387508
3.3272311212814643
1.0250670960815889
0.8515067502410798
nan
nan
0.79498320268757
0.8117904609237612
0.8346308847774319
0.85653280775232
0.8152709359605911
0.8901670343523479
0.8579638752052546
1.128354590142155
1.0704607753556976
0.8567170942554378
0.9701588241096974
1.6057222955145116
0.659069219109639
1.4828564062902811
1.0608271215216065
0.8231132075471699
0.9320433146367133
1.015241456762394
1.0318774216273334
0.7837365249129955
0.6104417670682731
0.7502630886608787
0.8006674533520172
1.0766541920058215
1.1310962566844922
0.7607405438922845
1.0497843752750318
1.035926353112051
0.7493700566948974
0.9477922077922077
0.5716890595009596
0.7875726467872467
1.0674894810659188
0.858413277521703
1.039967484080748
0.5444702242846094
1.1486636199972302
nan
1.1290622098421543
0.8464052287581699
0.8962573099415204
0.986167435142492
1.0070514260049408
0.8006742520016857
0.8165748992450476
1.119656127812735
1.1858122901766166
0.935933147632312
1.038004524023656
0.9716124947235121
0.848178170801605
1.304320731200665
1.1646252124479868
1.0705208333333334
0.9380053908355798
1.3239985469436277
0.9051681867215846
0.9100363701944753
0.9416872023391517
0.9169278996865203
0.8246289169873559
0.9938372831146849
2.871111111111111
1.037595527517054
1.1893968497887053
0.8760309248114126
0.8444619101006715
0.9955680799282692
0.8499861419068737
0.9487974190274229
0.9537793667007151
1.0505512080881936
1.3903422409751525
0.934650205761317
0.6723875432525951
1.174328670805595
1.531324200913242
0.6948905109489052
1.1293189078901447
0.9209789441897493
1.598800149981252
0.4947198668261978
0.9203682480510813
0.9277451396039007
0.9849873577749685
1.000063613231552
0.9521554239973319
1.1228556575983364
1.248000689169981
1.1646894051738341
1.1071507150715074
1.3624760207241364
0.6859256297481008
1.1409285025485605
1.1974887287742804
0.7537567709243405
1.1327602674307544
1.1095992083127162
1.0101626555576193
1.0609239901922833
1.1044915700737619
1.2115328037658135
1.0690208667736758
1.090550972927242
0.9978768577494691
1.03522178304787
0.9144398861662417
1.0413563864052153
0.8053359683794465
1.3651021616819663
1.0536949791358194
0.934650205761317
0.9947445736139605
1.0846743295019157
0.8654727864326562
0.7009459131700215
0.7120190181335693
1.1629219595789242
0.81648
1.1342857142857135
1.1878406200799323
1.0668353362850516
0.7230220578523312
1.1333763282353664
1.0034176751008435
0.6794004110893871
0.9849849849849851
0.8331608630413412
0.7618297909560043
1.1748283428895028
1.1441869198991366
0.7944328982089064
0.9813976872800402
1.4340955146235974
0.8786135693215338
1.4272517321016165
0.9595773633234611
1.0368663594470047
1.008094186902134
1.1934287832981574
1.1583535108958836
0.9952229299363058
1.41457586618877
1.232157097288676
1.1617543859649122
1.2445295199489548
1.0874415354013225
0.9392318911035488
0.8693670531039642
1.0158800975949809
0.7935137801344104
1.7479851994525823
0.8107435679954764
0.8727860734227748
0.8392081120231774
0.81664825554635
0.9205350118017309
1.1053716038142698
0.9373517786561265
0.8692371411560667
0.930528691166989
0.7322577243488348
1.2219281136806912
0.9315661815661818
1.1244983624705938
1.001037942567178
0.7086323851203501
1.1256362664866846
1.2171399892702004
0.7691722358234631
0.8315029736127953
0.89750315748567
1.428867721616224
0.9779541984732822
0.9059278194395651
1.2587921416444334
0.877665544332211
1.0673024268408324
0.9975034674063801
0.9005990081995384
0.8940347970173986
1.197065482038358
1.1519922490008478
1.0185185185185188
0.7492895372519298
1.3834732383519444
1.249886826618379
0.9264124622180889
0.7934892033436266
1.18808886469156
1.302436125965538
0.9637607930924208
0.954619727880151
1.060707841776544
0.8925575338692309
0.939023892178885
0.9393829996718087
0.9353972910554896
1.1910614525139662
1.0118440057775637
1.0671185539606591
0.9961212577668987
1.006410930110352
0.8184958809460537
1.154021698466143
1.1084795698002032
0.8351542729219386
1.1921568627450978
0.9212027557787654
1.292974202553895
0.7775373993095513
1.1499042282512364
0.933913692326825
0.9012891566265062
1.842228044359904
0.7564540182270091
1.4168559745570195
1.1929563767713252
0.9813551144196303
0.9005990081995384
0.954619727880151
1.2305856097629877
0.844603432039343
1.3078802422910671
0.9482690987545359
1.1001397002794004
0.92594700639411
0.8357721877685643
1.1350183342063906
1.0087315695911323
0.870716049382716
1.770754098360655
1.1629213483146066
0.9795321637426897
1.1005983488601077
1.1802339460491762
1.060737976782753
0.821101598455981
0.8102797673412488
1.0242857142857142
1.6153334274364297
0.8031496062992127
1.016300366300366
1.0073096446700507
0.7859506172839507
0.6725903614457831
0.9639000000000002
1.2544845259215454
1.037667025034557
0.9660157126823783
0.8796389972860561
0.7313684898670733
1.4545454545454548
1.0356521161384624
1.0250244140624996
0.6287128712871286
0.9897196261682248
0.8329326923076924
0.6734949832775919
0.9063280423280414
1.3539881344759397
0.9686098654708519
1.3351385977172143
0.9717200732999852
1.2429925388183096
1.1670480549199085
0.9889705882352942
0.8063425867580168
0.930794265580032
0.8633225713310759
0.9738217757085682
0.9691826309067687
0.9344825516848201
0.7966435913572474
0.985702724575127
1.2366115606263466
1.1541568149442676
0.9411405650505754
0.6811636545765684
0.8582846003898635
1.198184812573843
1.1281564020615589
1.1290495028333154
1.2484120783940766
0.9827169350124876
0.773060585736642
1.1438152011922504
1.1375464684014869
1.2128722165896886
1.014721265467534
0.607497935590421
1.056830544474952
1.1516928818981609
1.0180689691370983
0.9859028463679628
1.0946252236728746
0.9210954741145403
1.309840885506745
0.8710175438596489
1.4079652173913046
1.194979736994459
0.9660975450509274
1.0576700697128891
1.0647676991150443
0.8732847823641884
1.1327125754630087
0.8070975918884665
0.8726891557080235
0.7561480119512755
0.5451063829787234
1.0881655120053146
1.0330477356181154
0.8399102106596061
0.9606625258799174
0.8954490900629487
0.9824373527521957
0.8530925182669548
0.7096473289563375
0.6109234234234234
1.565979381443299
1.2313189462042367
0.7775661375661375
1.0642397174906522
0.9668538424514681
1.0533718330849475
1.2293113001531892
1.4462804840592174
1.1353189622072295
1.0177224783679655
0.9528234057850781
1.078046461078658
0.7239819004524883
0.9419191919191926
0.5616935483870967
0.9941195605935491
0.9187915509551459
1.1479591836734693
1.0298327112590961
0.8570166567865071
1.0669630452903585
0.9191604638209527
1.037595527517054
1.331157143792133
0.8824242424242422
0.9784732100521573
1.1026419957654425
0.9634716830894795
0.8962986827033216
0.6396884077105889
1.018117266224612
1.1199317923455854
0.9142376142376146
1.136307189542484
0.9585837281867561
0.9897812467905924
0.6378224227462334
0.6544332614426072
0.5259454419290487
0.8862369828314106
1.0250244140624996
0.9378201688051914
1.2090479006505022
1.0676883780332056
0.7714966720633208
0.8349277978339354
0.9688402042779956
0.9295977371148214
1.0101626555576193
0.9499314128943758
0.7084802538787036
0.7532195943912863
0.3547092193875856
1.1339136672782706
0.9846011273041183
1.1010261194029851
1.0319069743563414
0.826367274344153
1.1253141046651358
0.8608381624254642
0.8892854212814835
2.1293943870014784
