Case Count:
 [12, 193, 210, 89, 38, 177, 123, 109, 365, 270, 226, 76, 128, 285, 3, 330, 227, 163, 378, 360, 17, 47, 267, 269, 184, 315, 191, 165, 336, 93, 303, 202, 270, 280, 274, 41, 128, 54, 160, 258, 330, 198, 131, 253, 34, 272, 292, 224, 187, 308, 128, 146, 234, 166, 176, 320, 148, 148, 70, 352, 322, 78, 301, 350, 0, 78, 326, 365, 243, 94, 128, 251, 319, 43, 174, 162, 233, 204, 309, 310, 92, 288, 307, 200, 308, 152, 244, 147, 72, 112, 299, 24, 367, 138, 321, 314, 294, 171, 207, 271, 232, 267, 85, 34, 135, 200, 128, 141, 340, 284, 287, 305, 264, 200, 259, 62, 223, 118, 356, 256, 188, 180, 220, 274, 156, 309, 290, 314, 317, 165, 317, 323, 98, 269, 200, 69, 118, 334, 119, 294, 265, 249, 257, 153, 201, 174, 360, 161, 348, 245, 298, 266, 370, 309, 262, 390, 221, 361, 109, 232, 340, 64, 40, 330, 254, 239, 268, 301, 149, 355, 266, 390, 193, 189, 213, 326, 232, 268, 334, 195, 200, 167, 225, 282, 277, 225, 308, 287, 169, 229, 323, 260, 285, 192, 402, 227, 295, 186, 348, 211, 244, 323, 264, 238, 404, 368, 284, 168, 117, 329, 346, 103, 357, 287, 246, 381, 93, 309, 268, 405, 344, 142, 301, 179, 369, 308, 222, 266, 131, 347, 304, 244, 245, 351, 210, 137, 417, 276, 305, 315, 301, 261, 251, 300, 392, 329, 381, 318, 287, 274, 373, 228, 232, 326, 321, 299, 325, 321, 378, 227, 374, 260, 399, 367, 361, 360, 272, 316, 303, 290, 177, 298, 312, 288, 373, 270, 278, 229, 216, 260, 281, 248, 407, 216, 325, 395, 385, 289, 400, 393, 343, 223, 339, 340, 267, 380, 411, 389, 404, 218, 369, 380, 413, 407, 420, 421, 415, 417, 413]

Control Count:
 [16, 283, 342, 140, 54, 259, 203, 175, 589, 421, 482, 151, 227, 472, 5, 538, 407, 341, 597, 594, 33, 74, 336, 388, 287, 473, 306, 239, 574, 167, 552, 322, 421, 471, 429, 56, 138, 101, 306, 449, 548, 363, 184, 453, 40, 474, 518, 329, 311, 516, 220, 251, 359, 264, 310, 492, 254, 247, 126, 585, 526, 136, 522, 522, 0, 171, 555, 597, 368, 178, 199, 386, 563, 98, 281, 273, 493, 390, 566, 547, 166, 375, 494, 330, 480, 181, 372, 208, 101, 170, 513, 29, 619, 241, 529, 543, 516, 263, 271, 570, 395, 457, 166, 50, 214, 396, 225, 229, 552, 465, 480, 501, 455, 371, 419, 68, 371, 199, 600, 472, 352, 304, 381, 436, 226, 567, 440, 515, 512, 260, 497, 576, 188, 436, 327, 114, 201, 554, 216, 526, 432, 402, 432, 296, 393, 320, 621, 307, 549, 432, 461, 407, 615, 456, 436, 663, 373, 615, 157, 420, 552, 110, 68, 522, 403, 465, 458, 512, 253, 590, 420, 643, 362, 295, 372, 531, 420, 438, 562, 377, 343, 306, 387, 482, 404, 381, 500, 464, 276, 393, 518, 444, 504, 354, 596, 427, 491, 309, 560, 355, 385, 505, 452, 390, 657, 586, 365, 280, 238, 556, 503, 176, 549, 482, 437, 623, 148, 514, 416, 681, 524, 253, 468, 355, 603, 529, 391, 429, 232, 582, 464, 453, 484, 463, 369, 221, 666, 476, 473, 472, 453, 446, 390, 529, 645, 564, 644, 480, 450, 433, 624, 350, 485, 550, 535, 494, 503, 496, 660, 373, 642, 463, 666, 539, 574, 604, 503, 570, 498, 469, 400, 483, 488, 593, 619, 407, 480, 392, 402, 463, 452, 393, 654, 419, 499, 641, 627, 440, 661, 627, 543, 461, 537, 568, 479, 646, 675, 646, 680, 448, 628, 604, 652, 660, 662, 701, 682, 687, 650]

Cluster Number:
 [1, 2, 3, 4, 5, 6, 7, 8, 9, 10, 11, 12, 13, 14, 15, 16, 17, 18, 19, 20, 21, 22, 23, 24, 25, 26, 27, 28, 29, 30, 31, 32, 33, 34, 35, 36, 37, 38, 39, 40, 41, 42, 43, 44, 45, 46, 47, 48, 49, 50, 51, 52, 53, 54, 55, 56, 57, 58, 59, 60, 61, 62, 63, 64, 66, 67, 68, 69, 70, 71, 72, 73, 74, 75, 76, 77, 78, 79, 80, 81, 82, 83, 84, 85, 86, 87, 88, 89, 90, 91, 92, 93, 94, 95, 96, 97, 98, 99, 100, 101, 102, 103, 104, 105, 106, 107, 108, 109, 110, 111, 112, 113, 114, 115, 116, 117, 118, 119, 120, 121, 122, 123, 124, 125, 126, 127, 128, 129, 130, 131, 132, 133, 134, 135, 136, 137, 138, 139, 140, 141, 142, 143, 144, 145, 146, 147, 148, 149, 150, 151, 152, 153, 154, 155, 156, 157, 158, 159, 160, 161, 162, 163, 164, 165, 166, 167, 168, 169, 170, 171, 172, 173, 174, 175, 176, 177, 178, 179, 180, 181, 182, 183, 184, 185, 186, 187, 188, 189, 190, 191, 192, 193, 194, 195, 196, 197, 198, 199, 200, 201, 202, 203, 204, 205, 206, 207, 208, 209, 210, 211, 212, 213, 214, 215, 216, 217, 218, 219, 220, 221, 222, 223, 224, 225, 226, 227, 228, 229, 230, 231, 232, 233, 234, 235, 236, 237, 238, 239, 240, 241, 242, 243, 244, 245, 246, 247, 248, 249, 250, 251, 252, 253, 254, 255, 256, 257, 258, 259, 260, 261, 262, 263, 264, 265, 266, 267, 268, 269, 270, 271, 272, 273, 274, 275, 276, 277, 278, 279, 280, 281, 282, 283, 284, 285, 286, 287, 288, 289, 290, 291, 292, 293, 294, 295, 296, 297, 298, 299, 300, 301, 302, 303, 304, 305, 306, 307, 308, 309]

Odds Ratio:

1.2505854800936766
1.2336608348415639
1.0350111085574196
1.0679999999999998
1.182783781287522
1.2233340210439443
1.0066564818856396
1.0437575757575757
1.1640205570596058
1.1650198878410096
0.5415229969025774
0.8000291901556199
0.9083672110712918
1.0037420206911731
0.994954128440367
1.0691995498107159
0.8445018775207456
0.6702473543287008
1.3597495675096802
1.0280015343306481
0.8484130403561684
1.0596387203530062
1.8110465116279066
1.3865979381443303
1.108751793400287
1.3695185159926342
1.0621178578958463
1.2320954097058912
0.8752071986739287
0.9029282475511407
0.7103580562659847
1.0746651990460465
1.1650198878410096
0.9608887820641215
1.1573921028466485
1.2361809045226133
1.7596346521273125
0.8707213578500707
0.7908730995385013
0.8857251842646026
0.994441840219648
0.826103357223689
1.2574816487859968
0.8257376154193072
1.4439506172839507
0.8727860734227748
0.8052950910093766
1.2635329045027217
0.9949854539886694
0.9659743180069823
0.9503653902367728
0.9469562024937792
1.1732590529247913
1.0687090687090688
0.9023426959401446
1.289881806381089
0.9491030116080851
0.9904141797793452
0.9063535079795243
0.9890166028097059
1.0569042280068899
0.940524686328825
0.8607640624132377
1.551939386112187
nan
0.7037954998299072
0.8992744957346731
1.0823260446376022
1.2128438331854483
0.8418824295717311
1.0940878023558307
1.1829180906184544
0.7790852575488455
0.6980519480519481
1.0444907003290138
0.9747292418772565
0.5391500423403375
0.7523404255319149
0.6803207393313399
0.7951759420659551
0.8976077219540989
1.7953907284768216
1.1016746411483251
1.0092557372892101
1.2147582697201016
1.600554411226827
1.1974634684312104
1.2585616438356164
1.217902716702188
1.1242309767943877
0.8950849345586185
1.393934358122144
0.8975722491473708
0.9264553838518909
1.0233411297299033
0.8558379373848984
0.833039294306335
1.1281283695590487
1.504628451456928
0.44713868003341695
0.9448541552008809
0.9205256729937407
0.8129126676196311
1.1383703703703703
1.0666195277914412
0.7015764337940071
0.9201000357270451
1.031021951290994
1.0950080515297909
1.036309399930628
0.9755482456140352
1.0312956177197843
0.905142857142857
0.8052419673166498
1.0611376292760544
1.5961928537993446
0.9934486373165622
0.977191252211212
0.9150200803212852
0.7587292766509215
0.8000724375226368
0.9693151798414955
0.9149198815901438
1.1121490130664446
1.2244285312236154
0.6749287749287748
1.2739475289810862
1.0389436893203878
1.0961834016393437
1.083941605839416
1.2076887554837215
0.7347940613026823
0.8254819991264741
1.0597409606044257
1.0261922127109646
1.0044096728307255
0.9638102323274591
0.9990716864363077
0.8814814814814815
0.7786547790743412
1.043529161345253
1.0627651217596226
0.9675417175417175
0.7807597807597808
0.7198986464814934
0.8371698113207549
0.7851770317372958
0.7941907060670681
1.246862427190296
0.865311187476136
1.22407347579268
1.2126798369572933
0.9852715918463536
1.417813765182186
0.9913440107811122
0.7803121248499402
0.9648400029515216
0.8503856577027307
1.201293186643505
0.821900161030596
1.0950080515297909
0.9588363636363637
0.9730207872622734
1.1947695876832227
1.1072362685265906
0.6758817204301077
0.9239255343599171
0.9201766304347823
0.9646313207032847
0.9884987893462467
1.127552986512524
1.0521471419049737
0.7932219377442392
1.1096542372881357
0.9019411932629178
1.0703131510091166
0.821900161030596
1.037677908622393
0.9395695644805965
0.7440644431882418
0.9392878490308257
0.8467176086120721
0.9264290371658338
0.9167217274096785
1.3712871287128714
0.957575980572522
1.07212213740458
1.0742967332123414
1.0250670960815889
0.9295407730522237
1.1288443616029824
0.9290855100910963
0.8225108225108226
0.821244767721128
2.4063123526210775
0.7547943086916177
0.9888408010862184
0.9968916689051768
1.147252747252747
0.9723622436372622
1.114778554778555
1.2295834755889385
0.9211630847029075
1.0262023217247098
1.2474016090454438
1.255972696245734
1.8222182942996026
0.9918819188191884
0.7480818414322252
0.9252452583387839
1.6642082985955235
0.961444805194805
1.4194988671198185
0.963665647521293
0.8487686890124614
1.1071290197597836
1.0533510389001721
0.9896138880574674
1.175438596491228
0.8221041720653015
1.4097227802330252
0.8976457593058385
1.2117552334943635
0.7233694474539544
1.0927505330490406
0.8844572071747067
0.8817518592289654
1.0716412681730598
0.9093148231079266
0.9461751083221273
1.2812260536398468
0.7596083092771834
0.6366618386299737
2.282912821519733
0.8921787907835412
1.0407089988313207
1.7645372645372672
0.8964272825694696
1.2270833990722916
1.3778020776380528
1.324103400838212
0.9271174484808784
1.1570921985815603
0.8119024629068012
1.0732640606960255
0.8696969696969697
0.8568215892053977
1.357851239669422
1.1664619883040934
1.1313597872489332
0.9419191919191926
1.1670142180094785
0.5615419094576425
0.9336765888978281
0.9813559322033898
1.0116541353383457
1.2752432771790314
1.2724166211044288
0.6384500745156485
1.0190829075825791
0.7707644380541581
0.8313524862145106
0.9286036036036037
1.7873376623376627
1.2417135709818634
0.9355352502305301
0.7285627552052955
0.7121380687491083
1.0289688164422395
1.0748272062506259
0.5539694656488547
1.072052626169185
1.2082096295340132
0.4342047954613985
0.9951779507514569
1.2600497215881834
0.8921325051759836
0.9346938775510206
0.7854895923967605
0.8313524862145106
1.0859751316231658
1.1068036182939665
1.4391246177370018
0.7143208793090532
1.3083183911683016
1.218444192313147
1.1484730344379463
1.2610909090909093
1.0396058807556536
1.3762221759933424
1.2172920503376303
0.5979452880212102
1.2057541899441337
0.9674206857305448
0.8069500412681457
0.8175473579262219
1.152539682539681
0.9875541795665639
0.8147899159663861
0.6165158371040723
0.8393994540491355
1.3222583903917384
1.8515809344030179
1.310416666666666
2.2038479885514417
0.9008559201141231
1.1663000977517117
1.1312028582770957
1.9061538461538436
