Case Count:
 [265, 203, 355, 100, 245, 371, 285, 307, 247, 333, 306, 287, 260, 296, 251, 211, 317, 289, 97, 347, 362, 177, 336, 213, 277, 304, 290, 177, 330, 263, 304, 262, 271, 363, 176, 375, 300, 278, 340, 227, 210, 344, 232, 266, 327, 336, 357, 302, 387, 395, 74, 381, 339, 330, 357, 362, 277, 272, 279, 216, 336, 291, 273, 373, 241, 321, 280, 294, 366, 324, 364, 230, 111, 292, 129, 381, 247, 279, 285, 331, 333, 340, 157, 300, 221, 291, 287, 223, 101, 308, 291, 296, 318, 392, 334, 315, 195, 364, 273, 254, 369, 244, 343, 331, 279, 327, 271, 267, 156, 287, 272, 379, 244, 286, 163, 262, 390, 301, 341, 153, 353, 180, 152, 314, 332, 287, 313, 360, 287, 330, 383, 266, 298, 331, 372, 148, 214, 327, 334, 259, 390, 297, 271, 388, 247, 242, 372, 293, 150, 340, 296, 309, 316, 153, 226, 282, 112, 210, 357, 400, 267, 288, 343, 174, 297, 315, 326, 410, 381, 287, 413, 279, 290, 281, 304, 280, 388, 304, 397, 410, 210, 247, 330, 288, 383, 160, 391, 301, 303, 374, 401, 263, 270, 258, 337, 278, 300, 388, 327, 286, 267, 416, 308, 295, 375, 410, 379, 339, 363, 387, 400, 360, 299, 399, 360, 316, 253, 416, 389, 259, 319, 341, 321, 272, 413, 348, 399, 348, 352, 402, 343, 336, 419, 349, 299, 255, 183, 358, 204, 245, 399, 395, 337, 298, 402, 280, 410, 420, 421, 415, 353, 385, 408, 359, 408, 421, 231, 370, 413, 262, 422, 415, 414, 421, 406, 429]

Control Count:
 [436, 387, 600, 157, 424, 599, 485, 519, 400, 624, 528, 484, 367, 477, 423, 336, 526, 450, 156, 540, 592, 309, 574, 414, 445, 505, 504, 288, 564, 478, 460, 476, 496, 587, 305, 639, 466, 369, 553, 391, 342, 549, 367, 437, 489, 633, 568, 429, 591, 615, 137, 627, 549, 499, 603, 596, 438, 476, 490, 419, 608, 526, 460, 628, 408, 528, 418, 454, 573, 420, 597, 460, 168, 503, 253, 635, 397, 559, 486, 547, 532, 562, 273, 519, 357, 428, 497, 359, 206, 505, 462, 476, 582, 640, 493, 535, 310, 604, 502, 404, 567, 435, 556, 565, 479, 550, 422, 437, 248, 479, 445, 639, 409, 484, 282, 434, 663, 529, 566, 272, 571, 306, 218, 559, 545, 499, 494, 586, 460, 522, 572, 420, 525, 518, 619, 285, 385, 469, 568, 438, 645, 498, 503, 652, 397, 410, 632, 471, 232, 551, 495, 606, 519, 276, 386, 453, 211, 347, 548, 674, 437, 499, 503, 280, 503, 551, 481, 663, 611, 435, 647, 482, 474, 513, 486, 465, 632, 464, 675, 655, 365, 435, 542, 539, 597, 282, 673, 495, 514, 652, 668, 428, 419, 412, 544, 427, 456, 615, 500, 450, 493, 665, 514, 475, 670, 660, 642, 542, 616, 666, 683, 608, 475, 666, 673, 510, 467, 673, 656, 453, 551, 435, 514, 464, 658, 589, 625, 605, 608, 673, 549, 551, 690, 588, 475, 421, 379, 639, 441, 415, 661, 633, 511, 476, 657, 459, 690, 691, 682, 691, 571, 608, 679, 507, 658, 698, 405, 632, 671, 530, 694, 679, 701, 689, 670, 710]

Cluster Number:
 [1, 2, 3, 4, 5, 6, 7, 8, 9, 10, 11, 12, 13, 14, 15, 16, 17, 18, 19, 20, 21, 22, 23, 24, 25, 26, 27, 28, 29, 30, 31, 32, 33, 34, 35, 36, 37, 38, 39, 40, 41, 42, 43, 44, 45, 46, 47, 48, 49, 50, 51, 52, 53, 54, 55, 56, 57, 58, 59, 60, 61, 62, 63, 64, 65, 66, 67, 68, 69, 70, 71, 72, 73, 74, 75, 76, 77, 78, 79, 80, 81, 82, 83, 84, 85, 86, 87, 88, 89, 90, 91, 92, 93, 94, 95, 96, 97, 98, 99, 100, 101, 102, 103, 104, 105, 106, 107, 108, 109, 110, 111, 112, 113, 114, 115, 116, 117, 118, 119, 120, 121, 122, 123, 124, 125, 126, 127, 128, 129, 130, 131, 132, 133, 134, 135, 136, 137, 138, 139, 140, 141, 142, 143, 144, 145, 146, 147, 148, 149, 150, 151, 152, 153, 154, 155, 156, 157, 158, 159, 160, 161, 162, 163, 164, 165, 166, 167, 168, 169, 170, 171, 172, 173, 174, 175, 176, 177, 178, 179, 180, 181, 182, 183, 184, 185, 186, 187, 188, 189, 190, 191, 192, 193, 194, 195, 196, 197, 198, 199, 200, 201, 202, 203, 204, 205, 206, 207, 208, 209, 210, 211, 212, 213, 214, 215, 216, 217, 218, 219, 220, 221, 222, 223, 224, 225, 226, 227, 228, 229, 230, 231, 232, 233, 234, 235, 236, 237, 238, 239, 240, 241, 242, 243, 244, 245, 246, 247, 248, 249, 250, 251, 252, 253, 254, 255, 256, 257, 258, 259, 260, 261, 262, 263, 264, 265, 266]

Odds Ratio:

1.0199831277022038
0.7579271230236937
0.9015873015873017
1.072844446949627
0.9054658626726317
1.1749729942060303
0.92723256125318
0.936576750160565
1.054895833333333
0.5235849056603776
0.871496924128503
0.9518812527185735
1.4287671441401668
1.0892084854349005
0.9626653588853678
1.0796783625730995
0.9978495293897648
1.190251851851852
1.039961013645224
1.313123993558776
1.0800280800280797
0.9160675906025345
0.8752071986739287
0.7148262152109787
1.087404633097517
0.9943821048771544
0.8650260999254289
1.0321246819338423
0.8803435487019324
0.7815471662228982
1.3119484702093398
0.7836490528414755
0.7545122887864824
1.147292208374428
0.9281057158885494
0.8160944835680755
1.2134498409855807
1.6799138177717186
1.0868175425137452
0.9228755489070116
1.0350111085574196
1.1806346467261049
1.1024496834235018
1.023875345564212
1.426982909728309
0.48957806101320567
1.2263826863620746
1.5363857553638576
1.7252049980476376
1.649482631189948
0.8745925407459254
1.0581587196832203
1.1053005464480876
1.389384273133423
0.9024996966387568
1.041227229146692
1.1321100400248045
0.8622754491017965
0.8469642857142856
0.7143208793090532
0.6438426162493611
0.755086835885315
0.9581456259821899
0.8999227948272532
0.9546444840562488
1.0304314329738062
1.3060094490084564
1.2236974024001215
1.356236104138278
2.06608695652174
1.064969290898939
0.6411483253588518
1.128048780487805
0.8885462733801275
0.781269922223639
0.9620689655172415
1.0725886859781697
0.5271802325581394
0.9215167548500884
1.0141343354323247
1.1573982125124136
1.0144146087206585
0.9278959810874704
0.8691312845677214
1.0535168195718656
1.3781889366001514
0.8775945144551519
1.0611652739090065
0.7571953811684954
1.038228402992971
1.1320638820638822
1.0958453311394487
0.6592826105478401
1.146808510638298
1.5162754757075243
0.9164154356346091
1.07760444209413
0.9963796909492266
0.7403878462055395
1.101097136740701
1.4968253968253973
0.8428175655761863
1.1052907673860914
0.8841855129465749
0.9064587682672235
0.9449025974025976
1.1696851726472581
1.0336996434463306
1.066909836999886
0.9815267553016153
1.035807037610173
0.8797861241523216
0.9759388126136292
0.9423648247177661
0.9340374139171549
1.0027337342810279
0.7803121248499402
0.8205117668009096
0.9959255787120501
0.8968531468531468
1.1285993564941146
0.9584374290256642
1.2390116037464436
0.7594418604651159
1.0418588699305498
0.8665093344583905
1.176691729323308
1.1042467706398231
1.1000572082379865
1.1947695876832227
1.8652597402597406
1.127552986512524
0.8172104018912529
1.2424924924924925
0.9776963325537101
0.7905468137698198
0.8473535353535354
1.6123400852878464
0.8960429242119383
0.9526889903602233
1.0242050308495496
0.9659765823858815
0.7215634762851465
0.8868038012751109
1.0725886859781697
0.9527794973381205
0.8433780464764785
1.0950324288165663
1.1096527860637155
1.1032282901611397
0.9743307197852651
0.4785224676313783
1.0345724266491216
0.8761021587108544
0.940086112530103
1.0903952419116718
0.8392248938359638
1.006883706882448
1.430033825885704
0.8217301985847972
1.0336996434463306
0.875286997836733
1.5982231610337974
1.050566037735849
0.9355836810125164
0.816038288156431
1.4814637646496058
1.3860716700473286
1.2578870139398388
1.2717937084089537
1.9886458209487567
0.8899636929460583
1.042958683770849
0.7453672860068595
1.1212924859015394
0.9960100087915064
1.155621742367833
1.2812260536398468
0.742186948853615
1.5756778099499853
0.9120057426571754
0.8665110153256705
1.038965435525915
0.6687881654769072
1.500747786551807
0.9069879763084981
0.6657070331847444
1.02668716146977
0.9275864042114897
0.6706937234544595
0.947841159785692
1.047419286321155
1.178206775783424
1.093278978705144
1.1175028835063436
1.2171876590978516
1.2873911397198028
1.397863860991551
1.3313571428571431
1.1548002904865649
0.7399523562432188
1.713501144164762
0.9788813972138886
1.091154970760234
0.5072294776119407
1.456635318704283
0.8461578400830742
1.1633579335793358
0.8684210526315788
0.6928274428274431
0.6757517738484062
0.8994003997335105
1.137548872180451
0.9286036036036037
0.3724114582353712
1.098166746373346
0.7602058437521583
1.478131662252084
0.8539024390243901
0.8734976698552857
0.853947368421053
2.3437250762373916
1.1325924948888741
0.9266983274829654
1.6898527004909965
0.9024795238717138
1.6438800000000002
0.7774770683861589
0.7985480943738654
0.8879161479458647
1.164940042501518
1.0479093616196502
1.153768115942031
0.923280423280423
1.137548872180451
1.0105984715480736
0.6582598120052771
0.6155837632102629
0.5649442755825735
0.9524903738666005
1.0110816944024204
1.3473000143616254
1.4030351866774111
1.1188986232790987
1.1741330371467351
1.0320494375248355
0.7786106946526737
1.183639271840965
1.5775496904529178
0.9258924264351199
1.1285993564941146
1.4071637426900583
0.9497838377120045
1.9560897435897433
1.400137268359642
1.0052531041069726
0.8857193732193732
0.8145294441386902
1.349363751003095
0.5529900863447393
1.2161383285302592
1.2478522336769768
0.6378316690442215
1.3238993710691846
1.065038444142922
1.087605633802819
