Case Count:
 [336, 336, 357, 4, 221, 0, 0, 25, 0, 1, 0, 243, 227, 0, 338, 298, 348, 0, 5, 0, 21, 24, 0, 199, 244, 348, 311, 0, 137, 217, 74, 0, 94, 39, 0, 2, 173, 238, 124, 275, 336, 165, 187, 325, 257, 321, 144, 155, 75, 182, 214, 143, 9, 348, 48, 131, 270, 313, 292, 324, 194, 210, 198, 18, 305, 301, 353, 333, 192, 0, 208, 135, 112, 8, 236, 230, 255, 104, 155, 235, 55, 251, 291, 224, 221, 231, 76, 152, 140, 42, 315, 286, 101, 342, 105, 166, 227, 390, 217, 290, 221, 339, 285, 29, 107, 269, 91, 0, 274, 253, 214, 307, 347, 325, 112, 97, 206, 180, 248, 215, 356, 201, 208, 323, 230, 291, 246, 108, 244, 165, 147, 175, 55, 276, 281, 191, 89, 270, 245, 361, 285, 168, 140, 347, 274, 224, 204, 198, 147, 249, 232, 336, 268, 195, 223, 223, 225, 345, 283, 80, 266, 228, 257, 310, 160, 326, 206, 116, 315, 261, 195, 213, 324, 99, 244, 393, 126, 359, 234, 343, 177, 339, 319, 242, 330, 283, 187, 323, 222, 313, 224, 257, 196, 274, 391, 244, 237, 300, 227, 178, 245, 144, 274, 216, 289, 327, 335, 340, 339, 329, 209, 105, 298, 284, 309, 203, 284, 176, 141, 203, 273, 294, 256, 294, 261, 294, 285, 293, 220, 172, 183, 343, 281, 299, 295, 316, 340, 103, 343, 316, 289, 333, 321, 355, 241, 238, 301, 267, 321, 319, 284, 279, 312, 282, 391, 149, 364, 197, 313, 281, 413, 369, 244, 290, 314, 415, 397, 340, 392, 403, 307, 338, 273, 260, 255, 263, 315, 342, 251, 326, 326, 413, 324, 415, 308, 323, 265, 300, 340, 310, 243, 406, 395, 288, 373, 407, 401, 391, 390, 255, 198, 316, 339, 242, 202, 280, 365, 417, 343, 419, 158, 257, 259, 141, 318, 386, 262, 396, 389, 313, 241, 385, 260, 230, 387, 198, 420, 345, 398, 405, 411]

Control Count:
 [562, 573, 594, 6, 344, 2, 0, 45, 0, 2, 0, 387, 322, 0, 567, 439, 560, 0, 4, 0, 61, 46, 0, 359, 410, 564, 557, 0, 277, 402, 132, 0, 144, 69, 2, 6, 271, 342, 196, 421, 572, 273, 306, 511, 365, 523, 268, 261, 110, 288, 415, 215, 15, 525, 80, 181, 518, 523, 500, 565, 287, 340, 349, 21, 491, 462, 584, 591, 289, 0, 337, 252, 181, 8, 376, 489, 421, 185, 243, 413, 109, 429, 499, 449, 365, 371, 108, 208, 235, 83, 581, 551, 282, 615, 204, 272, 344, 645, 397, 429, 320, 560, 450, 75, 172, 443, 155, 0, 523, 421, 350, 367, 579, 545, 230, 185, 409, 296, 437, 392, 576, 353, 340, 532, 379, 502, 392, 173, 382, 233, 218, 260, 107, 447, 487, 323, 138, 406, 446, 617, 482, 329, 224, 566, 463, 380, 324, 391, 304, 491, 351, 552, 478, 268, 443, 363, 337, 500, 422, 146, 438, 396, 383, 537, 263, 534, 349, 164, 509, 381, 333, 363, 528, 179, 430, 645, 173, 503, 361, 591, 332, 568, 479, 444, 549, 382, 315, 575, 504, 485, 389, 391, 278, 373, 657, 480, 415, 479, 359, 288, 388, 253, 411, 334, 480, 561, 536, 566, 560, 552, 365, 193, 502, 467, 492, 282, 430, 321, 190, 337, 439, 471, 410, 501, 411, 473, 457, 495, 340, 292, 282, 560, 505, 506, 472, 479, 581, 181, 597, 535, 461, 507, 556, 596, 401, 388, 445, 414, 496, 513, 427, 467, 483, 435, 670, 228, 567, 360, 572, 474, 684, 589, 445, 465, 561, 686, 671, 563, 666, 670, 496, 550, 446, 456, 413, 398, 532, 548, 430, 426, 524, 662, 577, 675, 492, 481, 403, 503, 548, 568, 429, 668, 688, 490, 678, 684, 675, 639, 655, 374, 406, 542, 584, 442, 356, 477, 622, 677, 580, 694, 272, 438, 443, 238, 527, 671, 348, 674, 661, 484, 420, 671, 440, 401, 633, 308, 688, 565, 696, 675, 685]

Cluster Number:
 [1, 2, 3, 4, 5, 8, 10, 12, 13, 15, 16, 17, 19, 21, 22, 24, 25, 26, 27, 29, 30, 31, 33, 34, 36, 37, 38, 39, 40, 41, 42, 43, 44, 45, 46, 47, 48, 49, 50, 51, 52, 53, 54, 55, 56, 57, 58, 59, 60, 61, 62, 63, 64, 65, 66, 67, 68, 69, 71, 72, 73, 74, 75, 76, 77, 78, 79, 80, 81, 82, 83, 84, 85, 86, 87, 88, 89, 90, 91, 92, 93, 94, 95, 96, 97, 98, 99, 100, 101, 102, 103, 104, 105, 106, 107, 109, 110, 111, 112, 113, 114, 115, 116, 117, 118, 119, 120, 121, 122, 123, 124, 125, 126, 127, 128, 129, 130, 131, 132, 133, 134, 135, 136, 137, 138, 139, 140, 141, 142, 143, 144, 145, 146, 147, 148, 149, 150, 151, 152, 153, 154, 155, 156, 157, 158, 159, 160, 161, 162, 163, 164, 165, 166, 167, 168, 169, 170, 171, 172, 173, 174, 175, 176, 177, 178, 179, 180, 181, 182, 183, 184, 185, 186, 187, 188, 189, 190, 191, 192, 193, 194, 195, 196, 197, 198, 199, 200, 201, 202, 203, 204, 205, 206, 207, 208, 209, 210, 211, 212, 213, 214, 215, 216, 217, 218, 219, 220, 221, 222, 223, 224, 225, 226, 227, 228, 229, 230, 231, 232, 233, 234, 235, 236, 237, 238, 239, 240, 241, 242, 243, 244, 245, 246, 247, 248, 249, 250, 251, 252, 253, 254, 255, 256, 257, 258, 259, 260, 261, 262, 263, 264, 265, 266, 267, 268, 269, 270, 271, 272, 273, 274, 275, 276, 277, 278, 279, 280, 281, 282, 283, 284, 285, 286, 287, 288, 289, 290, 291, 292, 293, 294, 295, 296, 297, 298, 299, 300, 301, 302, 303, 304, 305, 306, 307, 308, 309, 310, 311, 312, 313, 314, 315, 316, 317, 318, 319, 320, 321, 322, 323, 324, 325, 326, 327, 328, 329, 330, 331]

Odds Ratio:

0.9635490446740144
0.8824276927769026
0.9821384577482137
1.1065134099616858
1.1316407083422233
0.0
nan
0.9165324745034891
nan
0.8287671232876711
nan
1.0924299952539156
1.3500820344544713
nan
0.9502505806136169
1.3913310392736555
1.147252747252747
nan
2.0852534562211984
nan
0.5493372029178759
0.8574122577265584
nan
0.8522632311977715
0.9705065666041276
1.111994388590133
0.7459184245960503
nan
0.7386018600425565
0.7926807404419345
0.915400581154006
nan
1.1049919484702095
0.931195652173913
0.0
0.5507246376811593
1.0967594262408789
1.3364173285618692
1.0684807256235829
1.2227709866172296
0.8896734333627538
1.0036496350364963
1.02336860670194
1.2106464792117284
1.4043504440764711
1.0662896587484203
0.8378446749304325
0.9765393125033726
1.1575924075924073
1.0819282317336794
0.7173440428380188
1.152718416090509
0.9948837209302325
1.4786813186813186
0.9943734015345268
1.2853734663126928
0.6476891092275708
0.9737017815411695
0.905795918367347
0.8128049249711429
1.2167247386759583
1.046493706652967
0.8921994079111628
1.4394299287410925
1.0986564124388238
1.2558190601668864
1.012105766167569
0.7282348434058041
1.1807853410475888
nan
1.0447159171194778
0.8388157894736843
1.035092165509318
1.670533642691415
1.0883555182894873
0.537861664758662
1.0105984715480736
0.9112061315046391
1.0893033095693503
0.8786141575274179
0.8133839831804283
0.930528691166989
0.9023316904078427
0.6473921375666858
1.0082066105316076
1.068668359941945
1.2019181716151413
1.32404181184669
0.9822813634099482
0.8221298291402386
0.6427322191993778
0.6004768513576031
0.47259641613160436
0.6478249937138546
0.807502641775273
1.0193923723335487
1.195261079420799
1.0242050308495496
0.8149749245467133
1.3565182021557862
1.2925458715596334
1.0169999999999997
1.1432900432900432
0.6158373983739839
1.041818436536845
1.0179922984995358
0.9666852057842046
nan
0.6509067732777103
0.9918907874236965
1.0271999999999997
2.287734291140285
0.9706202598182776
0.9572670207629166
0.7416035101715198
0.832479848269322
0.6895705006453507
1.0142961494312845
0.8646291348676725
0.8227040816326534
1.1318607764390898
0.8971718999214414
1.0275528393175453
1.0258620689655178
1.013369355266314
0.8851889738343922
1.0925240562546263
1.0467492097864242
1.1333601825748423
1.2793302214842897
1.1777365841397511
1.193181818181818
0.8312646028037384
1.064437765059497
0.8801107270033532
0.9656821132527715
1.0871635610766048
1.2670883493164662
0.7985067726873467
0.8326268545069192
0.9445222826965567
0.7518253905943316
1.0535117056856187
1.0795437087110153
0.9504548727010933
0.9541248470012239
1.0824271079590229
0.7081109189120355
0.7021449170872385
0.6325758387822915
1.203793165145822
1.0401013085690167
0.8196921872323765
1.371727428431612
0.6641898670679711
1.038095602489542
1.2198757591724674
1.6736170212765957
1.3154393000364564
0.8883122829778304
1.018027291683163
0.9059313514289821
1.271985194961696
0.8547341677132502
1.0139416983523448
1.0480925391932656
0.9601190402990761
1.2350675828739712
1.0929875150516508
1.335441918074847
0.9479766651897802
0.9476705916770279
1.0671936758893283
0.8930496220834703
0.8671675611210495
1.099393326592518
1.2914365916268074
2.007331013916501
1.1604351057360989
0.8282395657078397
0.805803366136301
0.9549295774647888
1.381889352818372
0.7857502172222983
0.9871158570211062
1.6431400187944691
0.9729276895943563
0.740914542728636
0.45468509984639033
1.2446244477172312
0.9079452382375802
1.217068098142267
1.3056221689315215
1.5804695751076452
0.8802955352612886
0.6464957264957265
0.8848980078730767
1.1219416950781753
1.1005807536658434
1.0419327373350362
1.1066532043787864
0.9164601058484626
1.280808080808081
1.142611637711125
0.9954444444444446
0.8691271963330787
1.1538461538461537
0.9829746225505942
1.0169999999999997
0.9536231884057974
0.9037164979154261
0.8714436412149794
0.9514848407787291
1.024024314429785
1.14015009380863
1.360409905036663
1.2697974493623405
0.8484891557987753
1.339773931472978
0.9980008047075389
1.0826495046244207
1.1063474632110695
1.0850059976009594
0.9186867644022301
1.1309357828262117
1.093096158052052
1.0974310153741227
0.9446381624463815
1.1463873220521088
0.9618798419783489
1.1305684840425532
1.0718749999999997
0.7853490412332375
0.9370129870129871
1.111111111111111
1.3355058811548446
0.8689302665206277
0.926417390160484
0.7840068397543273
0.9267988754653896
1.1158785249457703
1.3693759071117566
0.8415437141811979
0.9360019175455416
0.9925564875689562
1.037595527517054
1.3871193616674804
1.1773677114930903
1.2724166211044288
1.1141163092917479
1.2915917503966157
0.9745583511777302
1.2461485792536802
1.2098396661541841
0.705161691542289
1.1267392619479735
1.3781069958847731
0.832139577594123
0.6774891774891774
0.9530256903274048
1.0218173639226262
1.2440213436817855
0.7957591472198213
1.1008154723244572
0.747778966131907
1.0586734693877566
0.8029593357462215
1.0065127294256955
0.7764360104785639
0.9690713101160865
1.087854349951124
1.0830603060306032
1.0398454805770165
0.8664118396550032
1.0570191599115697
1.2390075376884422
0.9359083191850593
1.158100684776883
0.9252597723899059
2.0452033736341355
1.1231507126933733
1.5836625610039494
0.7373069098033309
1.357716049382717
1.1277850183081979
1.4298695246971114
1.2282165368928435
0.9654304389490396
1.1280690112806901
0.6769297958292388
0.8641001855287569
1.10506260206859
0.5219344608879495
0.9263954588457898
0.4167784035040672
0.8181652046783622
0.8285769980506815
1.1345526864893063
0.887054058264527
1.3117588932806326
0.6515953641436542
0.8816488164881645
0.8358904109589039
0.7948641385488208
0.8906272223012373
0.9266511082103821
0.8405753019900929
1.4278904256747693
0.9117097701149428
1.0263688760806915
0.9426418254134392
0.9349440513824075
0.9256960120391272
0.9741413343861035
1.0023679959853846
0.618676714562889
1.6163387232937196
0.737837278310675
0.7885930408472013
1.2523284796012069
0.8925925925925927
0.6056466302367948
0.9507364144235653
0.8973976541898842
1.116934013853445
1.120331950207469
1.285189718482254
1.0588401430992278
0.4463134286515273
0.9352941176470578
0.9214285714285709
