Case Count:
 [19, 277, 176, 0, 16, 147, 8, 216, 67, 263, 20, 213, 2, 0, 0, 292, 306, 5, 289, 0, 153, 166, 0, 116, 301, 293, 225, 36, 223, 191, 251, 0, 15, 352, 0, 0, 170, 313, 182, 289, 278, 12, 370, 66, 56, 110, 0, 46, 30, 13, 0, 109, 178, 314, 286, 332, 142, 0, 175, 196, 248, 288, 301, 230, 294, 344, 283, 289, 233, 255, 195, 241, 372, 107, 312, 121, 55, 79, 298, 326, 135, 225, 63, 299, 347, 143, 321, 226, 0, 3, 336, 15, 330, 171, 265, 159, 350, 235, 55, 288, 308, 318, 23, 252, 254, 8, 37, 350, 326, 176, 355, 206, 227, 92, 275, 20, 190, 389, 254, 196, 241, 290, 338, 350, 276, 210, 215, 153, 83, 221, 61, 249, 285, 150, 342, 236, 129, 296, 228, 123, 239, 149, 285, 299, 256, 362, 232, 272, 269, 70, 219, 183, 318, 19, 213, 233, 279, 355, 374, 341, 169, 354, 352, 333, 295, 200, 351, 354, 308, 309, 389, 185, 295, 234, 236, 361, 189, 237, 308, 270, 329, 199, 195, 86, 217, 238, 298, 260, 299, 248, 313, 397, 220, 266, 181, 212, 384, 339, 264, 301, 270, 318, 314, 337, 239, 350, 336, 222, 241, 350, 166, 180, 228, 308, 348, 390, 280, 326, 213, 280, 330, 252, 254, 212, 239, 230, 293, 265, 294, 315, 256, 208, 275, 328, 262, 399, 268, 261, 286, 203, 297, 387, 295, 267, 263, 313, 287, 314, 295, 409, 145, 277, 320, 208, 268, 264, 230, 373, 220, 351, 194, 253, 303, 235, 317, 243, 366, 187, 361, 299, 389, 320, 276, 386, 341, 394, 421, 400, 405, 258, 268, 406, 425, 346, 130, 289, 353, 343, 374, 424, 415, 360, 390, 411, 400, 313, 418, 420, 383, 410, 397, 318, 403, 410, 413, 415, 416, 405]

Control Count:
 [17, 438, 233, 2, 22, 281, 11, 376, 113, 449, 20, 349, 6, 0, 0, 515, 483, 5, 553, 0, 242, 281, 0, 220, 518, 489, 353, 80, 405, 308, 501, 4, 28, 570, 0, 1, 264, 446, 302, 436, 418, 32, 594, 119, 82, 154, 0, 58, 50, 15, 0, 187, 202, 450, 508, 515, 200, 0, 278, 304, 426, 462, 491, 355, 435, 593, 470, 455, 426, 435, 322, 402, 630, 184, 443, 189, 100, 174, 384, 513, 274, 397, 180, 506, 604, 258, 516, 322, 3, 5, 585, 6, 538, 380, 400, 307, 575, 467, 82, 521, 522, 520, 24, 405, 419, 8, 67, 588, 548, 311, 540, 304, 369, 198, 370, 26, 337, 575, 423, 344, 465, 487, 544, 564, 487, 331, 356, 266, 136, 332, 146, 403, 465, 228, 539, 384, 215, 482, 399, 148, 397, 292, 482, 520, 412, 585, 350, 452, 430, 104, 344, 312, 537, 48, 320, 402, 428, 526, 596, 584, 282, 592, 517, 563, 500, 282, 574, 530, 481, 545, 653, 313, 512, 456, 379, 589, 256, 395, 535, 481, 571, 343, 230, 98, 351, 422, 482, 485, 531, 432, 547, 655, 390, 444, 280, 395, 656, 525, 490, 516, 450, 550, 501, 579, 377, 616, 556, 444, 384, 510, 309, 296, 389, 511, 559, 661, 358, 530, 356, 431, 530, 393, 432, 366, 389, 392, 498, 499, 484, 497, 465, 329, 460, 545, 417, 643, 467, 397, 442, 339, 503, 656, 485, 401, 438, 495, 372, 533, 475, 659, 341, 416, 496, 334, 463, 456, 377, 604, 387, 542, 340, 403, 504, 400, 526, 383, 593, 309, 563, 460, 648, 569, 469, 644, 558, 664, 687, 646, 659, 467, 452, 662, 663, 563, 267, 474, 583, 577, 625, 699, 697, 594, 637, 686, 667, 515, 687, 695, 634, 685, 637, 528, 669, 649, 675, 677, 676, 671]

Cluster Number:
 [1, 2, 3, 5, 6, 7, 8, 9, 10, 11, 12, 13, 16, 17, 18, 19, 21, 22, 24, 25, 26, 27, 28, 29, 30, 31, 33, 34, 37, 38, 39, 40, 41, 42, 43, 44, 45, 46, 48, 49, 50, 52, 53, 54, 55, 56, 57, 59, 60, 61, 62, 63, 64, 65, 66, 67, 68, 69, 70, 71, 72, 73, 74, 75, 76, 77, 78, 79, 80, 81, 82, 83, 84, 85, 86, 87, 88, 90, 91, 92, 93, 94, 95, 96, 97, 98, 99, 100, 101, 102, 103, 104, 105, 106, 107, 108, 109, 110, 111, 112, 113, 114, 115, 116, 117, 118, 119, 120, 121, 122, 123, 124, 125, 126, 127, 128, 129, 130, 131, 132, 133, 134, 135, 136, 137, 138, 139, 140, 141, 142, 143, 144, 145, 146, 147, 148, 149, 150, 151, 152, 153, 154, 155, 156, 157, 158, 159, 160, 161, 162, 163, 164, 165, 166, 167, 168, 169, 170, 171, 172, 173, 174, 175, 176, 177, 178, 179, 180, 181, 182, 183, 184, 185, 186, 187, 188, 189, 190, 191, 192, 193, 194, 195, 196, 197, 198, 199, 200, 201, 202, 203, 204, 205, 206, 207, 208, 209, 210, 211, 212, 213, 214, 215, 216, 217, 218, 219, 220, 221, 222, 223, 224, 225, 226, 227, 228, 229, 230, 231, 232, 233, 234, 235, 236, 237, 238, 239, 240, 241, 242, 243, 244, 245, 246, 247, 248, 249, 250, 251, 252, 253, 254, 255, 256, 257, 258, 259, 260, 261, 262, 263, 264, 265, 266, 267, 268, 269, 270, 271, 272, 273, 274, 275, 276, 277, 278, 279, 280, 281, 282, 283, 284, 285, 286, 287, 288, 289, 290, 291, 292, 293, 294, 295, 296, 297, 298, 299, 300, 301, 302, 303, 304, 305, 306, 307, 308]

Odds Ratio:

1.8920168067226888
1.1321100400248045
1.4216942182476868
0.0
1.213840532989469
0.8008214303124848
1.2098713351613584
0.9067837038450527
0.9802312303739651
0.9285406964972663
1.6897374701670644
1.0234931663158964
0.5507246376811593
nan
nan
0.8215573608084009
1.1670480549199085
1.6658986175115211
0.6097046413502111
nan
1.0743512685661447
0.9672676078370029
nan
0.8292710385589642
0.8842538190364275
0.980852732722638
1.1169283312594318
0.7235732009925558
0.823376771833562
1.0502199413489737
0.6049284409903597
0.0
0.8844339622641509
1.1215164347650735
nan
0.0
1.110735608876873
1.5706811872731148
0.9989434895766226
1.2903363914373092
1.2805729739368188
0.6112412177985949
1.2096813546088914
0.9055354045103295
1.1518818060243265
1.2462006079027357
nan
1.352110204439765
0.9946210268948656
1.4505477308294208
nan
0.9555825636039541
1.7758810363795001
1.5518577777777773
0.8095311615459834
1.283295526721713
1.2622222222222221
nan
1.073005232177894
1.1249729261425165
0.9204827569254971
1.0981336544250453
1.052820331178606
1.1562773771817507
1.3657074910820455
0.8243543090441111
0.9958265139116202
1.1560000000000001
0.8018369114362551
0.933470764617691
1.0076621525302922
0.9870596512387556
0.8636815920398009
0.9528548978522787
1.5804909262188729
1.085138597717214
0.8994791666666667
0.6986909323116217
1.8933215130023637
1.2090945160344322
0.7358096427199387
0.876609618870501
0.5101063829787233
0.9370129870129871
0.7743305499568094
0.8800806620574062
1.1176586519511233
1.3378240457236175
0.0
0.994954128440367
0.7974110032362458
4.257075471698114
1.0691995498107159
0.584328358208955
1.248850574712643
0.7787226617031178
1.046409379579873
0.6438153419826174
1.128366361788618
0.7577887658730663
0.9278465093153168
1.0512396694214878
1.6217948717948718
1.0747474747474746
1.0125266077533381
1.670533642691415
0.908034454592708
0.936329588014981
0.9476132032814419
0.89728949910139
1.4713403880070541
1.2331149762819062
1.0417369739735134
0.7096905655983468
1.6224456163480558
1.288782816229117
0.8853217022392238
2.070156521739131
0.9899686920963514
0.9003732414585128
0.6884218529379821
0.9631630445268252
1.1319161327897496
1.1435174117459557
0.8379335105377864
1.0998825842029578
1.002959470304976
0.9291497975708503
1.0148711169861202
1.2091853653144695
0.6432920200043487
1.056876061120543
1.0467113531629664
1.1382261883081406
1.2363100816709063
1.0414614121510672
0.9929032258064515
1.056437338595015
0.8909952606635071
1.525401984262744
0.9963350125944587
0.7671705243268776
0.9445222826965567
0.8542857142857142
1.0729481670115124
1.1492063492063487
1.2104347826086954
0.9945418896719836
1.096607387140903
1.1382113821138216
1.111205073995772
0.9531250000000001
0.9347615310032781
0.6408730158730158
1.2016592920353983
0.9172342172631986
1.2222546728971964
1.6229856961796123
1.2743417656169338
0.8579815487838969
0.989939584975046
0.9567567567567566
1.6512594766446558
0.9206910419249974
0.9341666666666666
1.3234814089438856
1.0701219512195121
1.555871254162042
1.207344749329482
0.798122794636556
0.8935681470137823
0.9656989761263868
0.8642578124999998
0.6808729139922979
1.0705382325799029
1.092224979321753
1.393875
0.9891089108910893
0.8481700791895552
0.8204062050215899
0.8223690495144087
0.9306972789115646
1.7303991446899503
1.5661675435046543
1.0498832165498833
0.8585980052344909
1.078661605014567
0.7277544203190692
0.7923459779391984
0.8896645336435912
0.821987173906735
1.0534714649218462
0.8706240487062407
0.9834921626829137
1.1224806201550384
0.787330619528244
0.7662971175166297
1.3108000000000002
0.7327346938775507
0.8961352657004829
0.9869822485207101
0.8505484598046584
1.1381716566866265
0.85023197534627
1.1125862068965515
0.7150153217568948
1.009149961584131
0.6543778801843317
1.0903829966329965
1.6809870015421902
0.8245196012186304
1.0142961494312845
0.9416781393535498
0.9984314545644672
1.156146179401993
0.8067553799129334
1.8200344330838694
1.0777759225246288
0.9848364323356866
1.213500853653198
1.1310368703479319
1.1487120871943504
0.9407407407407407
0.9237139211862978
1.0414010282776351
0.9432672590567329
0.9268581174011112
0.6989265888098034
1.022171558848675
1.1807133121308493
0.7912098243140021
1.0920143686101134
0.9769353128313895
0.9922142325812052
1.1039575119565366
1.3186236391912909
0.8759156993125208
1.2225256842045682
1.2095347943098813
0.9870381480925953
0.9355836810125164
0.8168386491557222
1.026417525773196
1.2658615090181518
0.9893887505188874
1.1692961359628022
1.8069468024900965
0.9190243902439025
1.091154970760234
1.4274658573596348
0.5597282901430367
1.2824074074074079
1.257793439956628
1.0621873136843198
0.8970229750041049
0.8998496240601502
1.024583402078865
1.1602448324302628
0.8851604073012168
1.3687940288493792
0.9036254501800719
1.0969476240027747
0.9901960784313725
0.9446078431372547
0.9978495293897648
1.1167874460489158
1.1413985077040363
1.006228489238198
1.3564011476977722
1.2442857142857144
0.9604938271604944
0.7514288668015539
0.9350792052009889
0.9499589827727649
1.0600907029478455
0.8439089692101742
1.395843441694972
1.3018972771294754
1.2472105685976964
0.7966448590391233
0.9569942555503801
1.2265861027190328
2.97619047619048
1.0903569586890502
0.7263978279577712
1.0324331926863572
1.0208823646735008
0.9350267186597345
0.9482338461538469
1.1727229375298047
0.7690698230511718
1.0280015343306481
1.1370262390670554
0.8986880466472299
0.9379925421904434
1.0274156264447523
1.1879115547237835
1.0496024233244983
1.0140265885534026
0.8874905612886983
1.3503401360544216
0.9954921111945909
0.9872529480152801
1.720950002656605
1.2472364672364655
1.3026218611521427
1.3913043478260876
1.0118786709914966
