Case Count:
 [308, 311, 314, 236, 291, 311, 273, 347, 280, 320, 306, 354, 376, 275, 372, 323, 277, 343, 358, 289, 208, 182, 271, 326, 366, 230, 266, 335, 360, 269, 249, 296, 288, 236, 361, 278, 277, 252, 388, 292, 388, 234, 286, 230, 325, 288, 333, 241, 329, 337, 217, 300, 296, 342, 353, 295, 307, 261, 249, 230, 383, 333, 252, 247, 287, 331, 347, 245, 286, 269, 315, 242, 299, 256, 266, 221, 228, 305, 351, 296, 314, 294, 369, 288, 285, 307, 277, 356, 349, 320, 307, 366, 374, 352, 308, 265, 394, 271, 346, 312, 298, 307, 267, 240, 219, 362, 394, 384, 227, 261, 273, 360, 323, 153, 300, 314, 338, 299, 225, 236, 219, 366, 332, 306, 314, 333, 230, 238, 249, 352, 295, 297, 305, 349, 302, 334, 265, 386, 298, 263, 331, 307, 366, 379, 234, 352, 310, 288, 340, 258, 288, 300, 339, 260, 316, 354, 282, 286, 316, 291, 286, 269, 404, 216, 376, 338, 253, 319, 279, 302, 320, 320, 329, 287, 361, 289, 285, 337, 220, 403, 276, 243, 364, 256, 284, 334, 197, 363, 217, 289, 355, 226, 291, 291, 304, 397, 401, 212, 225, 291, 248, 386, 278, 196, 273, 384, 351, 367, 279, 375, 315, 381, 327, 285, 374, 300, 401, 355, 263, 250, 189, 295, 364, 355, 267, 277, 328, 308, 170, 318, 313, 260, 331, 408, 398, 295, 382, 281, 298, 215, 410, 382, 267, 404, 308, 303, 254, 303, 341, 280, 329, 298, 345, 259, 157, 336, 259, 372, 248, 336, 401, 216, 291, 271, 275, 353, 275, 353, 315, 279, 404, 292, 285, 392, 367, 330, 217, 364, 400, 204, 330, 268, 404, 296, 375, 393, 307, 352, 290, 298, 325, 226, 394, 300, 318, 414, 413, 398, 301, 214, 409, 355, 379, 294, 283, 353, 405, 361, 416, 393, 231, 407, 303, 313, 417, 363, 405, 400, 259, 413, 268, 415, 403, 271, 405, 415, 414, 409, 386, 386, 413, 421, 416, 403, 419, 277, 358, 368, 419]

Control Count:
 [515, 502, 555, 362, 455, 533, 480, 570, 464, 532, 525, 593, 613, 459, 631, 560, 459, 582, 613, 483, 312, 300, 495, 528, 599, 392, 473, 572, 594, 458, 420, 508, 480, 411, 567, 439, 470, 468, 648, 432, 602, 375, 483, 401, 520, 477, 573, 398, 563, 584, 373, 431, 504, 580, 513, 462, 496, 439, 413, 412, 644, 497, 441, 406, 473, 539, 568, 432, 463, 448, 496, 416, 463, 409, 450, 314, 392, 503, 591, 478, 559, 463, 552, 440, 439, 491, 494, 617, 570, 503, 502, 610, 607, 588, 513, 469, 663, 461, 543, 487, 511, 518, 479, 429, 430, 595, 667, 664, 437, 435, 453, 541, 472, 233, 474, 559, 553, 489, 403, 389, 447, 605, 559, 536, 481, 530, 397, 400, 409, 606, 497, 492, 521, 585, 517, 581, 451, 641, 498, 431, 523, 513, 603, 610, 457, 606, 517, 468, 545, 424, 472, 484, 554, 468, 496, 549, 453, 464, 525, 466, 490, 457, 657, 386, 633, 550, 406, 517, 485, 535, 504, 533, 483, 466, 589, 544, 472, 561, 357, 655, 418, 443, 612, 427, 482, 522, 372, 582, 405, 507, 603, 359, 476, 459, 464, 675, 656, 378, 415, 548, 400, 622, 469, 344, 458, 613, 572, 558, 454, 625, 510, 660, 498, 487, 612, 522, 668, 553, 429, 407, 345, 470, 590, 573, 449, 474, 552, 514, 328, 479, 475, 395, 507, 665, 667, 490, 634, 511, 523, 391, 676, 609, 501, 684, 486, 448, 469, 512, 435, 472, 571, 500, 565, 438, 276, 567, 457, 582, 405, 582, 674, 419, 464, 435, 433, 576, 439, 586, 530, 438, 666, 494, 504, 654, 636, 542, 385, 605, 648, 441, 562, 449, 665, 527, 664, 662, 505, 547, 467, 502, 540, 372, 660, 487, 529, 675, 679, 663, 498, 360, 681, 575, 638, 460, 481, 603, 669, 584, 660, 641, 405, 624, 534, 497, 680, 626, 682, 655, 391, 687, 450, 679, 685, 465, 663, 701, 701, 674, 629, 635, 687, 689, 699, 665, 700, 487, 607, 571, 708]

Cluster Number:
 [1, 2, 3, 4, 5, 6, 7, 8, 9, 10, 11, 12, 13, 14, 15, 16, 17, 18, 19, 20, 21, 22, 23, 24, 25, 26, 27, 28, 29, 30, 31, 32, 33, 34, 35, 36, 37, 38, 39, 40, 41, 42, 43, 44, 45, 46, 47, 48, 49, 50, 51, 52, 53, 54, 55, 56, 57, 58, 59, 60, 61, 62, 63, 64, 65, 66, 67, 68, 69, 70, 71, 72, 73, 74, 75, 76, 77, 78, 79, 80, 81, 82, 83, 84, 85, 86, 87, 88, 89, 90, 91, 92, 93, 94, 95, 96, 97, 98, 99, 100, 101, 102, 103, 104, 105, 106, 107, 108, 109, 110, 111, 112, 113, 114, 115, 116, 117, 118, 119, 120, 121, 122, 123, 124, 125, 126, 127, 128, 129, 130, 131, 132, 133, 134, 135, 136, 137, 138, 139, 140, 141, 142, 143, 144, 145, 146, 147, 148, 149, 150, 151, 152, 153, 154, 155, 156, 157, 158, 159, 160, 161, 162, 163, 164, 165, 166, 167, 168, 169, 170, 171, 172, 173, 174, 175, 176, 177, 178, 179, 180, 181, 182, 183, 184, 185, 186, 187, 188, 189, 190, 191, 192, 193, 194, 195, 196, 197, 198, 199, 200, 201, 202, 203, 204, 205, 206, 207, 208, 209, 210, 211, 212, 213, 214, 215, 216, 217, 218, 219, 220, 221, 222, 223, 224, 225, 226, 227, 228, 229, 230, 231, 232, 233, 234, 235, 236, 237, 238, 239, 240, 241, 242, 243, 244, 245, 246, 247, 248, 249, 250, 251, 252, 253, 254, 255, 256, 257, 258, 259, 260, 261, 262, 263, 264, 265, 266, 267, 268, 269, 270, 271, 272, 273, 274, 275, 276, 277, 278, 279, 280, 281, 282, 283, 284, 285, 286, 287, 288, 289, 290, 291, 292, 293, 294, 295, 296, 297, 298, 299, 300, 301, 302, 303, 304, 305, 306, 307, 308, 309, 310, 311, 312, 313, 314, 315, 316, 317, 318, 319, 320, 321, 322, 323, 324, 325, 326, 327, 328, 329, 330, 331, 332, 333, 334, 335, 336, 337, 338, 339]

Odds Ratio:

0.9724153264655744
1.0938433764940236
0.7830198198198198
1.1754075606237924
1.1797297297297298
0.8889100609756098
0.8496987951807231
1.0454996186117467
1.0019518542615489
0.990712074303406
0.8896240601503759
0.9481202261680387
1.119656127812735
0.9827169350124876
0.8535137308702133
0.8353448275862069
1.0020845100728908
0.8962986827033216
0.8291543310575391
0.9772946859903383
1.2005772005772006
1.0103242542153048
0.7592953342953342
1.0927862697774204
1.0797447801129745
0.9432672590567329
0.8289237311955415
0.8784965034965037
1.0280015343306481
0.9328281530952995
0.9610526315789475
0.896426408237432
0.985430463576159
0.8966715807893759
1.3141817030705916
1.136716705103355
0.9386130811662726
0.7486631016042778
0.9392398934882601
1.3610481229528848
1.5923392612859104
1.07449756097561
0.9481860377001043
0.8973976541898842
1.1403508771929827
1.0036236411345745
0.8497974908623928
1.0092127303182583
0.8765541740674956
0.8146655922643028
0.9303069825858032
1.48725567110117
0.91996891996892
0.8996800568787774
1.7202729044834302
1.1795033670033672
1.087854349951124
0.965281154820711
0.9995539696699376
0.8440563013889535
0.8920807453416153
1.4601381876162636
0.877005347593583
1.0202945402298849
1.01792867475242
1.0746753246753247
1.0624617268830372
0.865311187476136
1.06989087931789
0.9889705882352942
1.1882154006243493
0.9213197969543149
1.2223850663375502
1.0910791347682605
0.9498779704560049
1.3366154385554843
0.9262017603249834
1.018144862170262
0.9246077526534378
1.0825994089592417
0.7594418604651159
1.1604975050271842
1.6807453416149076
1.2484045755568938
1.2183090258261104
1.1226161821884832
0.8099415204678364
0.7716310948819589
1.0748927875243663
1.2028668326177394
1.047054207412773
0.9698630136986304
1.1469775693828415
0.9633278598795838
0.9853726768150227
0.8410533539200544
0.8583877995642702
0.934265571738457
1.267549852472326
1.2157350967679348
0.89750315748567
0.9428746928746926
0.8069500412681457
0.8405664687071722
0.6898731501057083
1.0508785332314743
0.8007329668499087
0.6729463307776563
0.7130197314451018
0.9876404494382022
0.9983643181999523
1.5751421418376652
1.5102279368790184
1.1365137008913833
1.156543119934432
0.7594418604651159
1.0590299536282746
1.0438358165352033
0.847904733192644
1.0131320678258007
0.625777913361806
1.0193139363749577
0.9380569441425776
0.8241499270564467
1.2899459459459457
1.1736205055179783
0.9175273884275611
0.9709452736318406
1.0221464418993693
0.8145366260764004
0.9521713615023473
1.0032634833390586
0.9043315094393672
0.947901234567901
0.8996597438902142
0.8048192771084336
0.9354053571883678
0.9884908603891328
0.9761029935344213
1.029727378190255
1.2013136463423273
0.9747327071888472
1.039323928303687
1.221912568306011
0.6768853071462881
0.8145366260764004
0.9807625987734842
1.0596026490066224
1.1531832082290798
1.02199520483686
1.0344595353013806
1.0880551756941554
1.0647292418772565
0.8069522036002481
1.2016784683975867
1.3578913532626165
1.0903952419116718
1.063556457065585
0.9933875338753385
1.1054692031086883
0.9079365079365078
0.9383318316385638
1.2474016090454438
0.8581983782151071
0.8957095213019385
1.0830603060306032
1.078791249536522
1.0849290780141845
0.8736726804123714
0.7952247765877615
1.1951447245564897
0.9838081574093057
1.5171277997364956
1.0615823356674952
1.092224979321753
0.6516666666666667
1.0037420206911731
0.983520324350774
1.0439609633807863
1.2476251060220518
1.2557607068423993
0.7976113696042753
0.9199128540305007
0.9861148436800141
0.9351358586534602
1.2553183725597519
0.7790367013240915
1.1981823114487242
0.7795684573462351
0.83982905982906
0.8760759693595509
1.090588096826082
1.0409379968203498
1.152314078784667
1.2812260536398468
0.742186948853615
1.1582156611039789
0.8647413933757545
0.7929850242089858
0.6458374432826989
1.0647120418848166
1.241157556270097
0.9535552053397608
0.9003732414585128
0.969511232703741
1.3098027584161354
1.087809917355372
1.5529171644763045
1.0523953744493393
0.9656250000000007
1.0858633776091082
0.6768025078369907
1.3484294320137695
0.9158244219845865
1.0905982905982907
0.851732407177706
0.947841159785692
1.337402049427366
1.0414944903581265
1.0432510432510431
0.8392695652173914
1.1245567375886523
1.1351864406779657
1.1432103382365162
0.9645853835396485
0.9162629577538157
0.9421595508552033
0.9788813972138886
0.7706954392964005
1.366172639279491
1.3231244778613196
1.2245244325012377
1.335944919278253
1.2468590831918502
0.8877756243829307
0.9950396825396823
0.9936355083291826
0.7552453615397956
0.8284176125191544
0.8272629704055537
1.0875331564986723
1.3095382133494655
0.7033491157220442
0.7425229741019211
1.1707347720918544
1.392463235294117
0.7582089552238804
0.9399126838235291
2.3437250762373916
0.9551220552179939
0.8223690495144087
0.9637446808510638
1.0588401430992278
0.9526889903602233
0.9117586596772536
0.9262855088097807
0.8532579625577436
1.3928296661024773
1.0355374571779457
0.8183365028525671
0.8454630641886608
0.7143208793090532
1.1187092264678473
1.08652162014231
1.142412549991551
1.083171834625323
1.1038807711539533
0.9946424319390424
0.9490261716372489
1.1545376712328772
1.0745602745602745
0.940923737916219
0.8225108225108226
0.9437178736417461
0.7373340321453532
1.038965435525915
0.8708435708435709
0.9867107438016522
1.266223488445711
0.5649442755825735
0.8942505468673478
0.9738600398546474
1.093533834586466
0.7894799697456244
0.5647590361445787
0.8517667148298963
1.027017701770177
1.338796780768665
1.0877656898955201
0.9514848407787291
0.992527615334633
1.0153970417487004
0.902087542087542
1.068057258505311
0.9886422221875053
1.3002666666666645
1.1463124504361606
0.9516977522716403
1.007362784471218
0.9722469135802468
0.9409202153695538
1.1245341614906832
0.8910658307210033
1.181289355322339
0.9315661815661818
0.8508812526514709
1.0505143761540492
1.141201264488935
1.8635046113307003
1.1595672522553078
0.8857193732193732
2.1197916666666665
0.8094018506278917
1.1545942320590203
1.337967914438504
0.7782495375819735
0.803432810074176
1.1430808377373256
1.2401676612674055
0.9479901466801025
0.9682131254061075
1.2478522336769768
0.7027169505271694
0.9123527905785974
1.167820069204152
0.6660128388017121
0.6378316690442215
1.0922848664688414
1.146293907670156
1.0666468578220176
0.9479901466801025
1.3238993710691846
0.7503887541207939
1.0605263157894735
0.8380000000000003
0.8461606712804526
0.8810380946569849
1.4251251819146056
0.5918079096045207
