Case Count:
 [361, 293, 309, 283, 284, 319, 355, 343, 316, 306, 363, 366, 358, 312, 298, 340, 334, 362, 376, 290, 362, 333, 337, 366, 303, 374, 274, 313, 395, 318, 323, 364, 339, 341, 307, 293, 306, 374, 294, 325, 373, 326, 368, 337, 358, 232, 278, 367, 303, 337, 380, 344, 357, 291, 305, 336, 310, 280, 281, 297, 387, 318, 270, 347, 298, 297, 356, 226, 318, 383, 358, 340, 282, 285, 341, 338, 371, 348, 333, 340, 295, 309, 301, 269, 350, 221, 296, 371, 248, 393, 349, 328, 308, 326, 295, 315, 395, 315, 246, 270, 344, 382, 348, 308, 262, 322, 320, 365, 365, 376, 360, 371, 294, 325, 387, 328, 384, 260, 387, 326, 396, 320, 337, 377, 388, 387, 284, 326, 314, 404, 270, 240, 308, 304, 363, 389, 291, 348, 388, 380, 401, 295, 296, 337, 327, 300, 308, 332, 413, 363, 304, 303, 251, 387, 308, 296, 397, 305, 288, 276, 303, 389, 274, 276, 338, 355, 321, 270, 335, 263, 319, 274, 266, 358, 316, 410, 338, 261, 290, 375, 323, 347, 416, 380, 398, 339, 334, 332, 370, 308, 321, 276, 306, 284, 374, 280, 300, 383, 287, 298, 335, 321, 377, 359, 249, 287, 326, 349, 340, 404, 373, 398, 393, 341, 416, 345, 312, 384, 401, 287, 313, 386, 324, 408, 388, 410, 282, 394, 306, 300, 259, 419, 410, 363, 303, 358, 288, 363, 269, 358, 385, 387, 337, 354, 275, 252, 330, 359, 402, 382, 399, 394, 282, 279, 416, 420, 393, 383, 396, 295, 295, 404, 345]

Control Count:
 [597, 464, 523, 512, 453, 532, 579, 563, 523, 442, 562, 617, 600, 582, 520, 587, 553, 594, 613, 451, 623, 569, 596, 615, 475, 641, 437, 541, 583, 515, 578, 630, 589, 570, 507, 484, 502, 626, 480, 540, 585, 603, 597, 499, 596, 413, 459, 587, 497, 508, 623, 555, 595, 477, 495, 514, 520, 444, 488, 552, 655, 463, 431, 537, 495, 527, 560, 436, 546, 643, 515, 603, 584, 476, 583, 539, 607, 574, 548, 567, 496, 485, 480, 438, 559, 389, 497, 592, 404, 662, 573, 490, 524, 540, 512, 514, 647, 492, 460, 435, 520, 635, 596, 537, 448, 543, 497, 625, 594, 641, 604, 628, 494, 573, 638, 532, 649, 462, 618, 560, 659, 552, 553, 645, 627, 576, 478, 474, 559, 659, 448, 429, 527, 529, 592, 597, 452, 583, 646, 595, 645, 475, 511, 559, 469, 506, 520, 535, 640, 628, 541, 482, 435, 567, 554, 495, 657, 489, 456, 465, 520, 647, 477, 435, 560, 489, 515, 495, 551, 424, 517, 430, 484, 592, 466, 640, 499, 457, 431, 595, 553, 576, 666, 587, 614, 639, 600, 550, 583, 503, 501, 466, 500, 472, 608, 463, 545, 614, 483, 520, 604, 519, 605, 569, 442, 503, 509, 562, 601, 683, 620, 620, 659, 547, 669, 632, 517, 657, 634, 525, 635, 596, 539, 682, 663, 679, 478, 636, 524, 503, 438, 671, 686, 619, 556, 594, 463, 590, 468, 597, 646, 673, 580, 613, 557, 531, 560, 613, 663, 635, 638, 650, 511, 471, 677, 696, 672, 637, 628, 452, 455, 667, 542]

Cluster Number:
 [1, 2, 3, 4, 5, 6, 7, 8, 9, 10, 11, 12, 13, 14, 15, 16, 17, 18, 19, 20, 21, 22, 23, 24, 25, 26, 27, 28, 29, 30, 31, 32, 33, 34, 35, 36, 37, 38, 39, 40, 41, 42, 43, 44, 45, 46, 47, 48, 49, 50, 51, 52, 53, 54, 55, 56, 57, 58, 59, 60, 61, 62, 63, 64, 65, 66, 67, 68, 69, 70, 71, 72, 73, 74, 75, 76, 77, 78, 79, 80, 81, 82, 83, 84, 85, 86, 87, 88, 89, 90, 91, 92, 93, 94, 95, 96, 97, 98, 99, 100, 101, 102, 103, 104, 105, 106, 107, 108, 109, 110, 111, 112, 113, 114, 115, 116, 117, 118, 119, 120, 121, 122, 123, 124, 125, 126, 127, 128, 129, 130, 131, 132, 133, 134, 135, 136, 137, 138, 139, 140, 141, 142, 143, 144, 145, 146, 147, 148, 149, 150, 151, 152, 153, 154, 155, 156, 157, 158, 159, 160, 161, 162, 163, 164, 165, 166, 167, 168, 169, 170, 171, 172, 173, 174, 175, 176, 177, 178, 179, 180, 181, 182, 183, 184, 185, 186, 187, 188, 189, 190, 191, 192, 193, 194, 195, 196, 197, 198, 199, 200, 201, 202, 203, 204, 205, 206, 207, 208, 209, 210, 211, 212, 213, 214, 215, 216, 217, 218, 219, 220, 221, 222, 223, 224, 225, 226, 227, 228, 229, 230, 231, 232, 233, 234, 235, 236, 237, 238, 239, 240, 241, 242, 243, 244, 245, 246, 247, 248, 249, 250, 251, 252, 253, 254, 255, 256, 257, 258, 259, 260, 261, 262, 263]

Odds Ratio:

1.0155692994888974
1.1418280585734533
0.931681129577879
0.765324519230769
1.1122979420351777
0.9793859649122811
1.0875688790196563
1.047124777975133
1.0070108349267046
1.4887218045112782
1.410797902228881
0.9019781976421487
0.942880658436214
0.6162837892686092
0.8453900709219857
0.8249445046719321
1.0066305003013867
1.0605623332896057
1.119656127812735
1.195404693522225
0.7923537137020283
0.8778558875219684
0.7317410185550732
0.9212161710658207
1.1866718266253868
0.7809432377295097
1.1058040357811527
0.8586538743655192
2.2327693747076243
1.0869614057610528
0.722616632860041
0.7549629629629624
0.8000169779286926
0.9645184389545293
1.0137917637917637
1.0117174232989925
1.0357966629721713
0.9375276480707789
1.0475862068965518
0.992527615334633
1.3814814814814818
0.5980422371916229
1.1373298416967472
1.5162285355023775
0.978871488938603
0.8548268238761978
1.0119487408489969
1.2243753549119822
1.0355219552609773
1.4308321753898414
1.0855075223766908
1.128724513987672
0.9731707317073169
1.0346336902940676
1.0713854967586307
1.3581655396471608
0.9612403100775191
1.1264094282962207
0.8746627931106041
0.6668707899571342
0.8294480328831473
1.504203630651697
1.100921209791458
1.341531050117399
0.9948277097213266
0.7977256327337842
1.2867469879518065
0.7105999913856228
0.8760330578512399
0.9041046434125753
1.827975548363897
0.7119285726250898
0.4428932902888055
0.979755538579068
0.8654216403542547
1.1734602031631733
1.08758116096521
1.0259983918520506
1.031882660790525
0.9751839381469011
0.9582213261648744
1.1909119746233148
1.1269323671497584
1.047676604888531
1.1889208257120456
0.8834579373127995
0.9620801733477788
1.2533783783783787
1.0413146026644546
0.8517667148298963
1.0489625751405856
1.4352638352638352
0.9153312744012585
1.0043920026220912
0.8642578124999998
1.0576440316304752
1.123893494449909
1.2185287175452395
0.7425996846136518
1.0761069169557236
1.4484210526315788
0.9815167840861998
0.8469651154214913
0.8362545666481865
0.9251412429378528
0.9376524846138107
1.2498520534974555
0.8128648648648649
1.1127036127036123
0.810043830324642
0.9355352502305301
0.8687710753091045
0.9604355716878401
0.7711796944367904
1.0498553170966964
1.088667614983405
0.8498669281411959
0.8362959200948028
1.324682598954444
0.8654867256637168
0.9642516850760487
0.8573864328340035
1.0455448001985608
0.7824706176544141
1.2255058323169774
1.9639423076923082
0.9582939667971387
1.545946753295247
0.7594418604651159
1.2085844352915667
0.9985207100591716
0.8405664687071722
0.8967365325839767
0.8471049499404887
1.09726173541963
1.707169179229481
1.2006099019373355
0.9511243473507621
0.9657014508589818
1.4396809571286147
1.357935536515708
1.091154970760234
0.8790113995593449
0.9988600091199268
1.6123400852878464
0.9469104558250633
0.9404580152671753
1.119329199056686
2.1841346153846137
0.7605598390881656
0.7783665365920447
1.1370820112277276
0.899278552213255
2.1132478632478633
0.7384462755256703
0.9743307197852651
1.0214901790244253
1.1124591765100877
1.1376786336702684
0.9576885018800716
0.8911764705882351
0.9740030911901087
0.8738199606124136
1.1405119526126508
1.0039603960396037
2.065561398383484
1.1251110745433603
0.7520172135556752
1.0347445204523247
1.0713979416809603
1.0849290780141845
1.1508386187455955
0.7751397315243873
1.0153486820153483
1.4444328134268467
1.9439655172413781
1.5357844401674636
0.8695080274383497
1.341191859107118
1.3097426470588238
0.8811654299432565
0.9953200483091789
1.6837707272489906
1.5470793751624174
1.8023357432271387
0.4721596244131456
0.6786031746031749
1.0041801189464743
1.3336813582916947
1.0517050369538492
1.232568760783518
0.9519997893572768
1.049142857142857
0.9937670858392564
1.1356275303643724
1.0079193664506843
0.7247046399577585
1.2698348068869243
0.9577612509534708
0.8453900709219857
0.6612964849719815
1.0954736945233665
1.2362303385763795
1.2539762741652019
0.8479876160990714
0.844603432039343
1.2412677990854883
1.1453934361407667
0.7257264827980304
0.7605103534825347
0.9844574780058656
1.6909520062942562
0.8945371775417298
1.1513823079506025
1.5951127575225867
0.5575006733099919
1.0026348253857045
0.7545039435450395
1.5645857546073378
0.7300877192982457
0.36381702287214085
1.6130176016208688
0.9879164313946923
0.8877116639863774
0.7458669742406768
1.0202630643441155
0.9394238200570318
1.2665269042627532
0.895712563852379
0.9654304389490396
0.9526889903602233
1.779657228017887
0.8655876143560869
0.8410636850607939
0.6892192128650022
0.9970486760610215
1.0916424699269094
1.1171721677074036
0.8790849673202614
0.9698285667018218
0.9049994266712538
0.6082123671276713
0.8430696416497637
0.78130697629786
0.5147895958313266
0.4999546814103146
0.9082568807339448
0.8418637846655789
1.065182829888712
0.9815167840861998
1.407131661442006
1.050666666666666
0.7627606666084987
0.9514729299363057
1.3625329137499207
1.0163339382940109
0.7119565217391298
0.9770408163265307
1.4664494149014953
1.2509218289085544
1.2291666666666665
1.0556436067680446
1.2595195100887178
