Case Count:
 [0, 0, 0, 0, 0, 0, 0, 0, 0, 0, 78, 0, 0, 0, 0, 0, 0, 0, 0, 61, 96, 46, 51, 141, 84, 0, 0, 0, 0, 0, 0, 47, 156, 0, 0, 75, 74, 28, 54, 122, 12, 0, 0, 0, 75, 80, 81, 0, 84, 81, 25, 110, 0, 85, 22, 128, 0, 8, 64, 1, 0, 130, 2, 86, 113, 124, 58, 67, 105, 118, 89, 62, 0, 13, 1, 39, 49, 69, 117, 78, 93, 84, 28, 8, 44, 83, 68, 2, 24, 141, 0, 45, 138, 152, 23, 31, 28, 84, 19, 79, 59, 161, 18, 78, 78, 0, 182, 170, 9, 28, 31, 69, 22, 2, 87, 57, 68, 174, 149, 11, 103, 157, 121, 80, 24, 0, 25, 79, 27, 175, 0, 12, 121, 11, 81, 147, 60, 47, 161, 74, 123, 74, 40, 54, 118, 135, 83, 281, 45, 128, 11, 16, 5, 43, 75, 26, 125, 132, 132, 136, 103, 70]

Control Count:
 [0, 0, 0, 0, 0, 0, 0, 0, 0, 0, 148, 0, 0, 0, 0, 0, 0, 0, 0, 121, 136, 34, 105, 213, 56, 0, 0, 0, 2, 0, 0, 64, 166, 0, 0, 130, 121, 40, 68, 220, 25, 3, 0, 0, 121, 128, 125, 0, 176, 141, 19, 59, 0, 111, 82, 249, 0, 14, 116, 8, 0, 186, 3, 153, 185, 206, 87, 108, 186, 195, 146, 111, 3, 23, 2, 75, 76, 117, 244, 132, 160, 137, 52, 10, 80, 167, 135, 9, 41, 192, 0, 52, 226, 204, 39, 43, 56, 132, 28, 124, 74, 242, 56, 113, 150, 0, 183, 261, 24, 63, 54, 131, 43, 2, 120, 114, 106, 320, 252, 30, 152, 254, 208, 114, 42, 3, 64, 98, 33, 186, 0, 37, 149, 7, 105, 225, 122, 38, 263, 119, 239, 185, 42, 53, 173, 232, 147, 480, 90, 189, 24, 24, 11, 77, 136, 29, 220, 207, 208, 220, 176, 147]

Cluster Number:
 [11, 20, 21, 22, 23, 24, 25, 32, 33, 36, 37, 38, 39, 40, 41, 45, 46, 47, 49, 50, 51, 52, 54, 55, 56, 58, 59, 60, 62, 63, 64, 65, 66, 67, 68, 69, 70, 71, 72, 74, 75, 76, 77, 78, 79, 80, 81, 82, 83, 84, 85, 86, 87, 88, 89, 90, 92, 93, 94, 95, 96, 97, 98, 99, 100, 101, 102, 103, 104, 105, 107, 108, 109, 110, 111, 112, 113, 114, 115, 116, 117, 118, 119, 120, 121, 122, 123, 124, 125, 127, 128, 129, 130, 132, 133, 134, 135, 136, 137, 138, 139, 140, 141, 142, 143, 144, 145, 146, 147, 148, 149, 150, 151, 152, 153, 154, 155, 156, 157, 158, 159, 160, 161, 162]

Odds Ratio:

nan
nan
nan
nan
nan
nan
nan
nan
nan
nan
0.8467470240323427
nan
nan
nan
nan
nan
nan
nan
nan
0.809545673182037
1.2183158977876865
2.389163298907349
0.779896907216495
1.1440117213347196
2.83943661971831
nan
nan
nan
0.0
nan
nan
1.2439413265306123
1.866235259057431
nan
nan
0.9478021978021975
1.0170496999886791
1.1717761557177617
1.361344537815126
0.8886722110696874
0.7902576112412177
0.0
nan
nan
1.0336254654436472
1.0445682451253482
1.0914636871508379
nan
0.7421254801536492
0.9419351004397956
2.2533689295703025
3.7911493483076604
nan
1.3346821397668853
0.4156284728314908
0.7917457611797671
nan
0.9466357308584685
0.9004137931034483
0.20547945205479448
nan
1.2259456449872985
1.1060259344012204
0.9155881427169545
1.0173934670867189
0.9975034674063801
1.121609798775153
1.0339506172839505
0.9160710836391734
1.0047767393561786
1.0136594911937375
0.9141396037947761
0.0
0.9353949785670546
0.8287671232876711
0.8489000000000001
1.0778677462887991
0.9738738738738737
0.7207514509724062
0.9755729035507429
0.9541907514450868
1.0207463760666187
0.885644768856448
1.3327146171693736
0.9022784810126581
0.7832032564085313
0.8051113107716882
0.3656242054411391
0.969027328827505
1.3208892617449663
nan
1.484771573604061
1.018375327080822
1.360388057662089
0.9767628205128206
1.2103853169174648
0.8175182481751826
1.0683738796414854
1.130952380952381
1.0689068100358419
1.372190611664296
1.1630596349366789
0.5130641330166271
1.175937048022945
0.8325761772853185
nan
2.109034466628394
1.1307667108205501
0.613953488372093
0.7191132738577994
0.9483478576615831
0.849865896430782
0.8404439239306228
1.6613272311212812
1.2522727272727272
0.8036649214659687
1.075522555052637
0.8371698113207549
0.9704980842911878
0.59797507788162
1.1616541353383456
1.038951248115262
0.9512578616352203
1.200215022235254
0.9445783132530119
0.0
0.6265096618357487
1.4107142857142856
1.3801853486319506
1.9316145324209841
nan
0.5248433445154755
1.4785994681524632
2.647196261682243
1.3424581005586598
1.1254337899543378
0.7863661923093561
2.177094522019334
1.0239489017151298
1.037550362610798
0.7963958476775596
0.5950684931506851
1.6374269005847955
1.7863268806665034
1.1792987953108962
0.9494101633393831
0.9214820759764581
0.9188818565400846
0.8096446700507614
1.1737525306657137
0.7538940809968847
1.1095350669818753
0.7509426057813157
0.9180440771349863
0.8968972204266321
1.5174083660349005
0.919224088013897
1.082188547420101
1.074918566775244
1.0364236423642366
0.961444805194805
0.7497741644083109
