Case Count:
 [338, 305, 283, 345, 346, 314, 299, 331, 336, 376, 345, 370, 291, 292, 333, 328, 326, 340, 396, 295, 355, 352, 361, 246, 334, 279, 306, 374, 334, 373, 323, 356, 378, 360, 388, 298, 377, 303, 357, 336, 340, 281, 302, 305, 304, 397, 341, 345, 322, 319, 319, 368, 356, 267, 314, 383, 354, 407, 377, 319, 394, 228, 346, 325, 356, 287, 341, 386, 368, 345, 379, 317, 335, 336, 309, 395, 308, 318, 343, 323, 343, 388, 323, 334, 329, 342, 356, 390, 320, 356, 388, 333, 378, 314, 355, 227, 255, 344, 398, 349, 337, 326, 381, 323, 307, 372, 388, 341, 339, 390, 390, 319, 407, 351, 388, 330, 333, 369, 382, 293, 395, 360, 391, 392, 386, 289, 380, 328, 308, 281, 370, 322, 391, 307, 374, 404, 337, 384, 323, 406, 322, 346, 393, 397, 282, 364, 375, 402, 410, 394, 380, 386, 288, 411]

Control Count:
 [562, 500, 512, 536, 569, 528, 503, 549, 549, 612, 525, 630, 449, 507, 569, 555, 510, 602, 585, 511, 562, 593, 610, 457, 589, 479, 502, 626, 559, 620, 528, 588, 599, 662, 632, 518, 614, 497, 588, 515, 579, 471, 476, 524, 520, 597, 573, 573, 542, 503, 531, 595, 561, 494, 545, 644, 582, 613, 633, 406, 626, 502, 492, 527, 574, 456, 556, 638, 594, 588, 629, 514, 542, 554, 567, 649, 521, 567, 585, 555, 596, 632, 535, 571, 572, 558, 623, 658, 552, 590, 627, 487, 595, 559, 582, 375, 407, 588, 669, 566, 531, 549, 595, 557, 528, 616, 636, 559, 594, 649, 641, 556, 616, 594, 666, 521, 547, 565, 581, 493, 661, 566, 579, 602, 644, 527, 606, 515, 502, 475, 597, 549, 620, 520, 607, 683, 561, 644, 496, 682, 496, 605, 609, 671, 492, 624, 606, 661, 677, 636, 649, 604, 463, 668]

Cluster Number:
 [1, 2, 3, 4, 5, 6, 7, 8, 9, 10, 11, 12, 13, 14, 15, 16, 17, 18, 19, 20, 21, 22, 23, 24, 25, 26, 27, 28, 29, 30, 31, 32, 33, 34, 35, 36, 37, 38, 39, 40, 41, 42, 43, 44, 45, 46, 47, 48, 49, 50, 51, 52, 53, 54, 55, 56, 57, 58, 59, 60, 61, 62, 63, 64, 65, 66, 67, 68, 69, 70, 71, 72, 73, 74, 75, 76, 77, 78, 79, 80, 81, 82, 83, 84, 85, 86, 87, 88, 89, 90, 91, 92, 93, 94, 95, 96, 97, 98, 99, 100, 101, 102, 103, 104, 105, 106, 107, 108, 109, 110, 111, 112, 113, 114, 115, 116, 117, 118, 119, 120, 121, 122, 123, 124, 125, 126, 127, 128, 129, 130, 131, 132, 133, 134, 135, 136, 137, 138, 139, 140, 141, 142, 143, 144, 145, 146, 147, 148, 149, 150, 151, 152, 153, 154]

Odds Ratio:

0.98847820725133
1.0379104477611938
0.765324519230769
1.3147030803429656
1.039628096830886
0.9515151515151514
0.9553393922181198
0.9992747756864334
1.063610801634039
1.131237680257288
1.4191489361702128
0.8341384863123993
1.2217690964907
0.8658642944357231
0.8778558875219684
0.9210940670400134
1.2331771646711787
0.7188160676532772
2.251162790697674
0.8699581430745816
1.248305371970852
0.9210908879455718
0.8952921395544342
0.7558417705014683
0.7506831595116824
0.9064587682672235
1.0357966629721713
0.9375276480707789
0.9616832779623475
0.9844574780058656
1.0547283176593525
1.0212277682157196
1.3345192807684947
0.4543194768442387
1.155621742367833
0.85681426106958
1.128979720500158
1.0355219552609773
1.0365853658536581
1.3491940804976905
0.8837947698051328
0.9704238221935553
1.1670244740231857
0.8861228210094564
0.9007407407407405
2.0741405439897904
0.9412508458880936
0.9928149715940738
0.9444602138329077
1.189115308151094
0.9862366603892032
1.1585749792874902
1.2768077658226484
0.7353121175030597
0.8434788990825686
0.8920807453416153
1.0447543966040018
2.3860623980424127
0.9125770779187689
2.108333333333334
1.426624068157614
0.4864711769037595
1.7845965556429753
1.0873364625986222
1.1507493388186893
1.126269621421976
1.0764204962560566
1.0273851067605135
1.169251197420212
0.8738601823708205
0.9941971383147853
1.081807743828538
1.1054144195288107
1.0245697662192004
0.6749287749287748
1.0927650931503003
0.9341401591185475
0.7462503826140191
0.8733796296296295
0.8679558869214046
0.7913171140939598
1.155621742367833
1.0044956493715758
0.8746226336418982
0.8157024793388432
1.0741602926504819
0.7228915662650602
0.8467216673903604
0.8573864328340035
1.0032264651827647
1.2255058323169774
1.5546278718375892
1.3851494696239157
0.7594418604651159
1.0601783668793974
1.0079371069182395
1.0930322615105221
0.8621553884711778
0.8561012067519782
1.109893992932862
1.2257486798862673
0.9406322033625097
1.468356997971603
0.8548412059679321
0.8809687786960514
1.0094979647218456
1.1005056110494513
1.0519696250593258
0.7647474747474748
0.9688374579415736
1.080263618708014
0.822362110311751
2.312499999999999
0.899793388429752
0.7082376494141204
1.2028737959816163
1.0395122624262703
1.52078381795196
1.695624603677869
0.9566117424768678
0.9099504882409571
1.3042894842778543
2.0962507196315494
1.7456704601682342
0.9499589827727649
0.7348387096774195
1.2966381383901102
1.2221464182629231
1.0584836227608647
0.9472751499000667
1.1766562279999035
0.897326919184843
1.418951612903226
0.9303030303030301
1.1469775693828415
0.7605103534825347
0.983520324350774
0.9106719367588937
1.3024193548387097
0.8298231582689056
1.287289771160739
0.7563849640095972
1.6694152923538226
0.8029593357462215
0.8615814820568587
0.808888888888889
1.1796101485148516
1.1012797971950767
1.0650435491264696
1.2665269042627532
0.7839962393251675
1.4951893040109956
1.0916424699269094
1.3184345594525233
