Case Count:
 [317, 91, 0, 100, 234, 0, 0, 41, 106, 58, 61, 0, 0, 16, 0, 352, 113, 64, 118, 20, 225, 280, 229, 66, 28, 0, 298, 0, 97, 241, 173, 49, 58, 1, 55, 265, 178, 21, 91, 268, 185, 0, 149, 22, 17, 203, 358, 26, 354, 146, 137, 49, 78, 126, 228, 173, 115, 24, 38, 253, 137, 113, 52, 157, 253, 119, 73, 113, 224, 15, 335, 93, 53, 263, 97, 251, 206, 169, 53, 89, 306, 301, 45, 27, 73, 169, 211, 84, 290, 166, 57, 229, 217, 72, 170, 257, 142, 292, 195, 215, 263, 293, 114, 152, 4, 264, 292, 266, 163, 212, 272, 114, 246, 133, 115, 165, 34, 309, 203, 151, 162, 191, 38, 307, 115, 314, 259, 257, 254, 53, 322, 346, 226, 224, 100, 63, 297, 168, 193, 307, 86, 44, 185, 175, 245, 279, 236, 197, 210, 148, 152, 94, 253, 261, 351, 174, 219, 298, 169, 243, 234, 389, 206, 188, 260, 260, 150, 201, 55, 313, 146, 269, 363, 391, 332, 264, 194, 199, 320, 326, 178, 295, 225, 251, 94, 307, 204, 266, 263, 180, 183, 249, 204, 247, 66, 137, 314, 332, 311, 241, 161, 175, 399, 308, 292, 286, 287, 174, 269, 196, 318, 172, 265, 155, 211, 305, 253, 206, 236, 223, 276, 312, 311, 259, 323, 208, 309, 69, 224, 295, 408, 300, 328, 122, 279, 268, 276, 339, 202, 237, 123, 338, 301, 222, 283, 262, 285, 248, 300, 214, 168, 235, 129, 228, 341, 151, 269, 194, 259, 116, 159, 216, 198, 333, 231, 143, 114, 294, 279, 146, 410, 180, 220, 210, 252, 256, 215, 164, 258, 296, 252, 250, 287, 242, 211, 205, 158, 245, 215, 287, 269, 403, 193, 213, 199, 241, 216, 160, 396, 258, 290, 178, 250, 155, 251, 217, 352, 271, 346, 350, 404, 262, 256, 285, 269, 201, 277, 150, 416, 385, 414, 206, 324, 260, 414, 267, 400, 265, 419, 266, 271, 348, 348, 251, 282, 224, 411]

Control Count:
 [480, 100, 0, 172, 473, 0, 0, 63, 188, 115, 80, 2, 0, 37, 0, 596, 219, 117, 227, 49, 363, 443, 372, 119, 31, 0, 458, 0, 145, 394, 301, 100, 94, 2, 88, 496, 303, 48, 170, 418, 348, 0, 221, 24, 29, 412, 582, 42, 582, 261, 203, 105, 150, 206, 345, 337, 189, 59, 65, 422, 236, 212, 66, 259, 421, 258, 107, 240, 324, 21, 520, 144, 75, 461, 169, 424, 408, 290, 91, 145, 382, 521, 85, 45, 135, 257, 378, 147, 450, 273, 88, 449, 365, 117, 315, 416, 277, 466, 287, 449, 446, 359, 214, 222, 12, 424, 528, 440, 286, 369, 530, 234, 392, 200, 171, 275, 60, 505, 323, 264, 260, 301, 67, 466, 175, 548, 440, 430, 431, 96, 522, 561, 447, 455, 120, 107, 526, 261, 305, 515, 149, 67, 297, 256, 459, 416, 340, 289, 345, 291, 223, 152, 420, 435, 558, 315, 390, 490, 265, 413, 402, 663, 384, 301, 360, 455, 260, 312, 110, 537, 220, 397, 610, 646, 541, 429, 286, 345, 512, 534, 237, 534, 328, 376, 195, 522, 352, 412, 456, 300, 362, 362, 339, 419, 135, 121, 541, 566, 532, 401, 308, 282, 657, 502, 482, 465, 466, 344, 455, 329, 546, 304, 457, 261, 392, 520, 421, 330, 406, 423, 459, 443, 465, 428, 452, 389, 514, 116, 355, 434, 672, 508, 529, 161, 470, 444, 446, 578, 373, 419, 207, 566, 499, 367, 478, 402, 441, 389, 510, 336, 294, 423, 248, 407, 557, 172, 456, 399, 409, 179, 233, 396, 345, 542, 336, 255, 183, 494, 452, 225, 675, 285, 402, 399, 302, 432, 377, 224, 424, 465, 387, 434, 420, 426, 372, 206, 360, 415, 332, 433, 431, 693, 359, 366, 342, 440, 428, 251, 675, 423, 474, 305, 416, 246, 402, 336, 492, 547, 567, 589, 678, 348, 390, 462, 434, 346, 461, 236, 696, 657, 693, 352, 534, 440, 673, 444, 666, 457, 687, 419, 414, 573, 583, 419, 424, 377, 688]

Cluster Number:
 [1, 2, 4, 5, 8, 9, 10, 11, 14, 16, 17, 18, 19, 20, 21, 22, 23, 24, 25, 27, 29, 30, 31, 32, 33, 34, 35, 36, 37, 38, 39, 40, 41, 43, 44, 45, 46, 47, 48, 49, 50, 51, 52, 53, 54, 55, 56, 57, 58, 59, 60, 61, 62, 63, 64, 65, 66, 67, 68, 69, 70, 71, 72, 73, 74, 75, 76, 77, 78, 79, 80, 81, 82, 83, 84, 85, 86, 87, 88, 89, 90, 91, 92, 93, 94, 95, 96, 97, 98, 99, 100, 101, 102, 103, 104, 105, 106, 107, 108, 109, 110, 111, 112, 113, 114, 115, 116, 117, 118, 119, 120, 121, 122, 123, 124, 125, 126, 127, 128, 129, 130, 131, 132, 133, 134, 135, 136, 137, 138, 139, 140, 141, 142, 143, 144, 145, 146, 147, 148, 149, 150, 151, 152, 153, 154, 155, 156, 157, 158, 159, 160, 161, 162, 163, 164, 165, 166, 167, 168, 169, 170, 171, 172, 173, 174, 175, 176, 177, 178, 179, 180, 181, 182, 183, 184, 185, 186, 187, 188, 189, 190, 191, 192, 193, 194, 195, 196, 197, 198, 199, 200, 201, 202, 203, 204, 205, 206, 207, 208, 209, 210, 211, 212, 213, 214, 215, 216, 217, 218, 219, 220, 221, 222, 223, 224, 225, 226, 227, 228, 229, 230, 231, 232, 233, 234, 235, 236, 237, 238, 239, 240, 241, 242, 243, 244, 245, 246, 247, 248, 249, 250, 251, 252, 253, 254, 255, 256, 257, 258, 259, 260, 261, 262, 263, 264, 265, 266, 267, 268, 269, 270, 271, 272, 273, 274, 275, 276, 277, 278, 279, 280, 281, 282, 283, 284, 285, 286, 287, 288, 289, 290, 291, 292, 293, 294, 295, 296, 297, 298, 299, 300, 301, 302, 303, 304, 305, 306, 307, 308, 309, 310, 311, 312, 313, 314, 315, 316, 317, 318, 319, 320, 321, 322, 323, 324, 325, 326, 327, 328, 329, 330, 331, 332, 333, 334, 335, 336, 337]

Odds Ratio:

1.3424863387978139
1.6421839080459768
nan
0.9535569733141248
0.6153766823080493
nan
nan
1.0873813512004467
0.914318573893042
0.8114572634942371
1.307142857142857
0.0
nan
0.70640853619577
nan
0.8960888683175191
0.805627923915175
0.8912592592592592
0.8113137634320062
0.661438799863621
1.0571947169228395
1.1329272967332513
1.0435739887352793
0.9055354045103295
1.5317479004787697
nan
1.245935148192883
nan
1.140371042548901
1.0318156181100346
0.922626333275048
0.789025641025641
1.0267493159099792
0.8287671232876711
1.0416666666666667
0.7123655913978494
0.9565899118647495
0.7117224880382774
0.8583164300202839
1.1623156775511345
0.7953208435152501
nan
1.1787018255578092
1.5475619504396478
0.9709919921555811
0.6597416488398881
1.1087353103389752
1.0282485875706215
1.0447543966040018
0.8915826500856511
1.1732130623430008
0.7454700854700856
0.8325761772853185
1.0200688606966717
1.1995878837832272
0.7545904821400681
1.0122313671696388
0.6557484173984071
0.9665835411471323
0.9863170768995564
0.9457290380514088
0.8436740363467994
1.3477409756479526
1.0081464443166568
0.9918907874236965
0.6774467054263567
1.1575762218477093
0.7048057259713704
1.2991099626758544
1.1910377358490565
1.2884615384615385
1.0900770712909442
1.1954749568221072
0.8654727864326562
0.9381466486729644
0.9572460859092732
0.6934275856265252
0.9453639846743296
0.9611398963730571
1.0224039408866996
2.083927095224973
0.866602687140115
0.8639892505225439
0.9946601941747573
0.8761181946974297
1.1471249459576305
0.8568875893437298
0.9352112676056338
1.2023862788963458
1.0134310134310136
1.0851975249881007
0.6776010181355393
0.9721214365049984
1.0245231607629428
0.828583230070219
1.0590659340659339
0.7784463163524536
1.1168141076172962
1.2280087964814077
0.5964146516067451
0.944837953526294
2.062750410195749
0.8425017972681523
1.2071444266566216
0.5486590038314176
1.081617250673854
0.7524221809936097
1.006410930110352
0.9127140974967062
0.9086112006494513
0.6084736188001358
0.7405128205128205
1.0925240562546263
1.1474509803921566
1.1561439607248576
0.991970802919708
0.934650205761317
1.0496115765422696
1.0785406937083486
0.9215067340067339
1.052707581227437
1.0925543885971494
0.9349015520899243
1.3076147743529718
1.1216049382716051
0.8251094890510947
0.9418181818181819
0.9786097623306924
0.9461089860161784
0.9039291882556131
1.0860922814945806
1.1075077147183405
0.6670027622858703
0.6251162790697675
1.4945919370698135
0.972434877709286
0.8032185508488192
1.1092166094074734
1.0880847660935624
0.9619152691968222
0.9467079871475561
1.0989608917438125
1.056960682944935
1.222182765151515
0.7401230824517666
1.3078125000000003
1.3266879165459287
1.2365666733392435
1.0180368331118284
0.7637604657479244
1.1993562600584364
1.0324942791762013
0.9974910394265234
0.9876404494382022
1.2151759530791784
0.8608805031446541
0.862727272727273
1.026545086119554
1.0935988819007685
0.9456070563818748
0.925664361121223
0.7627450980392159
0.7920243204577967
1.0625405355322894
1.4847920546244566
0.871508379888268
0.9342560553633216
1.1260504201680672
0.8046875000000001
0.8835535455647183
1.1506050263729444
1.319291746925471
0.923943054357204
1.033991228070176
1.0725033254444003
1.0514285714285712
1.2237476808905383
0.9204951690821257
1.134453781512605
1.0480925391932656
1.4129039558982817
0.7442519766957971
1.2821974014132669
1.249886826618379
0.7447342995169083
0.9178277023104607
0.927272727272727
1.1793029911891797
0.8913476874003189
0.9915057915057917
0.7227425759668509
1.3250072695551032
0.9961212577668987
0.9487246420047734
0.7772415847482871
2.2757101417546934
0.8682883548983361
0.8880816353488987
0.8951480263157895
0.9925564875689562
0.78973185088293
1.0483827638082956
1.07796803652968
1.0584836227608647
1.0138030315860784
1.0572492796401718
1.0615823356674952
0.7329530495831507
0.9494117647058825
0.9781980562122407
0.8760330578512399
0.898482160457323
0.9031288513292587
0.9765393125033726
0.7932330827067671
0.9104477611940297
0.9918907874236965
1.066302510079334
0.9220315950399185
0.7444072322913932
0.9923413128032401
1.5804909262188729
1.3742103494623659
1.0085669781931461
1.7002593835825455
0.7846960237705739
0.9896138880574674
0.9838769804287048
1.0946871929249917
1.387768817204301
1.0967741935483857
0.9346853226080554
1.1115993119773842
1.3553696337950898
0.9572074468085106
1.0024761603708967
1.0706209249222811
0.8797577854671284
0.8111899186660786
0.8652496514567928
0.9796826270409099
0.9578420739600462
1.0009729604135806
1.0063160009543066
0.9487984121875336
1.2003822694437414
1.2043908472479905
1.1315360906607088
0.9225560727888279
1.1096296296296295
0.9151291512915131
0.8306100217864923
0.805411030176899
0.8522421602990324
1.0682409409005975
1.6948481912144704
0.9438596491228073
0.6529180093089866
1.122262972018473
1.101475344621824
1.206391784181484
0.8120668569099064
0.9120692765650371
1.078082573278563
1.2956730769230769
0.8961181770005301
1.044640605296343
0.9604355716878401
1.0647676991150443
1.1139628365566931
1.1100893997445709
1.0802682381629751
0.8146482200867807
0.7561480119512755
1.9009101533449015
0.9585104229912972
0.8936268472906402
1.341818181818182
1.02199520483686
1.1707346417023838
1.1874145006839945
0.8960573476702509
1.3846491228070181
0.8708562712995399
0.8856347858894551
2.219940253920836
0.5747726374060893
0.9524903738666005
1.1448472461273669
1.286389327823022
1.0903917019243894
0.5653759820426492
0.8064066852367687
0.9321775714492967
0.9358430799220273
0.7966942148760331
0.6789321486945222
1.0898342115409332
0.7231007751937979
1.0277810430625756
1.042958683770849
0.9458451102317692
0.9920634920634921
1.069363334478415
1.082698211072298
1.1403903903903903
1.940753200635454
0.5337664316183514
1.0564184255940527
0.9280631807863259
0.8512431521281072
1.6163387232937196
1.2123861566484517
1.065525383707202
1.0719165085388997
0.9324088016709574
0.9903189523579982
1.0820479737258812
0.8315842078960519
0.7704774790010711
0.8363636363636364
0.9444010924697619
1.0235466536394728
0.9507364144235653
1.3533432392273381
0.9929289754871146
0.954800954800955
0.9031288513292587
1.2502911208151402
1.1339136672782706
1.2234587071543594
1.0344629192796733
0.9511243473507621
0.9846011273041183
1.2878259824540317
0.970008019246191
0.8534053156146177
