Case Count:
 [0, 0, 0, 0, 0, 0, 0, 66, 140, 55, 0, 0, 223, 0, 0, 30, 9, 41, 31, 0, 151, 108, 186, 217, 0, 0, 156, 0, 0, 116, 303, 107, 209, 231, 0, 55, 66, 41, 211, 217, 6, 139, 34, 252, 233, 182, 114, 245, 200, 190, 186, 212, 59, 0, 0, 192, 149, 20, 195, 151, 218, 267, 204, 124, 217, 375, 214, 28, 216, 142, 12, 104, 76, 178, 174, 259, 182, 124, 237, 182, 155, 198, 141, 237, 228, 106, 247, 281, 4, 113, 14, 240, 228, 242, 228, 31, 199, 249, 205, 193, 78, 55, 189, 171, 211, 241, 198, 108, 54, 217, 178, 182, 211, 211, 7, 312, 240, 210, 152, 98, 191, 306, 8, 225, 177, 204, 182, 272, 218, 175, 187, 160, 153, 161, 2, 102, 210, 157, 156, 45, 64, 176, 241, 124, 171, 203, 145, 168, 203, 172, 179, 138, 177, 181, 165, 209, 190, 160, 212, 228, 187, 119, 156, 251, 110, 263, 132, 225, 188, 91, 189, 238, 203, 218, 202, 200, 237, 243, 185, 194, 157, 229, 212, 229, 167, 183, 156, 151, 161, 160, 231, 224, 196, 198, 236, 123, 149, 103, 78, 110, 221, 226, 205, 165, 189, 219, 160, 230, 158, 236, 226, 196, 203, 186, 125, 185, 270, 180, 240, 208, 274, 263, 208, 191, 272, 230, 216, 210]

Control Count:
 [0, 0, 0, 0, 0, 0, 0, 124, 244, 132, 0, 0, 391, 0, 0, 40, 14, 83, 66, 0, 306, 156, 336, 370, 0, 1, 255, 0, 0, 210, 312, 167, 357, 353, 0, 78, 106, 60, 233, 390, 9, 186, 60, 427, 382, 340, 201, 393, 320, 332, 325, 344, 108, 1, 1, 324, 203, 32, 334, 227, 275, 383, 378, 216, 365, 613, 416, 35, 291, 222, 46, 200, 217, 362, 284, 347, 364, 207, 305, 363, 257, 353, 226, 395, 353, 170, 307, 438, 8, 168, 23, 337, 406, 347, 327, 73, 345, 447, 320, 328, 145, 119, 334, 307, 336, 390, 371, 231, 72, 356, 305, 271, 314, 344, 23, 485, 423, 345, 266, 192, 367, 491, 13, 371, 310, 371, 251, 434, 353, 376, 316, 285, 268, 272, 12, 182, 363, 228, 241, 127, 82, 258, 430, 279, 266, 321, 248, 286, 363, 252, 320, 245, 324, 289, 329, 348, 381, 236, 368, 364, 292, 228, 235, 364, 197, 459, 267, 363, 301, 133, 415, 420, 310, 364, 338, 385, 402, 374, 326, 350, 320, 354, 351, 358, 241, 327, 255, 272, 323, 242, 411, 363, 287, 430, 362, 198, 225, 135, 149, 159, 377, 424, 345, 263, 373, 384, 278, 408, 244, 361, 405, 315, 395, 261, 215, 298, 446, 270, 399, 317, 428, 399, 328, 307, 414, 360, 372, 344]

Cluster Number:
 [8, 9, 10, 13, 16, 17, 18, 19, 21, 22, 23, 24, 27, 30, 31, 32, 33, 34, 36, 37, 38, 39, 40, 41, 42, 43, 44, 45, 46, 47, 48, 49, 50, 51, 52, 53, 56, 57, 58, 59, 60, 61, 62, 63, 64, 65, 66, 67, 68, 69, 70, 71, 72, 73, 74, 75, 76, 77, 78, 79, 80, 81, 82, 83, 84, 85, 86, 87, 88, 89, 90, 91, 92, 93, 94, 95, 96, 97, 98, 99, 100, 101, 102, 103, 104, 105, 106, 107, 108, 109, 110, 111, 112, 113, 114, 115, 116, 117, 118, 119, 120, 121, 122, 123, 124, 125, 126, 127, 128, 129, 130, 131, 132, 133, 134, 135, 136, 137, 138, 139, 140, 141, 142, 143, 144, 145, 146, 147, 148, 149, 150, 151, 152, 153, 154, 155, 156, 157, 158, 159, 160, 161, 162, 163, 164, 165, 166, 167, 168, 169, 170, 171, 172, 173, 174, 175, 176, 177, 178, 179, 180, 181, 182, 183, 184, 185, 186, 187, 188, 189, 190, 191, 192, 193, 194, 195, 196, 197, 198, 199, 200, 201, 202, 203, 204, 205, 206, 207, 208, 209, 210, 211, 212, 213, 214, 215, 216, 217, 218, 219, 220, 221, 222, 223, 224, 225, 226, 227, 228]

Odds Ratio:

nan
nan
nan
nan
nan
nan
nan
0.86188705353282
0.9287789900762105
0.646701388888889
nan
nan
0.8898242872028039
nan
nan
1.2616136919315406
1.0674418604651161
0.8005388387721741
0.762106357694593
nan
0.7230619099491647
1.1963746223564955
0.857707509881423
0.9457755052349648
nan
0.0
1.0224901267927666
nan
nan
0.8858617131062954
2.970588235294117
1.0826599812423348
0.9443307757885766
1.1797913488777514
nan
1.1935763888888893
1.0382922757853201
1.1469011725293132
1.9660605376101201
0.8471471471471475
1.107005388760585
1.3501433691756275
0.934650205761317
0.9499430174454281
1.0244751690133684
0.8081483176928359
0.9196785304247991
1.0765063875554157
1.0669456066945606
0.91014661053854
0.9116205533596838
1.04251613564184
0.8913255360623782
0.0
0.0
0.9692607587344432
1.3287752675386444
1.0381861575178997
0.9427456562285268
1.1571677679882526
1.6249115590292063
1.39830894407675
0.8037825059101652
0.9330981775426218
0.9721214365049984
1.0992302202283855
0.7133333333333334
1.3489051094890512
1.4545790763256436
1.0897564230897563
0.4166581814479177
0.8195820895522388
0.4930240824668977
0.6895281640947483
1.0265213925059793
1.5798751200768486
0.708171206225681
0.9907829154205965
1.6271871449440025
0.712072975956952
1.0002329149997258
0.8727798478953367
1.0509888935083447
0.9891089108910893
1.1479129465784141
1.04483306836248
1.7641659880564602
1.1775330905727996
0.8275862068965516
1.1554192229038855
1.0097186700767264
1.3992812728330077
0.8570027782317373
1.3487909419388813
1.3251010913517982
0.6817418748321246
0.9204951690821257
0.8238431649593781
1.1169871794871795
0.9567717628395797
0.8687362689846213
0.7329963235294119
0.8918083832335332
0.8749939228936747
1.0796783625730995
1.054882154882155
0.7905738667501763
0.7020049436967866
1.277922077922078
1.0214090494989372
0.9458451102317692
1.1942222924174766
1.2201642641635937
1.0330477356181154
0.49667874396135275
1.2308791297994968
0.8695962079903061
1.0180368331118284
0.9198606271777002
0.8022971652003911
0.7575700975652633
1.1105462229912864
1.0208816705336425
1.0117263269264682
0.9109332676680617
0.8353271778402249
1.3458074317515927
1.1033417036893958
1.0479022726981397
0.6205673758865246
0.9675005023106289
0.8914041375841039
0.9182235674772986
0.9709056284384256
0.27307398932112886
0.9080118694362017
0.922083077700386
1.2209157645887767
1.1139099453103236
0.5404892281865782
1.3445203252032518
1.2190880419724701
0.843528306319004
0.6335097001763668
1.1082089552238805
1.090619884893606
0.9545753785385122
0.9580677624958069
0.8649087173740485
1.2168123179359138
0.8777884615384614
0.903844328429046
0.8423805484874186
1.065676886349615
0.7303152663457059
0.9922538730634682
0.6949583109340247
1.1955531255695282
0.9136180808274277
1.080568720379147
1.1080126114372688
0.8155153508771931
1.1564243289978196
1.3351063829787233
0.9012080909694045
0.8757551000198058
0.7423782161548879
1.0571947169228395
1.0625405355322894
1.1698427102238353
0.570187951807229
0.8683250414593701
1.1598414434117001
0.9864253393665158
0.9834469328140212
0.7455306200076074
0.951455593320526
1.1734966713958312
0.89814501714893
0.8551836734693875
0.7098404255319148
1.1520850147968793
1.0031000163158752
1.1270284650172921
1.2406791554796193
0.8766126720183488
1.0224901267927666
0.8789828431372548
0.7261621043722297
1.1516928818981609
0.8565763615946098
1.047600743160997
1.2393857271906055
0.5693718035317957
1.1754075606237924
1.0419064058304568
1.1486130268199233
1.3465388007054673
0.8396140474818272
1.196497868517138
0.9438468838975008
0.7607405438922845
0.9725628638672117
1.0647081679664734
0.7195174262734585
0.8917613636363636
0.9282896263634256
0.8631203677643307
1.1153374948952806
1.1818839294242867
0.8462064568480845
1.0575217192501143
0.7251555460201673
1.3154331924946618
0.9498592801066508
1.0509697193891034
1.0101626555576193
1.1788931788931787
0.9944459137794233
1.167438239993445
1.1639762107051828
1.232157097288676
1.0980889029669518
1.0561495219081642
1.2353264485521716
1.1249335459861776
0.9269492260957617
1.023662029044379
