Case Count:
 [155, 112, 257, 75, 50, 30, 111, 3, 192, 181, 85, 89, 71, 65, 0, 72, 46, 3, 51, 101, 306, 27, 336, 79, 64, 267, 58, 85, 209, 317, 328, 140, 89, 2, 6, 120, 1, 47, 195, 8, 155, 130, 53, 121, 155, 125, 249, 0, 233, 6, 110, 378, 347, 220, 223, 223, 38, 282, 377, 285, 18, 47, 196, 125, 6, 266, 123, 238, 310, 126, 122, 14, 176, 13, 83, 279, 230, 305, 262, 276, 273, 330, 295, 327, 83, 153, 252, 240, 375, 164, 38, 22, 156, 221, 325, 204, 26, 217, 259, 262, 116, 10, 322, 32, 239, 304, 130, 331, 250, 219, 183, 288, 150, 274, 0, 149, 26, 263, 134, 327, 219, 292, 87, 41, 254, 289, 185, 24, 152, 36, 203, 252, 156, 273, 186, 194, 112, 302, 140, 67, 208, 332, 118, 350, 8, 102, 385, 179, 333, 61, 226, 237, 343, 337, 160, 234, 207, 235, 199, 355, 20, 302, 167, 362, 166, 263, 21, 240, 219, 189, 332, 243, 324, 386, 207, 271, 312, 279, 206, 333, 182, 202, 194, 242, 77, 354, 239, 254, 289, 284, 223, 110, 334, 322, 322, 342, 377, 279, 331, 330, 106, 208, 306, 269, 173, 254, 150, 216, 373, 317, 283, 293, 225, 254, 301, 274, 204, 336, 285, 308, 141, 18, 207, 170, 247, 218, 292, 230, 394, 310, 182, 256, 399, 334, 229, 276, 193, 396, 352, 270, 303, 246, 284, 275, 306, 323, 382, 317, 345, 389, 349, 256, 272, 321, 347, 341, 161, 404, 364, 336, 369, 363, 378, 222, 378, 366, 387, 310, 245, 413, 226, 326, 396, 302, 384, 387, 402, 398, 395, 306, 286, 332, 411, 402, 384, 238, 403, 415, 318, 409, 408, 414, 240, 390, 392]

Control Count:
 [283, 195, 398, 106, 107, 60, 182, 6, 307, 312, 173, 167, 115, 128, 0, 89, 75, 15, 128, 226, 505, 25, 567, 189, 81, 414, 96, 120, 345, 490, 550, 208, 155, 1, 7, 188, 2, 76, 281, 13, 268, 266, 117, 227, 239, 235, 336, 6, 404, 7, 169, 648, 570, 340, 379, 355, 56, 492, 648, 430, 25, 87, 335, 237, 21, 439, 213, 413, 513, 197, 195, 25, 254, 22, 118, 428, 348, 496, 400, 482, 424, 515, 462, 489, 154, 301, 464, 434, 610, 275, 65, 30, 264, 373, 612, 365, 24, 283, 436, 402, 167, 12, 545, 86, 358, 454, 228, 520, 500, 389, 279, 473, 215, 400, 0, 240, 46, 413, 220, 404, 366, 503, 152, 80, 437, 451, 334, 22, 270, 81, 331, 460, 279, 442, 334, 330, 192, 489, 237, 78, 383, 577, 188, 585, 19, 206, 635, 286, 510, 106, 456, 415, 499, 528, 257, 373, 374, 376, 336, 569, 45, 531, 232, 580, 296, 489, 29, 404, 377, 298, 538, 365, 540, 647, 308, 457, 453, 457, 349, 555, 296, 355, 345, 459, 121, 601, 426, 408, 504, 493, 412, 203, 549, 543, 460, 554, 609, 459, 574, 543, 150, 354, 536, 504, 299, 412, 275, 303, 635, 537, 469, 499, 389, 409, 453, 432, 317, 531, 445, 478, 265, 25, 341, 281, 401, 357, 454, 294, 639, 534, 323, 398, 659, 600, 367, 434, 310, 662, 593, 499, 550, 454, 427, 434, 502, 493, 633, 517, 536, 635, 567, 406, 418, 548, 570, 589, 265, 678, 587, 570, 590, 556, 652, 317, 577, 613, 614, 533, 403, 677, 404, 556, 631, 459, 646, 619, 664, 646, 641, 494, 440, 596, 675, 629, 626, 416, 662, 693, 519, 688, 662, 669, 411, 650, 601]

Cluster Number:
 [1, 2, 3, 4, 5, 6, 7, 8, 9, 10, 11, 12, 13, 14, 16, 17, 18, 19, 20, 21, 22, 23, 24, 25, 26, 27, 28, 29, 30, 31, 32, 33, 34, 35, 36, 37, 38, 39, 40, 41, 42, 43, 44, 45, 46, 47, 49, 50, 51, 52, 53, 54, 55, 56, 57, 58, 59, 60, 61, 62, 63, 64, 65, 66, 67, 68, 69, 70, 71, 72, 73, 74, 75, 76, 77, 78, 79, 80, 81, 82, 83, 84, 85, 86, 87, 88, 89, 90, 91, 92, 93, 94, 95, 96, 97, 98, 99, 100, 101, 102, 103, 104, 105, 106, 107, 108, 109, 110, 111, 112, 113, 114, 116, 117, 118, 119, 120, 121, 122, 123, 124, 125, 126, 127, 128, 129, 130, 131, 132, 133, 134, 135, 136, 137, 138, 139, 140, 141, 142, 143, 144, 145, 146, 147, 148, 149, 150, 151, 152, 153, 154, 155, 156, 157, 158, 159, 160, 161, 162, 163, 164, 165, 166, 167, 168, 169, 170, 171, 172, 173, 174, 175, 176, 177, 178, 179, 180, 181, 182, 183, 184, 185, 186, 187, 188, 189, 190, 191, 192, 193, 194, 195, 196, 197, 198, 199, 200, 201, 202, 203, 204, 205, 206, 207, 208, 209, 210, 211, 212, 213, 214, 215, 216, 217, 218, 219, 220, 221, 222, 223, 224, 225, 226, 227, 228, 229, 230, 231, 232, 233, 234, 235, 236, 237, 238, 239, 240, 241, 242, 243, 244, 245, 246, 247, 248, 249, 250, 251, 252, 253, 254, 255, 256, 257, 258, 259, 260, 261, 262, 263, 264, 265, 266, 267, 268, 269, 270, 271, 272, 273, 274, 275, 276, 277, 278, 279, 280, 281, 282, 283, 284, 285, 286, 287, 288, 289, 290, 291, 292, 293, 294, 295]

Odds Ratio:

0.8581968844871349
0.9361875637104996
1.1708266607764097
1.209050383578685
0.7459817889147825
0.8166259168704156
1.0152439024390245
0.8279816513761469
1.0659773965105697
0.9354005167958654
0.7703046928578428
0.8542172797262619
1.0284262759924387
0.8146724598930479
nan
1.4085662676422865
1.0191009329940628
0.32706422018348624
0.6161404639175256
0.6637429962821385
1.015975582520658
1.8428155339805825
0.9262855088097807
0.6258230452674897
1.3632263374485596
1.1773677114930903
1.0021872265966754
1.216572504708098
1.0087838689350979
1.2620608899297419
0.9563308763308765
1.1705685618729098
0.9400368663594469
3.3272311212814643
1.4272517321016165
1.080504235309811
0.8287671232876711
1.0285982814178305
1.2712939735137971
1.0208816705336425
0.936777380702123
0.7307102708226876
0.7170408750719632
0.8397888787299478
1.1166686310330602
0.8351402629082532
1.5289473684210522
0.0
0.9070941074689993
1.4272517321016165
1.10591536123451
0.7650273224043722
1.0454996186117467
1.1463873220521088
0.9506865044463989
1.0847548252477832
1.13715710723192
0.8615814820568587
0.7506969334926331
1.282543038356992
1.2022802850356293
0.883386113065916
0.9462318039432469
0.8247332634577657
0.46651270207852197
1.0122058804166063
0.9411214120164021
0.9031115608398687
1.0071474983755682
1.0850618705502668
1.0519453207150369
0.9263058823529412
1.2488248854824708
0.9793000426803243
1.2052466196914873
1.2222546728971964
1.2016718913270636
1.0646364949446314
1.2137853107344627
0.8641906168062523
1.1791316208229146
1.2521599714972833
1.1795033670033672
1.426982909728309
0.8689989785495403
0.7589038868108636
0.7667342799188642
0.8169881666396499
1.1334528688524592
0.9823735537190085
0.9665835411471323
1.227498001598721
0.9688403469322195
0.9648400029515216
0.5403623437679166
0.8633284756630719
1.8466505246166265
1.5370228886129949
0.9636595310907237
1.2003822694437414
1.2064292467696187
1.3908313908313907
0.9241119736532583
0.5869378892634707
1.2350558659217878
1.3590471528797519
0.9226139783114744
1.225925925925926
0.6031746031746031
0.8675040897405937
1.150411626344086
1.0282402027358133
1.2384324454816125
1.3616969696969696
nan
1.044712643678161
0.9333614064638385
1.1397342064714946
1.0144858420268255
2.3414957567185293
0.9845752608047691
0.8885462733801275
0.9366028708133971
0.8344221105527638
0.9142680437874946
1.183340724316334
0.859187137535952
1.8558598028477546
0.898386888630791
0.7135373586986491
1.031683649956475
0.785119739595443
0.8871157718758311
1.0641389085754789
0.8672457456628249
0.9550030921459493
0.9561671763506627
1.0773961458659862
0.9700407829191539
1.50089605734767
0.8110949103116205
0.8119988985892227
1.0558759196659375
0.9612983770287138
0.6926364635486627
0.7669614819509666
1.0441819772528433
1.063986013986014
1.34284128745838
0.9469402016571827
0.6328967959805618
0.8848980078730767
1.6396751837007348
1.2514854426619135
1.0510020501234258
1.0863793892630618
0.8445279365664762
1.0784313725490196
0.9673611111111111
1.1809565654029623
0.7244762662423759
0.8178206661443084
1.3126267748478702
1.1996417375727721
0.8874368874368875
0.7303518311953895
1.2109387889787164
0.9672122991193591
0.9268025078369905
1.0908724832214767
1.0957857068408434
1.2330025160749232
0.9808695652173913
0.9117844332332105
1.2166927899686517
0.9565619464415965
1.4913698701569587
1.034039934354486
0.9601190402990761
0.9792452830188683
1.0335471658428856
0.8955369346882984
0.8790535344572612
0.7199274520863055
1.0670517327975892
0.8800626406968779
0.8471596244131454
1.0768415474297826
0.8562962962962963
0.8733887325786821
0.7918464581085943
0.8646892359291478
1.0371411223870242
0.9376524846138107
1.6034188034188042
1.1073728088131305
1.1881720430107527
1.0219362745098042
0.8222673893405603
1.031476506665315
1.2265865865865866
0.9513048157115954
0.8241499270564467
0.7032679738562094
0.9331480876103301
1.0530569404355812
0.8549858446052218
1.3586111974426138
0.8277022190408019
0.9241841438471162
1.001817833907386
0.9209789441897493
0.9162602407322876
1.0708517808762308
1.324103400838212
1.1378226711560047
1.1254983555943352
1.2102462838023151
1.1769298117612723
1.2296783672426457
0.8266810181081423
1.2022802850356293
1.0126023864900393
1.0053050046964507
1.0490570448877805
1.0251086860083398
1.198837244148761
1.624515835042151
1.219474873934968
0.8730366112127284
0.8879546084253895
1.1598978499052641
1.0444233687405156
0.6786031746031749
1.0726482418580514
1.147041361567386
1.057880933648046
0.9181479659945198
0.9210908879455718
0.7331823410133879
0.7210427807486631
0.7692588619296524
1.2915917503966157
1.1359166011014952
1.0357966629721713
1.3272889417360285
1.0057925223802
1.0604528014712873
1.3147030803429656
1.1394330708661418
1.1010973936899862
1.109478047861315
1.2079190900495664
0.8935420017320305
1.0454996186117467
0.8211600429645541
1.0118501425274875
0.8512431521281072
1.1657921635434407
0.9042411854879919
1.2329782082324459
1.477565316168118
0.7223172080860906
1.3264039308610391
1.621672301616616
0.9405796777581625
1.3817965422199951
0.8791832104367555
1.018456933821084
1.1966253834791485
0.8509273462557523
0.892468326223977
1.4156930674824009
1.291891290173815
0.8862369828314106
1.310519448241581
1.0472158905893845
1.232198142414861
1.218444192313147
1.089829837752275
1.2235294117647062
0.6871981433858121
1.152539682539681
1.710050272848364
1.1376125471972114
0.8880597014925374
1.1160624370594157
0.8733164983165003
1.0583289542827117
0.7926356589147286
1.3121528116168009
1.460448430493273
0.9301984374426878
0.9551020408163261
1.7624526498389217
