Case Count:
 [0, 0, 0, 0, 0, 0, 0, 0, 0, 0, 0, 0, 0, 0, 30, 0, 0, 0, 0, 0, 0, 0, 0, 0, 0, 0, 0, 0, 0, 41, 0, 0, 17, 0, 0, 0, 0, 0, 0, 0, 0, 0, 2, 0, 0, 0, 0, 5, 0, 0, 0, 0, 79, 0, 0, 0, 0, 144, 49, 0, 0, 0, 0, 122, 43, 0, 0, 12, 0, 0, 0, 29, 0, 0, 0, 0, 0, 0, 0, 0, 0, 0, 0, 0, 0, 85, 22, 0, 0, 0, 0, 84, 0, 28, 0, 55, 0, 0, 0, 60, 0, 65, 0, 0, 0, 0, 101, 0, 85, 0, 0, 120, 0, 86, 81, 0, 30, 1, 79, 76, 86, 98, 0, 126, 4, 80, 0, 114, 81, 29, 110, 75, 55, 54, 42, 71, 47, 120, 76, 123, 48, 70, 0, 12, 9, 102, 16, 0, 88, 0, 8, 119, 57, 147, 129, 50, 85, 35, 103, 89, 32, 136, 50, 138, 6, 154, 73, 44, 141, 107, 67, 32, 72, 149, 15, 33, 101, 159, 31, 112, 128, 34, 68, 59, 15, 62, 18]

Control Count:
 [0, 0, 0, 0, 0, 0, 0, 0, 0, 0, 0, 0, 0, 0, 20, 0, 0, 0, 0, 0, 0, 0, 0, 0, 0, 0, 0, 0, 0, 99, 0, 0, 22, 0, 0, 0, 0, 0, 0, 0, 0, 0, 1, 0, 0, 0, 0, 3, 0, 0, 0, 0, 135, 0, 0, 0, 0, 226, 64, 0, 0, 0, 0, 220, 46, 0, 0, 22, 0, 0, 0, 52, 0, 0, 0, 0, 0, 0, 0, 0, 0, 0, 0, 0, 0, 97, 47, 0, 0, 0, 0, 116, 0, 45, 0, 118, 0, 0, 0, 123, 0, 124, 0, 0, 0, 0, 206, 0, 110, 0, 0, 235, 0, 138, 122, 0, 70, 2, 123, 176, 201, 147, 0, 209, 13, 126, 0, 166, 139, 53, 176, 119, 83, 123, 67, 107, 70, 199, 120, 204, 131, 115, 0, 39, 18, 184, 33, 0, 125, 0, 8, 191, 123, 216, 206, 76, 183, 50, 168, 113, 81, 240, 62, 202, 6, 256, 107, 96, 217, 141, 104, 32, 92, 240, 32, 63, 177, 250, 33, 149, 221, 58, 126, 89, 36, 102, 29]

Cluster Number:
 [15, 30, 33, 43, 48, 53, 58, 59, 64, 65, 68, 72, 86, 87, 92, 94, 96, 100, 102, 107, 109, 112, 114, 115, 117, 118, 119, 120, 121, 122, 124, 125, 126, 128, 129, 130, 131, 132, 133, 134, 135, 136, 137, 138, 139, 140, 141, 142, 144, 145, 146, 147, 149, 151, 152, 153, 154, 155, 156, 157, 158, 159, 160, 161, 162, 163, 164, 165, 166, 167, 168, 169, 170, 171, 172, 173, 174, 175, 176, 177, 178, 179, 180, 181, 182, 183, 184, 185, 186, 187]

Odds Ratio:

nan
nan
nan
nan
nan
nan
nan
nan
nan
nan
nan
nan
nan
nan
2.5965770171149147
nan
nan
nan
nan
nan
nan
nan
nan
nan
nan
nan
nan
nan
nan
0.6545099233541446
nan
nan
1.2927617406290393
nan
nan
nan
nan
nan
nan
nan
nan
nan
3.3272311212814643
nan
nan
nan
nan
2.7841781874039935
nan
nan
nan
nan
0.9639300411522632
nan
nan
nan
nan
1.0842657867106644
1.3035256410256408
nan
nan
nan
nan
0.8886722110696874
1.6099033816425123
nan
nan
0.9018522461145411
nan
nan
nan
0.9195121951219514
nan
nan
nan
nan
nan
nan
nan
nan
nan
nan
nan
nan
nan
1.5619721591240026
0.7644267564671666
nan
nan
nan
nan
1.2483729966002917
nan
1.0340091916734255
nan
0.7404219632768362
nan
nan
nan
0.7786858871227235
nan
0.8465585647748833
nan
nan
nan
nan
0.7571953811684954
nan
1.3489984591679507
nan
nan
0.7891682785299806
nan
1.0415896867430308
1.1238666544555365
nan
0.6894865525672372
0.8287671232876711
1.079381210478771
0.6566491359879789
0.6387608698716052
1.1358748778103618
nan
0.9996484094348564
0.5057471264367815
1.064685855772207
nan
1.1875440222428175
0.9587436196294362
0.9008283479061208
1.0486322188449848
1.0544602456367163
1.1130459337349399
0.6898954703832751
1.0437234482499342
1.1197429906542056
1.1270408163265306
0.9999842472550844
1.0607897153351697
0.9998138495904693
0.5594580347904181
1.0111935901967717
nan
0.49648711943793916
0.8255813953488371
0.8948522771255322
0.7966186689590945
nan
1.2094358974358974
nan
1.670533642691415
1.0455333769633508
0.7339420252841272
1.1933028919330289
1.0544628875665518
1.1026924638073332
0.7150906115896393
1.1747524752475247
1.0218253968253965
1.3839443742098607
0.6280219613552946
0.9126512651265128
1.3807115017829004
1.1938423078188218
1.66743648960739
0.996271929824561
1.1575762218477093
0.7333333333333333
1.1142022082701883
1.3417286165940356
1.0806451612903225
1.7100737100737098
1.3562374126288357
1.044712643678161
0.7694575471698113
0.8579638752052546
0.9302142881021629
1.0857428571428571
1.6001931075460492
1.3309525275537222
0.9442027614904482
0.969774372073223
0.8757112908056305
1.114754583086931
0.6800314465408804
1.0093098247256462
1.0305512326971906
