Case Count:
 [338, 341, 283, 349, 346, 346, 360, 325, 312, 330, 338, 365, 336, 376, 346, 371, 337, 369, 326, 313, 396, 298, 297, 355, 352, 373, 246, 357, 361, 282, 296, 332, 306, 339, 277, 334, 315, 378, 360, 368, 354, 355, 298, 371, 303, 301, 357, 360, 366, 339, 396, 340, 281, 305, 304, 310, 341, 318, 319, 345, 331, 370, 364, 239, 316, 388, 377, 362, 348, 328, 278, 325, 338, 333, 300, 287, 341, 317, 412, 386, 368, 358, 315, 358, 342, 316, 310, 342, 356, 339, 318, 334, 365, 323, 378, 365, 289, 389, 369, 399, 376, 368, 379, 325, 402, 305, 329, 342, 328, 375, 378, 388, 352, 314, 384, 245, 326, 349, 375, 388, 379, 323, 296, 358, 325, 388, 341, 315, 360, 396, 373, 319, 380, 392, 319, 320, 299, 346, 355, 375, 381, 389, 285, 351, 371, 420, 298, 395, 398, 394, 386, 328, 289, 380, 289, 370, 308, 288, 318, 328, 289, 389, 370, 379, 322, 391, 318, 354, 403, 321, 323, 349, 404, 361, 384, 403, 416, 408, 406, 345, 275, 358, 314, 322, 351, 362, 362, 397, 408, 405, 390, 409, 394, 378, 312, 410, 398, 419, 404, 289, 394, 411]

Control Count:
 [564, 552, 512, 561, 597, 569, 581, 562, 582, 559, 564, 595, 551, 612, 527, 630, 566, 597, 510, 566, 585, 519, 516, 562, 593, 626, 457, 625, 590, 485, 490, 577, 502, 576, 447, 560, 515, 600, 662, 567, 502, 577, 518, 569, 497, 524, 588, 608, 616, 521, 597, 580, 471, 524, 520, 552, 573, 541, 502, 580, 549, 601, 577, 445, 546, 653, 636, 590, 616, 466, 570, 528, 538, 548, 511, 456, 556, 472, 634, 639, 593, 591, 514, 563, 567, 530, 570, 641, 573, 556, 567, 571, 596, 556, 616, 618, 514, 634, 630, 638, 641, 623, 639, 573, 633, 484, 572, 558, 555, 601, 643, 627, 530, 559, 622, 418, 527, 568, 590, 646, 594, 557, 511, 616, 565, 636, 559, 518, 609, 623, 611, 556, 618, 677, 524, 528, 503, 579, 563, 609, 607, 647, 490, 512, 568, 666, 501, 661, 673, 592, 644, 564, 527, 606, 525, 583, 503, 471, 498, 483, 482, 570, 597, 563, 549, 620, 540, 623, 675, 554, 495, 562, 683, 599, 644, 664, 669, 685, 682, 632, 490, 588, 512, 496, 617, 564, 683, 671, 682, 695, 626, 673, 636, 622, 541, 688, 622, 671, 674, 464, 668, 668]

Cluster Number:
 [1, 2, 3, 4, 5, 6, 7, 8, 9, 10, 11, 12, 13, 14, 15, 16, 17, 18, 19, 20, 21, 22, 23, 24, 25, 26, 27, 28, 29, 30, 31, 32, 33, 34, 35, 36, 37, 38, 39, 40, 41, 42, 43, 44, 45, 46, 47, 48, 49, 50, 51, 52, 53, 54, 55, 56, 57, 58, 59, 60, 61, 62, 63, 64, 65, 66, 67, 68, 69, 70, 71, 72, 73, 74, 75, 76, 77, 78, 79, 80, 81, 82, 83, 84, 85, 86, 87, 88, 89, 90, 91, 92, 93, 94, 95, 96, 97, 98, 99, 100, 101, 102, 103, 104, 105, 106, 107, 108, 109, 110, 111, 112, 113, 114, 115, 116, 117, 118, 119, 120, 121, 122, 123, 124, 125, 126, 127, 128, 129, 130, 131, 132, 133, 134, 135, 136, 137, 138, 139, 140, 141, 142, 143, 144, 145, 146, 147, 148, 149, 150, 151, 152, 153, 154, 155, 156, 157, 158, 159, 160, 161, 162, 163, 164, 165, 166, 167, 168, 169, 170, 171, 172, 173, 174, 175, 176, 177, 178, 179, 180, 181, 182, 183, 184, 185, 186, 187, 188, 189, 190, 191, 192, 193, 194, 195, 196, 197, 198, 199, 200, 201, 202]

Odds Ratio:

0.9731058212204198
1.109435078379178
0.765324519230769
1.1543473955238657
0.8163757857387296
1.039628096830886
1.1529662955619941
0.8420740463257789
0.6162837892686092
0.9152976317473863
0.9731058212204198
1.1025437201907786
1.0479093616196502
1.131237680257288
1.4189875742180327
0.8486928104575163
0.9456453959675742
1.156712132089017
1.2331771646711787
0.7110045431600199
2.251162790697674
0.8510911600322496
0.8593187029151652
1.248305371970852
0.9210908879455718
0.9208539064769096
0.7558417705014683
0.7174829268292684
1.0825293350717076
0.8999409022260164
1.0053946053946052
0.8119988985892227
1.0357966629721713
0.8945833333333335
1.0748888336509514
0.9542857142857142
1.0506576886940178
1.3219672131147548
0.4543194768442387
1.471744044513998
1.8749472697445508
1.1059874556408353
0.85681426106958
1.5245787242840902
1.0355219552609773
0.8491536674410886
1.0365853658536581
0.8994003997335105
0.9115815691158161
1.3468905950095968
2.0208016828327686
0.8763497039359112
0.9704238221935553
0.8861228210094564
0.9007407407407405
0.7662060442646893
0.9412508458880936
0.9084187531507311
1.196779548472776
0.9365370506236246
0.9992747756864334
1.1331355952639328
1.2701097631426919
0.7599662921348314
0.8563685636856366
0.8737951535897664
0.8795901805640091
1.0996257979308823
0.6953046953046952
1.661369524030469
0.47863136101122383
1.079877724614567
1.181861680591851
1.031882660790525
0.9165270523307383
1.126269621421976
1.0764204962560566
1.4092803556543476
2.262413833391749
1.0143797797265777
1.1799634230339886
1.024545131708132
1.0576440316304752
1.2953095191105843
1.0011454753722795
0.9597791072250345
0.6661226710186318
0.47853707962751507
1.160243066506865
1.0487050359712233
0.7462503826140191
0.8746226336418982
1.0924179212769813
0.8613867526668325
1.1266766020864385
0.8779410478439602
0.8021530479896237
1.153501577287066
0.8200000000000001
1.407131661442006
0.810043830324642
0.8735559423959494
0.8797861241523216
0.7711796944367904
1.6305879339054685
1.147465153570988
0.8157024793388432
1.0741602926504819
0.9210940670400134
1.2381707570715481
0.8191622262448057
1.2255058323169774
1.511515940143136
0.7594418604651159
1.1898275358082435
0.9365905391407293
1.1003341673523537
1.0923317683881062
1.3704978813559325
0.9657014508589818
1.4249719416386086
0.8548412059679321
0.8790113995593449
0.8035914702581368
0.8224654556745847
1.1005056110494513
1.0519696250593258
1.029860505666957
0.8904408555216059
1.5521296054350668
1.0822050290135399
0.822362110311751
1.1463989907300756
0.6283038436154496
1.0349236641221378
1.0185892538833718
0.9553393922181198
0.9574163834568317
1.2385815782796241
1.1449353448275865
1.3094642958586602
0.9740030911901087
0.8988868274582559
1.6827059659090902
1.5368682684341346
2.0578473210052186
0.9576025254455627
0.9099504882409571
0.7933171456528822
2.011411411411411
0.9499589827727649
0.8592422209443487
0.7348387096774195
1.2966381383901102
0.7449777777777778
1.3336813582916947
1.0517050369538492
1.0407052769224279
1.2137807428059348
1.498890194542369
0.9833195020746889
2.156561403508772
1.1766562279999035
1.8512433392539966
0.897326919184843
1.418951612903226
0.914967860422406
0.7019167217448777
0.878971193415637
0.8544024964816745
1.3106757227446884
1.1453934361407667
0.7605103534825347
0.9967253114164633
0.9106719367588937
1.078982597054886
1.5951127575225867
0.8261831881327993
0.8298231582689056
0.5575006733099919
0.8144599303135888
1.0523221634332742
1.0597499999999995
1.287289771160739
0.7175666715780167
1.3670443032145154
0.3097488163373961
0.8029593357462215
0.8877116639863774
0.5655945831570028
1.2968637934406984
1.1141654284299143
1.2665269042627532
1.0560328923093147
0.8491711179355812
0.821972734562951
1.6543016234020864
1.779657228017887
0.9247986434930046
1.0962068965517244
0.7864271457085832
1.3184345594525233
