Case Count:
 [269, 283, 297, 0, 332, 2, 63, 0, 181, 1, 155, 220, 8, 181, 176, 0, 34, 273, 285, 48, 0, 56, 6, 6, 21, 211, 224, 6, 190, 256, 128, 333, 208, 100, 4, 224, 219, 280, 336, 117, 247, 121, 319, 129, 186, 329, 225, 5, 237, 126, 12, 184, 76, 165, 10, 120, 255, 272, 85, 319, 209, 275, 262, 314, 133, 252, 224, 163, 249, 295, 297, 75, 176, 180, 65, 1, 2, 0, 0, 267, 267, 374, 0, 385, 321, 302, 33, 163, 237, 208, 191, 151, 177, 199, 149, 190, 309, 275, 315, 353, 178, 334, 117, 70, 247, 247, 137, 331, 275, 319, 128, 168, 321, 265, 278, 137, 288, 181, 287, 59, 248, 257, 355, 232, 174, 155, 283, 231, 295, 323, 246, 197, 335, 39, 239, 192, 143, 175, 272, 298, 262, 292, 286, 283, 332, 293, 365, 242, 181, 214, 319, 368, 281, 313, 277, 237, 183, 173, 279, 296, 321, 233, 229, 183, 202, 240, 116, 278, 319, 303, 67, 387, 338, 195, 253, 259, 208, 316, 217, 302, 225, 247, 162, 336, 279, 201, 322, 235, 401, 256, 186, 312, 215, 245, 320, 324, 248, 277, 226, 277, 337, 311, 314, 391, 344, 328, 340, 275, 307, 150, 87, 321, 190, 276, 285, 76, 154, 205, 291, 286, 180, 347, 229, 312, 236, 289, 262, 415, 390, 192, 406, 275, 248, 398, 382, 273, 215, 320, 292, 296, 360, 261, 211, 266, 302, 212, 186, 279, 250, 88, 238, 216, 320, 242, 221, 302, 379, 295, 354, 257, 349, 358, 284, 320, 263, 198, 283, 262, 293, 161, 266, 276, 237, 233, 317, 356, 318, 255, 321, 279, 299, 282, 257, 230, 173, 374, 414, 290, 323, 215, 352, 302, 390, 272, 279, 192, 242, 244, 214, 241, 392, 313, 330, 299, 212, 251, 265, 284, 346, 326, 408, 266, 276, 190, 273, 351, 264, 402, 242, 243, 278, 409, 226, 408, 287, 414, 240, 384, 327, 260, 259, 308, 404, 266, 253, 159, 276, 265, 244, 328, 382, 407, 255, 329, 216, 400, 406, 127, 316, 320, 271, 382, 272, 412, 234, 395, 408, 210, 265, 260, 252, 401, 270, 416, 233, 398, 200, 403, 394, 404, 407, 413]

Control Count:
 [481, 487, 459, 0, 559, 1, 110, 0, 250, 2, 325, 381, 7, 307, 304, 0, 49, 424, 419, 94, 0, 134, 12, 9, 38, 354, 408, 12, 337, 387, 166, 528, 362, 150, 6, 406, 332, 451, 574, 170, 403, 207, 518, 199, 313, 560, 382, 5, 436, 229, 21, 269, 124, 350, 24, 198, 484, 459, 99, 535, 340, 474, 384, 468, 232, 371, 407, 253, 451, 466, 513, 154, 338, 306, 121, 0, 2, 0, 0, 426, 482, 594, 1, 624, 534, 522, 57, 276, 384, 317, 323, 234, 301, 331, 298, 321, 433, 439, 458, 480, 232, 537, 182, 128, 414, 375, 245, 506, 509, 542, 214, 292, 518, 469, 481, 206, 463, 339, 425, 116, 431, 394, 572, 340, 306, 248, 427, 369, 469, 493, 392, 288, 543, 62, 375, 319, 273, 299, 450, 500, 426, 517, 431, 498, 465, 434, 589, 447, 327, 348, 581, 544, 451, 513, 504, 448, 275, 322, 497, 483, 463, 338, 380, 349, 310, 423, 187, 417, 489, 478, 128, 655, 546, 349, 420, 411, 364, 573, 381, 480, 350, 420, 250, 572, 442, 284, 519, 403, 660, 449, 335, 496, 274, 423, 535, 534, 440, 430, 330, 447, 552, 489, 539, 644, 563, 541, 545, 494, 499, 314, 154, 470, 288, 434, 445, 133, 310, 348, 502, 493, 289, 566, 350, 518, 423, 464, 439, 660, 681, 310, 655, 392, 426, 672, 657, 439, 366, 521, 467, 501, 589, 411, 345, 429, 484, 314, 322, 488, 407, 131, 382, 368, 452, 442, 362, 459, 650, 431, 569, 418, 563, 597, 489, 564, 434, 314, 478, 396, 467, 302, 443, 425, 407, 388, 546, 557, 541, 466, 498, 463, 482, 473, 393, 345, 314, 694, 686, 506, 452, 371, 572, 491, 640, 392, 452, 305, 444, 505, 336, 424, 663, 513, 558, 518, 388, 432, 445, 477, 552, 524, 679, 471, 529, 397, 433, 570, 471, 580, 381, 429, 447, 681, 361, 687, 485, 669, 459, 691, 509, 394, 426, 503, 670, 435, 444, 265, 432, 402, 402, 528, 614, 662, 467, 572, 368, 653, 667, 205, 526, 535, 465, 642, 449, 682, 411, 668, 684, 354, 400, 440, 467, 666, 406, 674, 442, 696, 326, 658, 655, 664, 680, 693]

Cluster Number:
 [1, 2, 3, 5, 6, 7, 9, 10, 11, 12, 13, 14, 15, 17, 18, 19, 20, 22, 23, 24, 25, 26, 27, 28, 29, 30, 31, 32, 33, 34, 35, 36, 37, 38, 39, 40, 41, 42, 43, 44, 45, 46, 47, 48, 49, 50, 51, 52, 53, 54, 55, 56, 57, 58, 59, 60, 61, 62, 63, 64, 65, 66, 67, 68, 69, 70, 71, 72, 73, 74, 75, 76, 77, 80, 81, 82, 84, 85, 86, 87, 88, 89, 90, 91, 92, 93, 94, 95, 96, 97, 98, 99, 100, 101, 102, 103, 104, 105, 106, 107, 108, 109, 110, 111, 112, 113, 114, 115, 116, 117, 118, 119, 120, 121, 122, 123, 124, 125, 126, 127, 128, 129, 130, 131, 132, 133, 134, 135, 136, 137, 138, 139, 140, 141, 142, 143, 144, 145, 146, 147, 148, 149, 150, 151, 152, 153, 154, 155, 156, 157, 158, 159, 160, 161, 162, 163, 164, 165, 166, 167, 168, 169, 170, 171, 172, 173, 174, 175, 176, 177, 178, 179, 180, 181, 182, 183, 184, 185, 186, 187, 188, 189, 190, 191, 192, 193, 194, 195, 196, 197, 198, 199, 200, 201, 202, 203, 204, 205, 206, 207, 208, 209, 210, 211, 212, 213, 214, 215, 216, 217, 218, 219, 220, 221, 222, 223, 224, 225, 226, 227, 228, 229, 230, 231, 232, 233, 234, 235, 236, 237, 238, 239, 240, 241, 242, 243, 244, 245, 246, 247, 248, 249, 250, 251, 252, 253, 254, 255, 256, 257, 258, 259, 260, 261, 262, 263, 264, 265, 266, 267, 268, 269, 270, 271, 272, 273, 274, 275, 276, 277, 278, 279, 280, 281, 282, 283, 284, 285, 286, 287, 288, 289, 290, 291, 292, 293, 294, 295, 296, 297, 298, 299, 300, 301, 302, 303, 304, 305, 306, 307, 308, 309, 310, 311, 312, 313, 314, 315, 316, 317, 318, 319, 320, 321, 322, 323, 324, 325, 326, 327, 328, 329, 330, 331, 332, 333, 334, 335, 336, 337, 338, 339, 340, 341, 342, 343, 344, 345, 346, 347, 348, 349, 350, 351, 352, 353, 354, 355, 356, 357, 358, 359, 360, 361, 362, 363, 364, 365, 366, 367, 368, 369, 370, 371, 372]

Odds Ratio:

0.8125596184419717
0.8977386405517825
1.2257663628831814
nan
0.9380569441425776
3.3272311212814643
0.9413442940038685
nan
1.341364341085271
0.8287671232876711
0.6767605633802817
0.9149198815901438
1.911832946635731
0.962060954978158
0.9333600160096056
nan
1.1633156966490301
1.1791316208229146
1.3647986858010726
0.8279915111280404
nan
0.6481430965278049
0.8267898383371823
1.107005388760585
0.9122387307982875
0.9777232629596591
0.8171454628362975
0.8267898383371823
0.8853217022392238
1.2326287400629756
1.3934064231201333
1.189965694682676
0.9103824352443136
1.136676499508358
1.1065134099616858
0.8263031275060146
1.1873493975903617
1.0815936632779708
0.8752071986739287
1.1926561929119475
1.0374663978494623
0.9576914896849271
1.0777027027027029
1.1061922515804832
0.9747565949816263
0.8972727272727272
0.9523168762538534
1.6658986175115211
0.785766191298029
0.8771851500481325
0.946135831381733
1.2312267657992564
1.0198169377055006
0.6503649635036496
0.6837606837606837
1.0069345492542987
0.6986615163492634
0.9545353736970507
1.5255663984477548
0.9589875389408099
1.036982097186701
0.8985540804775137
1.3260357815442558
1.3955555555555548
0.9292314627000227
1.2967409948542024
0.821713044968859
1.108795898493441
0.8049130586999649
1.15179422985217
0.8765752409191991
0.7679820179820178
0.7721556010529393
0.9584374290256642
0.8718566314579925
inf
1.6613272311212812
nan
nan
1.1004749426793314
0.7922657531602816
1.2980056980056984
0.0
1.1882716049382722
0.9882879451533046
0.86992756663031
0.9568317345086856
0.9671812644402437
1.0510519801980198
1.167438239993445
0.9656821132527715
1.1068672839506173
0.9583703177702823
0.9944989929506547
0.7413793103448276
0.9674836417320372
1.6193817729614493
1.1038807711539533
1.4975700802929985
2.1207364341085273
1.4580525829039506
1.1314001950873458
1.0900621118012424
0.8892276422764227
0.9757196054750403
1.210986111111111
0.8943235572374645
1.344642072902943
0.72146485217308
0.9122693726937271
0.988550650599513
0.9256432290350302
1.1028401282638571
0.8410533539200544
0.8866879301661912
1.149520992734521
1.0916424699269094
0.805023896092017
1.346145510835913
0.8191470054446462
0.8947413175252972
1.1970491437496513
1.1525974025974024
1.2789997158283604
0.9055123936366999
1.056338028169014
1.278793610760824
1.0804799874921829
1.1313225538971805
1.3272889417360285
1.0925240562546263
1.243686868686869
1.0974465221702792
1.0473387096774192
1.1248933333333335
0.9966367570723288
0.8051801801801803
0.951086956521739
1.0062009314703926
0.9637446808510638
1.0493620858863157
0.8106948775641784
1.2881124607615668
0.8378385336216662
1.754919103607678
1.3594785682722053
1.1640205570596058
0.7722322533755775
0.8603110257686746
1.0385696040868453
0.6725903614457831
1.7531068765534388
1.0923264756237896
1.041105851047371
0.7599451303155009
0.7332920792079207
1.177542613636364
0.8200392285060477
0.8104753521126761
1.049964528225398
1.5569974741003776
1.3050784167289022
0.9986466165413533
0.7762916368194842
1.1492582006261056
0.8695962079903061
1.0389894207049555
1.2877846790890275
1.299267211997274
1.1652412010829436
0.8442540322580644
0.8294480328831473
1.1155115511551155
0.8678777772558598
0.9974910394265234
1.1097999459313326
0.9004329004329005
0.6949587820485533
0.8902485162327683
1.1389294403892944
1.1355140186915889
0.9434027777777779
1.1182093862815887
0.8896734333627538
1.128308823529412
1.3203337673097408
1.1082785764866692
0.9290006325110689
1.0872408293460922
0.8692540801051516
0.8624623915993158
1.149098298196596
1.5903610531803967
0.9105919914211205
0.9700777507264587
1.0235466536394728
0.8498810090433129
1.184984209015217
1.2796699388248687
1.0748888336509514
1.0534242682580282
1.1875159764826178
0.8808311688311684
1.0625000000000002
1.0612321211554638
1.0213984779604004
1.1531832082290798
0.7942875481386392
1.0673316329628952
0.6843276838648534
0.9212293388429752
1.4932924630364228
1.165774207942883
1.147041361567386
1.1769298117612723
0.9366391184573003
0.7286021505376343
0.9566263876608703
0.8851889738343922
0.8910366039586896
1.0556973186730974
1.0795437087110153
1.1777142857142855
0.9959565865077673
0.8382536188845799
1.0962068965517244
0.9744540107846543
1.7815656565656584
0.5493122359075788
1.0481389578163771
1.371177423085819
1.4372822299651573
0.9204827569254971
0.8089430894308935
0.7242382974178216
1.0826495046244207
0.9493315768930525
1.0684043291020826
1.1101691211816629
0.9378725067347822
1.0754120908641547
1.1309357828262117
1.027370963640987
1.0716412681730598
1.1112987874766243
1.231347680911361
0.9269633957724697
0.8575819672131151
1.0432510432510431
1.1425588830168982
1.0724909483993643
0.9475531292649639
1.6420019335167697
0.7948641385488208
1.0249632520654877
1.291891290173815
0.7579999999999998
1.4116879350348028
1.163775457458906
1.0472422314527579
1.1364712847838956
0.9698285667018218
0.8955208127185174
0.7819297931938733
1.0122800586510263
1.0832254142770303
0.9487984121875336
1.240997546082292
1.1216010090639756
0.8169279146219446
0.9891830530147836
1.2071887405268855
0.9253533461454254
0.9911420278250427
0.8661202185792347
1.3167787847980794
0.9084187531507311
0.7791798843067738
1.2563814580355321
0.9980426565874733
1.0900118553645526
0.9683413905010706
1.2036881693370245
1.221690590111643
0.8575020353431347
0.2818887164708488
1.0138775510204074
0.8539141045706556
1.7002593835825455
0.9236017520215636
1.103448275862069
1.0640284240415059
1.094387755102041
1.3960650128314802
1.0647676991150443
1.0780646445875088
0.7857502172222983
0.5525463315562327
1.1096296296296295
0.8726891557080235
0.8176887776387152
1.041105851047371
0.9223636184275426
0.8658301158301157
0.8183841228030339
0.9147951142631993
0.9685522407335654
0.9641441806992629
1.1862240922549478
1.1231507126933733
0.9497838377120045
0.8389725464207255
0.6369698586289678
0.6361971816737987
1.1204401903224912
1.1056220095693778
0.8231483166515011
2.7724137931034485
1.1188030430206375
0.8641001855287569
1.0854697291814304
0.9409202153695538
1.0786677590938059
0.7854627412311592
0.9460255018990777
1.460448430493273
0.7068019837750846
0.3738455466386006
1.2561921133875953
1.2313189462042367
1.0200573813249867
1.0517050369538492
0.9992324093816634
1.0356521161384624
0.8700474668216601
0.9921428571428572
1.1601908657123383
1.2350603305312513
1.014721265467534
1.1193011193011195
1.244299674267101
1.2680324773413891
0.774543804115073
0.8157024793388432
0.9475531292649639
1.1779950524207792
1.1251646903820816
1.038477173233271
0.9866147330674826
0.9700777507264587
0.9123527905785974
0.8977427993660166
1.012069402397877
1.0292169001846412
0.8803987893893538
0.8063418617310836
0.8466327108092808
0.9688402042779956
1.248850574712643
0.9507364144235653
0.7531518739479437
0.9823771139560614
1.2670883493164662
1.4491033415043229
0.731867504283267
0.4463134286515273
1.0319069743563414
1.1908983451536637
0.9758100084817639
1.1125645438898448
0.8977941176470582
0.8022533022533024
