Case Count:
 [338, 331, 344, 290, 291, 272, 305, 366, 324, 362, 361, 316, 324, 312, 379, 302, 364, 329, 302, 336, 318, 347, 359, 312, 321, 201, 339, 339, 289, 309, 320, 278, 259, 228, 358, 372, 234, 303, 377, 303, 337, 361, 276, 176, 308, 336, 307, 379, 297, 354, 313, 287, 332, 275, 228, 332, 372, 381, 361, 286, 252, 365, 285, 338, 347, 283, 298, 303, 291, 253, 304, 218, 268, 282, 197, 360, 295, 326, 289, 297, 284, 381, 332, 314, 369, 359, 321, 315, 264, 254, 358, 365, 386, 273, 306, 320, 325, 366, 276, 243, 290, 382, 357, 384, 307, 183, 322, 394, 339, 404, 399, 388, 332, 287, 326, 314, 296, 314, 210, 228, 329, 364, 305, 312, 309, 276, 289, 348, 328, 382, 303, 300, 336, 304, 259, 338, 231, 327, 371, 296, 326, 294, 386, 310, 342, 303, 365, 303, 254, 309, 327, 280, 404, 314, 248, 281, 349, 318, 282, 316, 291, 391, 336, 284, 274, 359, 280, 334, 290, 198, 307, 282, 319, 268, 356, 329, 357, 220, 315, 269, 266, 289, 405, 324, 305, 334, 300, 405, 285, 296, 309, 292, 380, 212, 354, 377, 383, 317, 196, 319, 342, 293, 298, 345, 341, 309, 375, 189, 295, 274, 364, 372, 393, 298, 344, 399, 318, 380, 350, 351, 318, 397, 347, 288, 370, 286, 361, 412, 333, 390, 283, 268, 293, 336, 306, 397, 417, 265, 393, 300, 266, 365, 312, 417, 362, 332, 354, 394, 396, 305, 293, 300, 288, 276, 340, 350, 313, 395, 362, 269, 272, 360, 362, 407, 354, 357, 275, 339, 204, 345, 382, 413, 417, 307, 310, 376, 393, 300, 326, 270, 354, 382, 422, 325, 343, 394, 267, 416, 416, 395, 385, 368, 282, 294, 297, 324, 329, 248, 408, 363, 407, 292, 420, 278, 345, 397, 383, 394, 426, 420, 410, 421, 408, 277, 429]

Control Count:
 [561, 531, 576, 448, 455, 494, 508, 592, 543, 554, 615, 551, 480, 515, 620, 446, 624, 556, 522, 587, 529, 596, 614, 526, 501, 318, 545, 574, 499, 519, 510, 470, 462, 371, 642, 572, 378, 529, 614, 497, 509, 596, 461, 312, 568, 608, 503, 588, 508, 601, 447, 473, 530, 510, 409, 559, 635, 644, 516, 467, 441, 599, 476, 538, 568, 469, 518, 481, 447, 418, 496, 334, 402, 485, 348, 597, 543, 603, 485, 482, 491, 638, 534, 559, 552, 581, 572, 492, 460, 404, 553, 596, 637, 461, 520, 497, 544, 600, 485, 383, 508, 644, 603, 653, 518, 308, 532, 666, 560, 661, 632, 672, 588, 498, 473, 559, 485, 541, 345, 447, 548, 596, 482, 527, 538, 438, 436, 475, 545, 596, 515, 521, 557, 521, 466, 574, 425, 550, 628, 495, 537, 440, 629, 537, 600, 496, 604, 495, 443, 606, 516, 505, 653, 509, 417, 439, 535, 541, 453, 525, 466, 650, 599, 472, 477, 597, 470, 561, 480, 365, 519, 468, 517, 489, 584, 483, 585, 357, 497, 475, 487, 427, 682, 483, 509, 524, 499, 660, 493, 463, 480, 442, 649, 378, 635, 652, 596, 541, 344, 507, 581, 507, 520, 541, 609, 493, 619, 345, 470, 433, 626, 640, 675, 483, 564, 640, 479, 634, 588, 557, 541, 672, 556, 487, 623, 505, 611, 680, 541, 660, 463, 483, 479, 551, 511, 677, 673, 457, 659, 503, 459, 603, 544, 672, 588, 574, 589, 637, 581, 560, 461, 515, 463, 472, 563, 544, 457, 628, 629, 468, 470, 615, 598, 687, 613, 607, 557, 587, 441, 574, 646, 690, 682, 505, 518, 595, 652, 487, 536, 491, 583, 637, 693, 539, 566, 650, 438, 678, 682, 651, 607, 594, 511, 460, 501, 534, 529, 440, 672, 627, 701, 451, 688, 532, 557, 644, 619, 644, 696, 705, 693, 690, 675, 487, 711]

Cluster Number:
 [1, 2, 3, 4, 5, 6, 7, 8, 9, 10, 11, 12, 13, 14, 15, 16, 17, 18, 19, 20, 21, 22, 23, 24, 25, 26, 27, 28, 29, 30, 31, 32, 33, 34, 35, 36, 37, 38, 39, 40, 41, 42, 43, 44, 45, 46, 47, 48, 49, 50, 51, 52, 53, 54, 55, 56, 57, 58, 59, 60, 61, 62, 63, 64, 65, 66, 67, 68, 69, 70, 71, 72, 73, 74, 75, 76, 77, 78, 79, 80, 81, 82, 83, 84, 85, 86, 87, 88, 89, 90, 91, 92, 93, 94, 95, 96, 97, 98, 99, 100, 101, 102, 103, 104, 105, 106, 107, 108, 109, 110, 111, 112, 113, 114, 115, 116, 117, 118, 119, 120, 121, 122, 123, 124, 125, 126, 127, 128, 129, 130, 131, 132, 133, 134, 135, 136, 137, 138, 139, 140, 141, 142, 143, 144, 145, 146, 147, 148, 149, 150, 151, 152, 153, 154, 155, 156, 157, 158, 159, 160, 161, 162, 163, 164, 165, 166, 167, 168, 169, 170, 171, 172, 173, 174, 175, 176, 177, 178, 179, 180, 181, 182, 183, 184, 185, 186, 187, 188, 189, 190, 191, 192, 193, 194, 195, 196, 197, 198, 199, 200, 201, 202, 203, 204, 205, 206, 207, 208, 209, 210, 211, 212, 213, 214, 215, 216, 217, 218, 219, 220, 221, 222, 223, 224, 225, 226, 227, 228, 229, 230, 231, 232, 233, 234, 235, 236, 237, 238, 239, 240, 241, 242, 243, 244, 245, 246, 247, 248, 249, 250, 251, 252, 253, 254, 255, 256, 257, 258, 259, 260, 261, 262, 263, 264, 265, 266, 267, 268, 269, 270, 271, 272, 273, 274, 275, 276, 277, 278, 279, 280, 281, 282, 283, 284, 285, 286, 287, 288, 289, 290, 291, 292, 293, 294, 295, 296, 297, 298, 299, 300, 301, 302, 303, 304, 305, 306, 307, 308, 309, 310, 311, 312, 313, 314, 315]

Odds Ratio:

0.9962055029032313
1.1370405245169843
0.9555555555555557
1.216442953020134
1.1797297297297298
0.7715096123542389
0.9857210012927489
1.1517956312476865
0.9598846985347107
1.4765811805522995
0.8503856577027307
0.8252844052941436
1.455652173913044
1.0160691078663706
1.1003225806451618
1.393800530260875
0.808888888888889
0.9252452583387839
0.86992756663031
0.7835794975273316
0.9886422221875053
0.8353516194922673
0.8331840390879477
0.9434448070417052
1.232568760783518
1.088869510068178
1.1382935779816514
0.9095121951219514
0.8841816967267869
0.9571809693196974
1.1494480144999182
0.9478525175102418
0.8284511784511785
1.0397925422516323
0.5920541517633937
1.5142469470827684
1.0569105691056908
0.8381101968197487
1.128979720500158
1.0355219552609773
1.4215301051658389
1.025038719669592
0.9806901507791813
0.8922686945500633
0.6622943769487151
0.6438426162493611
1.0403488161937464
1.5039682539682542
0.905789065099257
0.8800626406968779
1.5616100280529805
1.01792867475242
1.1591606418621057
0.7167623146819706
0.842790762349506
0.9380569441425776
0.8131625337877543
0.8568215892053977
1.9015106340687726
1.0447159591888144
0.877005347593583
1.0622433786039795
0.979755538579068
1.181861680591851
1.0624617268830372
1.001817833907386
0.85681426106958
1.1440779014308426
1.2360330128786503
1.0087719298245614
1.053285543608124
1.1636274961389441
1.2709551656920075
0.8999409022260164
0.8889047211931222
0.9999363908148335
0.6979614282791078
0.5980422371916229
0.9653195876288662
1.0674712173455672
0.8844096971289664
0.9266565776672794
1.1272358150442792
0.7594418604651159
1.6807453416149076
1.1353915662650595
0.7419106317411405
1.2185287175452395
0.8789068322981366
1.101097136740701
1.3986560400062509
1.0924179212769813
1.0404312668463613
0.9524998039881873
0.9203007518796991
1.2498520534974555
0.9642672858617133
1.069589041095891
0.8483713870090446
1.1167874460489158
0.842889605242298
0.8741418764302064
0.9024996966387568
0.801893359320618
0.9428746928746926
0.9747869318181819
1.0139451192082776
0.815081748415082
1.0169999999999997
1.1700021612275768
1.5151898734177207
0.6339869281045747
0.7387627948375611
0.8720407947579792
1.5553144118692586
0.7594418604651159
1.0370989834907363
0.8682883548983361
1.0180368331118284
0.6792836922293967
0.9824153948241542
1.0748993288590603
1.1616708986189386
0.9369929328093949
0.8394338004003429
1.1211026136650142
1.2903363914373092
2.0368768074031225
0.9922142325812052
1.4842811727304843
0.9214591661907479
0.857509769535619
1.001481584772795
0.8946896992962251
0.8089890319504053
0.8978507606858248
0.7917760180995475
0.9449025974025976
0.8687710753091045
0.9743307197852651
1.0261202023697698
1.3271473354231977
1.146293907670156
0.8547341677132502
0.7521649484536085
1.0421015180265651
1.0126185788437436
1.0487076648841351
0.8832896101519128
0.4785224676313783
1.1995431893687707
0.7776324802291552
1.3257492889958422
1.0808015717092339
0.9683729456225596
1.1707995732533665
1.3988992731048802
0.9084187531507311
1.0903952419116718
0.9933875338753385
1.1054692031086883
0.9774999999999995
0.702530106812325
0.9937670858392564
0.8738199606124136
0.9846943048576213
0.9666800481734243
0.9469145233851115
1.005592841163311
0.8170749730006254
0.936576750160565
0.9978768577494691
1.0849290780141845
0.765998158313302
1.057600264069978
1.5171277997364956
1.0642276422764223
1.0439609633807863
1.1807133121308493
0.8428111455108359
0.760893045779872
1.3581420765027323
0.803432810074176
1.4291115311909268
0.9793126704395508
1.2383860414394767
0.9904701489309553
1.2272727272727266
0.8821553699849846
1.1847331933725025
1.2280769230769228
1.2853141256502603
0.7839962393251675
0.8647413933757545
0.6099490504863362
0.7087868592915098
1.5147411313518702
0.8981394503196869
0.9003732414585128
1.1587606837606843
0.8920630977518318
0.8747804706708817
0.8453900709219857
1.2686317693790063
0.6799202439596527
1.133016071149945
1.031780088852989
0.8392695652173914
1.1245567375886523
1.1313597872489332
0.7907987220447279
0.7634328358208959
0.670821256038647
1.072052626169185
1.052930197835013
1.3715624999999998
1.366172639279491
0.9549270170560873
0.936329588014981
1.224518524563408
0.9084187531507311
0.787698412698412
1.166796997184861
0.9438513945360841
0.9037616023448957
0.8254448974309196
0.8862520458265135
1.0771241830065348
1.0858821888187493
0.8200371057513914
1.0383092429528717
0.7949826256462411
1.0432264706723482
1.0479093616196502
0.9770316201462561
0.7120700569740447
1.5490341753343246
0.9031288513292587
0.8945371775417298
0.9654304389490396
0.9011044366365685
1.0224777015821784
0.8309402501157941
1.5795454545454553
1.1193568336425475
0.8324595395486668
0.9828423050034952
1.2507936507936506
2.330064443821798
0.6828358208955221
1.1623183668617956
0.8926451072151985
1.0916424699269094
0.9183737132161797
1.0065127294256955
1.33013879709187
1.473081865860859
1.4295020266357839
0.7399500340676807
0.8790849673202614
0.8940756784303733
0.8372954615622104
1.0220214568040653
0.7590520378457059
0.78130697629786
0.8678627395829144
0.5147895958313266
0.8142930153321976
0.5649442755825735
0.9846912298910224
0.8506870892401287
0.8748049052396877
1.2784590775793134
1.027017701770177
0.9742300439974856
1.3340802987861817
0.9958655641504397
1.068057258505311
1.0334169858671245
0.7711589679316454
1.0358187872061342
0.9573934837092734
1.2537136066547858
0.9996582365003418
1.022636925795053
1.050666666666666
1.0277954762663268
1.3338463511607037
1.2199413489736082
1.0618279569892468
1.4212276526938799
1.169251197420212
0.7627606666084987
1.181289355322339
0.9476680441933035
1.0235466536394728
1.1251245918542707
0.8498810090433129
1.0967741935483857
0.769390581717451
0.4898805278174032
1.2200250388403697
1.285189718482254
0.6361556064073229
1.1267619083998628
1.2329192546583854
1.2043330256173557
1.1420289855072467
1.5066312997347477
0.7211646136618147
0.7140369209334729
1.2880837359098252
1.0334050179211458
0.8461606712804526
1.0257383966244749
