Case Count:
 [231, 258, 193, 271, 259, 93, 332, 343, 343, 334, 270, 242, 146, 230, 276, 309, 304, 322, 345, 277, 336, 307, 295, 339, 295, 212, 349, 312, 385, 363, 311, 289, 114, 257, 282, 302, 176, 328, 269, 269, 230, 320, 355, 254, 240, 196, 372, 371, 390, 312, 280, 214, 338, 326, 327, 202, 210, 395, 265, 311, 318, 355, 305, 267, 322, 291, 320, 323, 254, 290, 330, 382, 336, 266, 343, 307, 289, 225, 382, 309, 386, 192, 260, 369, 394, 398, 261, 290, 402, 364, 395, 274, 376, 270, 420, 415, 386, 400]

Control Count:
 [434, 492, 354, 465, 325, 145, 557, 627, 626, 553, 406, 400, 326, 332, 438, 492, 500, 547, 606, 487, 537, 524, 513, 574, 508, 363, 565, 494, 569, 502, 452, 427, 177, 352, 461, 459, 232, 443, 432, 414, 383, 520, 605, 472, 441, 289, 612, 607, 577, 388, 426, 501, 554, 511, 521, 331, 400, 648, 375, 506, 582, 541, 598, 451, 566, 487, 532, 593, 447, 469, 528, 650, 604, 457, 589, 461, 492, 391, 615, 601, 621, 314, 410, 622, 659, 636, 456, 476, 627, 596, 634, 463, 633, 479, 687, 660, 681, 663]

Cluster Number:
 [1, 2, 3, 4, 5, 6, 7, 8, 9, 10, 11, 12, 13, 14, 15, 16, 17, 18, 19, 20, 21, 22, 23, 24, 25, 26, 27, 28, 29, 30, 31, 32, 33, 34, 35, 36, 37, 38, 39, 40, 41, 42, 43, 44, 45, 46, 47, 48, 49, 50, 51, 52, 53, 54, 55, 56, 57, 58, 59, 60, 61, 62, 63, 64, 65, 66, 67, 68, 69, 70, 71, 72, 73, 74, 75, 76, 77, 78, 79, 80, 81, 82, 83, 84, 85, 86, 87, 88, 89, 90, 91, 92, 93, 94, 95, 96, 97, 98]

Odds Ratio:

0.7523263027295286
0.683735345640749
0.828877865049837
0.9123527905785974
1.7842222222222222
1.0807056009567473
0.9525663182268163
0.5755416002126527
0.5821685303514373
1.0066305003013867
1.2670883493164662
1.0073096446700507
0.6144601017609246
1.3126188966391887
1.1211026136650142
1.14015009380863
1.0268444444444442
0.9106704792262381
0.7388877185590897
0.8461606712804526
1.1602755328958072
0.9054476058292851
0.8585797054364304
0.9095121951219514
0.8871937882764656
0.9390662734675549
1.1187217305801374
1.1636966431827596
1.9922866627611795
2.1502935625917377
1.4836144911504419
1.3581420765027323
1.0919426336375488
1.5083666333666328
1.0403028586429393
1.291891290173815
1.4307066998819982
1.901043255445062
1.0842047930283227
1.2001420858198355
0.991292615588342
1.0756302521008405
0.859208972845336
0.7446633073751717
0.7848767647762623
1.2252267646346848
1.052385133157741
1.08758116096521
2.082905952675698
2.152772140595827
1.2484129093217586
0.4309425593257928
1.05107767094399
1.2251181961449877
1.1600116534137648
1.0222698127398115
0.7519650655021833
1.1083052749719422
1.4336398467432951
1.0659893774703557
0.6592826105478401
1.4608089076665782
0.49480856586632055
0.9534239158459235
0.7877140527317207
0.9730145957045343
0.990712074303406
0.6339041693318603
0.8630993409516896
1.0748272062506259
1.1467889908256883
0.8042105263157892
0.6697100237896224
0.9117769823300994
0.8431840690435766
1.3470222835732595
0.9241734417344172
0.9061954729067573
1.2313792611610328
0.5022782541917318
1.254884088354146
1.024884602491039
1.1265840032702
0.8983463481855771
0.9167425392008092
1.4042030986347596
0.8746303962152571
1.0303987366758784
1.7501616448984858
1.0748993288590603
1.331015199311729
0.9504548727010933
0.8957095213019385
0.8305024026880461
1.3192369570213762
1.7815656565656584
0.5026459424265093
1.0055304172951232
