Case Count:
 [338, 341, 283, 349, 346, 357, 360, 364, 312, 330, 365, 336, 378, 370, 338, 337, 326, 313, 396, 294, 355, 354, 361, 246, 357, 361, 354, 282, 296, 344, 306, 339, 277, 335, 364, 383, 355, 299, 303, 301, 357, 360, 366, 336, 392, 340, 281, 305, 298, 317, 336, 319, 329, 373, 385, 274, 317, 385, 386, 368, 348, 278, 348, 325, 338, 339, 333, 314, 341, 317, 412, 386, 369, 358, 367, 318, 342, 316, 309, 364, 335, 342, 356, 346, 325, 334, 382, 323, 351, 320, 402, 369, 399, 379, 379, 357, 330, 402, 315, 342, 328, 375, 379, 382, 377, 353, 314, 400, 241, 302, 347, 371, 357, 397, 388, 323, 303, 295, 388, 363, 315, 367, 326, 396, 390, 319, 413, 395, 347, 300, 342, 334, 375, 388, 381, 389, 358, 303, 393, 371, 372, 420, 346, 369, 395, 398, 361, 362, 324, 394, 346, 386, 301, 406, 405, 380, 309, 315, 318, 369, 333, 308, 289, 385, 318, 336, 348, 372, 309, 322, 394, 380, 401, 381, 379, 316, 321, 359, 332, 321, 325, 356, 411, 404, 361, 384, 397, 416, 376, 398, 345, 275, 349, 308, 358, 328, 322, 346, 362, 384, 327, 397, 408, 327, 403, 307, 384, 380, 388, 405, 417, 378, 312, 403, 398, 420, 408, 359, 391, 416, 289, 394, 415]

Control Count:
 [565, 552, 512, 561, 597, 583, 581, 609, 582, 559, 595, 551, 590, 630, 578, 569, 510, 566, 585, 508, 562, 596, 609, 457, 625, 590, 613, 485, 490, 590, 502, 576, 447, 560, 595, 613, 575, 518, 497, 524, 588, 608, 616, 515, 587, 580, 471, 487, 544, 568, 568, 503, 548, 607, 623, 508, 545, 647, 644, 567, 616, 570, 494, 528, 538, 559, 552, 488, 556, 472, 634, 638, 593, 591, 603, 517, 567, 530, 567, 578, 592, 641, 573, 559, 578, 573, 635, 556, 600, 551, 649, 630, 638, 641, 639, 520, 589, 633, 569, 558, 555, 601, 652, 648, 644, 532, 559, 651, 415, 502, 590, 602, 587, 623, 646, 557, 533, 525, 627, 597, 518, 615, 527, 621, 643, 556, 640, 643, 582, 507, 571, 549, 612, 625, 598, 647, 596, 535, 635, 568, 624, 666, 525, 601, 661, 673, 570, 623, 522, 592, 561, 644, 516, 668, 673, 606, 502, 560, 498, 624, 485, 506, 482, 617, 513, 540, 578, 632, 532, 549, 627, 619, 629, 614, 618, 560, 519, 568, 560, 554, 497, 569, 661, 683, 599, 644, 660, 669, 623, 660, 632, 490, 595, 522, 588, 564, 497, 605, 564, 649, 559, 671, 682, 523, 675, 518, 647, 615, 642, 669, 673, 622, 541, 634, 622, 671, 682, 588, 586, 685, 464, 668, 677]

Cluster Number:
 [1, 2, 3, 4, 5, 6, 7, 8, 9, 10, 11, 12, 13, 14, 15, 16, 17, 18, 19, 20, 21, 22, 23, 24, 25, 26, 27, 28, 29, 30, 31, 32, 33, 34, 35, 36, 37, 38, 39, 40, 41, 42, 43, 44, 45, 46, 47, 48, 49, 50, 51, 52, 53, 54, 55, 56, 57, 58, 59, 60, 61, 62, 63, 64, 65, 66, 67, 68, 69, 70, 71, 72, 73, 74, 75, 76, 77, 78, 79, 80, 81, 82, 83, 84, 85, 86, 87, 88, 89, 90, 91, 92, 93, 94, 95, 96, 97, 98, 99, 100, 101, 102, 103, 104, 105, 106, 107, 108, 109, 110, 111, 112, 113, 114, 115, 116, 117, 118, 119, 120, 121, 122, 123, 124, 125, 126, 127, 128, 129, 130, 131, 132, 133, 134, 135, 136, 137, 138, 139, 140, 141, 142, 143, 144, 145, 146, 147, 148, 149, 150, 151, 152, 153, 154, 155, 156, 157, 158, 159, 160, 161, 162, 163, 164, 165, 166, 167, 168, 169, 170, 171, 172, 173, 174, 175, 176, 177, 178, 179, 180, 181, 182, 183, 184, 185, 186, 187, 188, 189, 190, 191, 192, 193, 194, 195, 196, 197, 198, 199, 200, 201, 202, 203, 204, 205, 206, 207, 208, 209, 210, 211, 212, 213, 214, 215, 216, 217, 218, 219, 220, 221, 222, 223]

Odds Ratio:

0.9654604398492946
1.109435078379178
0.765324519230769
1.1543473955238657
0.8163757857387296
1.0828138727356393
1.1529662955619941
0.9483524904214554
0.6162837892686092
0.9152976317473863
1.1025437201907786
1.0479093616196502
1.4494026118366214
0.8341384863123993
0.8684778512453324
0.9232399462421172
1.2331771646711787
0.7110045431600199
2.251162790697674
0.8780885147977194
1.248305371970852
0.9223845242795105
0.9043619216033004
0.7558417705014683
0.7174829268292684
1.0825293350717076
0.78130697629786
0.8999409022260164
1.0053946053946052
0.8469580731489741
1.0357966629721713
0.8945833333333335
1.0748888336509514
0.9663461538461537
1.084862745098039
1.2830633884875322
1.1245341614906832
0.8658301158301157
1.0355219552609773
0.8491536674410886
1.0365853658536581
0.8994003997335105
0.9115815691158161
1.3491940804976905
2.0034071550255534
0.8763497039359112
0.9704238221935553
1.1263753103067824
0.7148518982060909
0.7319325790810435
0.9189115274169288
1.189115308151094
0.9824153948241542
1.1265788028555739
1.2016229712858932
0.719160104986877
0.8724770642201832
0.8925811437403406
0.9499589827727649
1.471744044513998
0.6953046953046952
0.47863136101122383
1.8114517061885476
1.079877724614567
1.181861680591851
1.0248837209302324
1.0016406890894178
1.2354098360655739
1.0764204962560566
1.4092803556543476
2.262413833391749
1.0273851067605135
1.2000722717417496
1.024545131708132
1.056638105767459
1.0725897981041292
1.0011454753722795
0.9597791072250345
0.6749287749287748
1.259515570934256
0.7399948024948025
0.47853707962751507
1.160243066506865
1.1247811952988243
0.7398470224002918
0.8604670489487245
0.9815167840861998
0.8613867526668325
0.8509090909090911
0.8638228431118367
1.3225336276183721
0.8200000000000001
1.407131661442006
0.857332293291732
0.8797861241523216
1.7414634146341457
0.7144748524166291
1.6305879339054685
0.7098616701627074
1.0741602926504819
0.9210940670400134
1.2381707570715481
0.7362985685071574
0.8273770846870268
0.7931276297335208
1.5122399020807835
0.7594418604651159
1.2131237937689543
0.9180114396981869
0.9924099223543781
0.8822033898305084
1.1419288645690842
1.0457680641542357
1.5930979133226326
0.9657014508589818
0.8548412059679321
0.8151004304160689
0.7921296296296296
1.2255058323169774
1.0480692938376088
1.029860505666957
0.93656278229449
1.1003341673523537
1.5867880013481634
1.0521471419049737
0.822362110311751
2.1841346153846137
1.1867312314435179
0.9461751083221273
0.9407858328721639
0.9694332605123946
1.0371411223870242
1.1106004901960786
1.2537725490196086
1.4280359820089963
0.9740030911901087
0.978871488938603
0.8037245739417259
1.2512495720643613
1.5368682684341346
0.925373134328359
2.0578473210052186
1.4385663082437277
1.1139291656762547
0.9099504882409571
0.7933171456528822
1.2829059829059826
0.7923537137020283
1.1118440779610197
2.011411411411411
1.1075077147183405
0.9499589827727649
0.8961352657004829
1.10506260206859
0.9734725985490768
1.2966381383901102
1.0700888752681579
0.762096774193548
1.2137807428059348
0.8785714285714292
1.5739933865006812
1.0315300365084632
0.9833195020746889
1.2826400144066272
1.1014450727369387
1.1357065803667745
0.9924331723639684
0.8433780464764785
0.8757085020242915
0.897326919184843
1.4103845472266519
1.1341420004928675
1.6609070370680268
1.2196450634617546
1.1243257820927728
0.7707317073170727
1.0954736945233665
1.2640845070422533
0.9308411214953269
0.8544024964816745
1.3250555967383248
1.1985516759480803
1.4878430948778898
0.7605103534825347
0.9967253114164633
0.9106719367588937
0.9738816738816737
1.5951127575225867
1.0058855002675233
1.0001478196600146
0.5575006733099919
0.8144599303135888
0.866797385620915
0.9278465093153168
1.0523221634332742
0.8592422209443487
1.2791621524015893
0.7563849640095972
1.3670443032145154
0.8498669281411959
0.8826827242524916
0.8029593357462215
0.8877116639863774
1.144410680142038
0.878971193415637
0.9428746928746926
0.8740761556835751
1.1834091222268157
1.0191191741494108
1.0505143761540492
1.5490341753343246
1.0560328923093147
0.8491711179355812
1.6597441289870303
1.6543016234020864
1.8777943368107335
0.8877116639863774
1.0684523809523805
1.9739050056882819
1.1353855918755964
1.0962068965517244
0.7864271457085832
1.3026218611521427
