Case Count:
 [316, 326, 283, 314, 268, 280, 322, 306, 298, 366, 357, 317, 320, 286, 331, 322, 283, 351, 328, 249, 292, 338, 333, 337, 288, 241, 358, 342, 199, 343, 252, 271, 366, 354, 334, 330, 346, 294, 333, 236, 279, 247, 336, 326, 310, 315, 390, 273, 211, 381, 303, 337, 358, 227, 332, 282, 308, 336, 148, 300, 348, 345, 355, 297, 342, 287, 322, 248, 290, 260, 359, 318, 295, 271, 228, 369, 348, 318, 347, 233, 285, 333, 338, 341, 297, 281, 306, 214, 298, 236, 382, 230, 193, 391, 291, 325, 320, 303, 241, 244, 316, 297, 351, 369, 359, 307, 325, 280, 254, 387, 362, 364, 360, 277, 256, 339, 307, 320, 290, 349, 354, 323, 243, 394, 290, 296, 365, 379, 231, 400, 297, 287, 178, 270, 383, 348, 244, 280, 342, 225, 315, 335, 314, 268, 286, 270, 258, 301, 316, 268, 297, 329, 267, 343, 380, 285, 244, 337, 306, 409, 296, 395, 270, 208, 268, 301, 300, 297, 264, 286, 239, 347, 365, 342, 334, 362, 296, 259, 248, 315, 246, 280, 381, 282, 298, 334, 239, 283, 275, 313, 319, 382, 290, 300, 259, 319, 329, 354, 291, 327, 279, 220, 343, 247, 399, 305, 412, 360, 286, 374, 288, 305, 315, 309, 292, 380, 331, 409, 231, 288, 407, 336, 383, 383, 354, 309, 372, 196, 334, 341, 381, 287, 274, 372, 400, 308, 270, 324, 259, 398, 401, 390, 238, 404, 390, 351, 213, 268, 306, 417, 262, 402, 333, 259, 347, 245, 337, 312, 299, 397, 284, 303, 300, 291, 336, 313, 372, 353, 369, 266, 362, 337, 275, 383, 204, 359, 412, 417, 296, 396, 414, 414, 245, 369, 416, 362, 289, 297, 405, 359, 403, 356, 418, 404, 293, 423, 406, 420, 418, 412, 408, 408, 421, 429, 429]

Control Count:
 [507, 540, 512, 568, 414, 481, 550, 510, 499, 590, 600, 540, 529, 490, 483, 507, 454, 546, 556, 371, 507, 578, 564, 592, 482, 361, 620, 595, 318, 602, 469, 495, 633, 613, 552, 557, 583, 488, 557, 411, 467, 404, 620, 603, 440, 490, 605, 452, 366, 627, 497, 509, 591, 404, 562, 471, 568, 608, 262, 431, 545, 578, 597, 507, 580, 455, 543, 398, 438, 439, 631, 574, 508, 494, 409, 628, 616, 517, 491, 523, 476, 539, 543, 561, 496, 463, 500, 355, 518, 353, 618, 388, 275, 639, 492, 558, 531, 490, 411, 465, 531, 482, 544, 552, 576, 477, 578, 419, 403, 601, 618, 596, 596, 480, 409, 551, 502, 551, 520, 592, 561, 535, 383, 663, 461, 514, 615, 639, 350, 652, 508, 477, 298, 482, 645, 600, 409, 492, 588, 434, 455, 563, 559, 440, 469, 472, 415, 483, 500, 477, 459, 546, 441, 549, 611, 455, 488, 569, 523, 658, 511, 673, 481, 356, 490, 516, 507, 495, 451, 513, 380, 590, 635, 600, 524, 595, 495, 429, 433, 534, 396, 454, 598, 453, 505, 583, 405, 470, 455, 482, 510, 615, 477, 514, 413, 517, 483, 577, 463, 520, 474, 357, 516, 446, 677, 507, 666, 603, 491, 599, 456, 494, 531, 480, 442, 649, 484, 679, 410, 442, 654, 555, 596, 651, 547, 513, 628, 308, 575, 535, 596, 452, 433, 640, 636, 522, 463, 508, 510, 648, 684, 665, 322, 677, 670, 584, 369, 483, 511, 673, 454, 683, 594, 438, 572, 430, 571, 544, 510, 561, 536, 555, 515, 440, 516, 457, 588, 565, 651, 428, 598, 580, 557, 664, 441, 610, 688, 682, 499, 628, 688, 675, 452, 590, 682, 499, 447, 499, 654, 584, 679, 504, 670, 694, 451, 664, 688, 705, 696, 711, 661, 675, 697, 711, 712]

Cluster Number:
 [1, 2, 3, 4, 5, 6, 7, 8, 9, 10, 11, 12, 13, 14, 15, 16, 17, 18, 19, 20, 21, 22, 23, 24, 25, 26, 27, 28, 29, 30, 31, 32, 33, 34, 35, 36, 37, 38, 39, 40, 41, 42, 43, 44, 45, 46, 47, 48, 49, 50, 51, 52, 53, 54, 55, 56, 57, 58, 59, 60, 61, 62, 63, 64, 65, 66, 67, 68, 69, 70, 71, 72, 73, 74, 75, 76, 77, 78, 79, 80, 81, 82, 83, 84, 85, 86, 87, 88, 89, 90, 91, 92, 93, 94, 95, 96, 97, 98, 99, 100, 101, 102, 103, 104, 105, 106, 107, 108, 109, 110, 111, 112, 113, 114, 115, 116, 117, 118, 119, 120, 121, 122, 123, 124, 125, 126, 127, 128, 129, 130, 131, 132, 133, 134, 135, 136, 137, 138, 139, 140, 141, 142, 143, 144, 145, 146, 147, 148, 149, 150, 151, 152, 153, 154, 155, 156, 157, 158, 159, 160, 161, 162, 163, 164, 165, 166, 167, 168, 169, 170, 171, 172, 173, 174, 175, 176, 177, 178, 179, 180, 181, 182, 183, 184, 185, 186, 187, 188, 189, 190, 191, 192, 193, 194, 195, 196, 197, 198, 199, 200, 201, 202, 203, 204, 205, 206, 207, 208, 209, 210, 211, 212, 213, 214, 215, 216, 217, 218, 219, 220, 221, 222, 223, 224, 225, 226, 227, 228, 229, 230, 231, 232, 233, 234, 235, 236, 237, 238, 239, 240, 241, 242, 243, 244, 245, 246, 247, 248, 249, 250, 251, 252, 253, 254, 255, 256, 257, 258, 259, 260, 261, 262, 263, 264, 265, 266, 267, 268, 269, 270, 271, 272, 273, 274, 275, 276, 277, 278, 279, 280, 281, 282, 283, 284, 285, 286, 287, 288, 289, 290, 291, 292, 293, 294, 295, 296, 297, 298, 299, 300, 301, 302, 303, 304, 305]

Odds Ratio:

1.1198665832812174
1.0043920026220912
0.765324519230769
0.7076056338028167
1.1886883069186653
0.9043005269420366
0.890691530691531
0.9834586466165415
0.9699114541139015
1.1726956117947531
0.9287804878048781
0.9046144505160895
1.0115804355768776
0.9079365079365078
1.554616210413312
1.1996493534955077
1.0948548514627812
1.3295454545454544
0.914122755849375
1.261072492552135
0.8658642944357231
0.8684778512453324
0.9134885588117222
0.759009009009009
0.9734274958094036
1.2374017180111363
0.7698924731182796
0.788114008489994
1.069051362683438
0.7478197674418607
0.744193471146939
0.7592953342953342
0.7524508212685842
0.78130697629786
1.0142167011732233
0.9294549766936245
0.9253213818034265
0.9971735443753535
0.9644490362792593
0.8966715807893759
0.9745583511777302
1.0317141089108908
0.5682430316316945
0.5980422371916229
1.572938689217759
1.2338709677419348
1.6181480856805526
1.0042115364111315
0.9153245134694662
1.0581587196832203
1.0355219552609773
1.4215301051658389
1.024545131708132
0.8587240799551653
0.9164865134532876
0.9800803278023449
0.6622943769487151
0.6438426162493611
0.9045932688019727
1.48725567110117
1.2840810565581207
0.9524773614076422
0.9273550291138231
0.9117009750812569
0.8996800568787774
1.1328947368421054
0.9376524846138107
1.0765871241021867
1.2886518954368547
0.956210788867538
0.6898375594294767
0.7050997782705103
0.8871937882764656
0.7640977443609024
0.842790762349506
0.8393994540491355
0.6953046953046952
1.0725897981041292
1.8205746922872572
0.4433440383151721
0.979755538579068
1.101568243077677
1.140163740130919
1.0358143257302919
0.978305315765561
1.0179210979577333
1.049142857142857
0.999336463223787
0.85681426106958
1.2350158389036967
1.192868903650713
0.9643368026439109
1.2923725055432376
1.1345526864893063
0.943144363876071
0.8685468150663396
0.9976419946509681
1.0821428571428569
0.9387918110545848
0.7077143644885582
0.9531333731416409
1.0674712173455672
1.3490975935828875
1.6807453416149076
1.184201388888889
1.2238263134489547
0.7398470224002918
1.2986896023776289
1.1072362685265906
1.572667349289646
0.8368007397133609
1.0748993288590603
1.0092600458754566
0.8834362139917697
1.0910791347682605
1.0889836660617063
1.047054207412773
0.8638228431118367
0.7785234899328859
0.8908408408408408
1.2397609311104116
1.0044956493715758
1.1167874460489158
0.8583877995642702
1.1272547278312395
0.8617996789203013
0.9062843331136011
0.8797861241523216
1.1994230769230767
1.1955324838760413
0.905789065099257
0.9935589760564935
0.9840829026202783
0.8153895258906433
0.8800941306755266
0.815824175824176
0.9759388126136292
0.8447103338957918
0.8394698085419734
0.7122399758818211
1.5241935483870963
0.9440326547342532
0.7594418604651159
1.0258373205741627
1.0322895327285142
0.866512887373383
1.0750715569460163
1.1063852131905063
1.171512195121951
0.8246962619686881
1.2257663628831814
0.9969696969696972
1.0102436323366555
1.164940042501518
1.2333213126577713
1.1103896103896105
0.6153846153846154
0.9232399462421172
0.9018243505513304
1.450354609929077
0.8790113995593449
0.7336552748885581
0.8204062050215899
0.940901794834379
0.7612364243943188
0.8961352657004829
0.9407858328721639
0.9845070422535209
0.9265505226480834
0.7834218807731018
1.0943684210526314
0.8822033898305084
0.7223877420727811
0.7521649484536085
1.2383860414394767
1.0508785332314743
0.9743307197852651
1.0028619528619527
0.8846111991100686
0.9228887277999275
1.0686135971110067
1.0628099631507495
1.4280359820089963
1.0903952419116718
0.9332771575029843
0.7911459609572816
0.9530493827160493
0.9958265139116202
1.00609756097561
1.2678324441809918
1.136307189542484
1.2313792611610328
1.0241582598173709
0.8985807462979031
1.097457627118644
1.0849290780141845
1.5171277997364956
1.0898970333367317
1.125372132391571
1.167857142857143
0.9344145569620254
1.0439609633807863
1.467942506459948
0.8134108744394617
0.7514401772525844
0.9921546115575967
1.4205316427538643
0.9446438692612878
0.9022802603729881
1.239142160010274
1.1376786336702684
1.078161822466614
0.942454893384363
1.2280769230769228
1.2853141256502603
0.7839962393251675
1.545071931435568
0.9838487972508582
0.8613742964352722
1.2341254382547724
1.4391246177370018
1.0168459721857783
1.5147411313518702
0.8089477726574499
1.378083664910205
0.996176338281601
0.8841144595493867
1.099887766554433
0.846409937888199
1.2552546252145715
1.454871557509836
1.1529459711224965
1.1313597872489332
0.7634328358208959
1.483631672310917
0.9278465093153168
0.9144120541362611
1.2201300924340983
0.6150544662309368
1.1984342065642883
0.6788242536164973
0.754027926960258
1.492969932943976
0.8695505380882035
0.6890039597928729
0.9834993773349934
0.9169364702496584
0.7949826256462411
0.9770316201462561
1.5490341753343246
0.8933522486871248
0.7158402912429265
0.7086906803887937
0.9526889903602233
1.0286561264822134
0.8752097818268999
0.9084337763126268
0.8309402501157941
0.9129131652661066
2.813810372633901
0.6563312469908522
0.6944753577106519
0.8926451072151985
1.2869778869778874
1.3402573944456986
1.473081865860859
1.3219616204690834
1.1841736982918292
0.6235023041474653
1.0777375614499483
1.0220214568040653
0.8430696416497637
0.5147895958313266
0.6592082616179005
0.5649442755825735
0.8680737704918029
0.887166236003445
1.2784590775793134
0.9499278276833386
1.4664494149014953
0.9627906976744182
1.3002666666666645
0.7711431438737342
1.2329782082324459
1.2199413489736082
2.1575098248444933
1.2111707680835195
0.9598492760168224
1.347814355099837
1.106506849315068
0.807846506300114
1.906291834002677
1.723098791755511
0.5655002058460262
1.2325881602527107
2.5481927710843406
0.715292459478506
0.7211646136618147
0.9151614668856048
0.3648486742720218
1.3340490947245125
1.0334050179211458
1.0402518731069663
1.0257383966244749
0.9640449438202272
