Case Count:
 [350, 338, 343, 283, 354, 348, 346, 360, 320, 347, 312, 330, 319, 293, 376, 347, 328, 351, 333, 304, 326, 374, 313, 396, 295, 303, 365, 353, 336, 367, 323, 361, 365, 283, 296, 332, 306, 277, 334, 328, 364, 326, 368, 358, 355, 298, 303, 322, 357, 366, 351, 384, 340, 282, 305, 308, 337, 363, 258, 318, 317, 325, 284, 369, 297, 371, 267, 353, 386, 305, 316, 407, 339, 384, 331, 278, 359, 369, 333, 340, 262, 315, 287, 334, 313, 369, 297, 350, 353, 386, 318, 312, 341, 316, 310, 358, 276, 288, 302, 331, 365, 382, 357, 283, 309, 365, 365, 377, 367, 376, 326, 279, 310, 342, 358, 356, 339, 388, 273, 365, 323, 314, 337, 350, 285, 380, 349, 276, 351, 316, 381, 319, 394, 400, 369, 363, 389, 390, 373, 390, 384, 319, 332, 299, 307, 346, 354, 376, 279, 381, 291, 389, 276, 353, 341, 270, 359, 268, 367, 371, 420, 377, 396, 355, 303, 350, 409, 346, 396, 332, 410, 290, 305, 342, 397, 328, 367, 240, 320, 379, 322, 397, 328, 311, 309, 376, 284, 349, 370, 361, 393, 391, 416, 417, 385, 345, 275, 358, 322, 362, 362, 334, 275, 415, 330, 411, 318, 293, 394, 388, 387, 276, 372, 398, 419, 362, 335, 393, 380, 289, 253, 394, 353, 389, 369, 377, 310, 363, 409, 292, 347]

Control Count:
 [572, 567, 540, 512, 621, 555, 569, 581, 534, 528, 582, 559, 524, 466, 612, 532, 556, 558, 569, 517, 510, 640, 566, 585, 513, 536, 610, 581, 571, 625, 577, 590, 596, 485, 489, 577, 502, 447, 561, 542, 595, 603, 568, 518, 575, 518, 497, 564, 588, 616, 547, 574, 580, 440, 542, 568, 508, 564, 510, 541, 497, 562, 477, 612, 527, 578, 500, 595, 651, 524, 516, 613, 603, 658, 475, 570, 576, 606, 548, 567, 422, 534, 456, 497, 551, 593, 500, 574, 574, 625, 519, 477, 562, 530, 570, 541, 474, 449, 537, 567, 596, 628, 614, 461, 537, 625, 594, 643, 621, 629, 573, 509, 514, 558, 592, 590, 561, 627, 453, 556, 473, 559, 545, 572, 477, 649, 568, 438, 578, 593, 595, 542, 671, 656, 619, 597, 645, 609, 610, 649, 638, 524, 549, 503, 601, 579, 563, 605, 460, 607, 489, 647, 477, 578, 555, 495, 598, 486, 600, 569, 666, 612, 661, 559, 494, 524, 630, 561, 647, 550, 677, 497, 494, 547, 641, 483, 503, 401, 490, 546, 549, 654, 559, 488, 493, 630, 502, 562, 638, 599, 664, 654, 670, 672, 629, 632, 490, 588, 514, 564, 683, 547, 490, 687, 577, 662, 537, 511, 636, 659, 665, 481, 567, 622, 671, 618, 574, 667, 548, 464, 480, 668, 565, 589, 651, 623, 529, 611, 676, 525, 582]

Cluster Number:
 [1, 2, 3, 4, 5, 6, 7, 8, 9, 10, 11, 12, 13, 14, 15, 16, 17, 18, 19, 20, 21, 22, 23, 24, 25, 26, 27, 28, 29, 30, 31, 32, 33, 34, 35, 36, 37, 38, 39, 40, 41, 42, 43, 44, 45, 46, 47, 48, 49, 50, 51, 52, 53, 54, 55, 56, 57, 58, 59, 60, 61, 62, 63, 64, 65, 66, 67, 68, 69, 70, 71, 72, 73, 74, 75, 76, 77, 78, 79, 80, 81, 82, 83, 84, 85, 86, 87, 88, 89, 90, 91, 92, 93, 94, 95, 96, 97, 98, 99, 100, 101, 102, 103, 104, 105, 106, 107, 108, 109, 110, 111, 112, 113, 114, 115, 116, 117, 118, 119, 120, 121, 122, 123, 124, 125, 126, 127, 128, 129, 130, 131, 132, 133, 134, 135, 136, 137, 138, 139, 140, 141, 142, 143, 144, 145, 146, 147, 148, 149, 150, 151, 152, 153, 154, 155, 156, 157, 158, 159, 160, 161, 162, 163, 164, 165, 166, 167, 168, 169, 170, 171, 172, 173, 174, 175, 176, 177, 178, 179, 180, 181, 182, 183, 184, 185, 186, 187, 188, 189, 190, 191, 192, 193, 194, 195, 196, 197, 198, 199, 200, 201, 202, 203, 204, 205, 206, 207, 208, 209, 210, 211, 212, 213, 214, 215, 216, 217, 218, 219, 220, 221, 222, 223, 224, 225, 226, 227, 228, 229, 230, 231]

Odds Ratio:

1.0725229826353422
0.9502505806136169
1.2439043209876541
0.765324519230769
0.7175902244955955
1.1920403920403921
1.039628096830886
1.1529662955619941
0.9769300978818499
1.4286890645586299
0.6162837892686092
0.9152976317473863
1.0349236641221378
1.1283144217767067
1.131237680257288
1.3895881006864992
0.914122755849375
1.2151759530791784
0.8778558875219684
0.9190343147789953
1.2331771646711787
0.7911538461538465
0.7110045431600199
2.251162790697674
0.8585797054364304
0.7980684811237925
0.9541426672574208
1.0385261978145133
0.8969445530750005
0.8400222222222229
0.7286947947170266
1.0825293350717076
1.0924179212769813
0.908921490880254
1.011683612910607
0.8119988985892227
1.0357966629721713
1.0748888336509514
0.9469145233851115
1.0140620325122172
1.084862745098039
0.5980422371916229
1.4600277722674078
1.7917917917917912
1.1245341614906832
0.85681426106958
1.0355219552609773
0.8002667151603322
1.0365853658536581
0.9115815691158161
1.319823001495762
1.8731707317073174
0.8763497039359112
1.1756803705848293
0.7811037065594535
0.6622943769487151
1.4308321753898414
1.3888577827547586
0.6092947676308094
0.9084187531507311
1.2076887554837215
0.8420740463257789
0.9641441806992629
0.9991596638655464
0.7977256327337842
1.4158864237736628
0.7078604651162789
0.9175102599179206
0.8614323392168793
0.8861228210094564
1.0555240436125286
2.3860623980424127
0.7027363184079599
0.7427466150870407
1.6324171539961014
0.47863136101122383
1.184201388888889
1.0612446958981614
1.031882660790525
0.9751839381469011
1.0733392240340585
0.9228887277999275
1.126269621421976
1.4784708249496983
0.7979863451732779
1.2000722717417496
0.9537464788732394
1.0550835845437105
1.1012478729438457
1.200241509433963
1.0583289542827117
1.2927252018026045
1.027779795192098
0.9597791072250345
0.6661226710186318
1.5277150224778069
0.9073541974062282
1.185150223454623
0.7840530658293572
0.8702560585276635
1.0924179212769813
1.0671583417141577
0.808333995392071
1.0506841314867348
0.8454232917920066
0.8128648648648649
1.1127036127036123
0.8038177895951442
0.8782653426373239
0.9393595275948217
0.780398152867226
0.7502578585461692
1.0005127741079234
1.0741602926504819
1.0153486820153483
1.0032264651827647
1.0091443850267379
1.2255058323169774
0.9983643181999523
1.5258603927668675
1.501148210250055
0.7594418604651159
1.1093901780895845
1.0725229826353422
0.9738217757085682
0.7839962393251675
1.0923317683881062
1.1211026136650142
1.035113243158226
0.5848722905441532
1.468356997971603
0.9122693726937271
0.7437655240933935
1.1257035647279545
0.9282483267943693
1.0480692938376088
1.001147286821706
1.55524278676988
1.09324391455539
0.9688374579415736
0.9848959817611856
1.0349236641221378
1.011660963859524
0.9553393922181198
0.49146624313013676
0.9574163834568317
1.2205621147215542
1.2133805588351043
1.0159239130434785
1.3094642958586602
0.9609932017907481
0.9740030911901087
0.8909981865185015
1.0652208899975861
1.0846295274866706
0.7520172135556752
0.9755434782608695
0.7804009337472624
1.087407407407408
1.5245787242840902
2.0578473210052186
1.152540586126924
0.9334693733947859
1.2776854928017713
1.0553405572755414
1.531006089716099
2.1207407407407386
1.1075077147183405
1.1529420222134363
1.0041801189464743
1.0650435491264696
0.9046223650628603
1.078161822466614
1.1666635255093387
1.2829284599955426
1.498890194542369
2.2800695825049715
0.9834709708141705
1.306122448979592
2.105555555555556
0.897326919184843
1.0695354594437159
0.8933584747538235
1.1949282786885247
1.133016071149945
0.928395061728395
0.8248811206785761
1.1453934361407667
0.7564399618372635
0.9967253114164633
0.8234677841801992
0.9216997961264013
1.5657365347177186
1.5795454545454553
1.1221515633280337
0.5575006733099919
0.8144599303135888
1.0523221634332742
1.145831254780671
1.3670443032145154
0.3097488163373961
1.0525637677374424
0.8144599303135888
1.031962639495392
0.7922980299874393
1.463422529132498
0.9347615310032781
0.8522236817414152
1.2665269042627532
0.7965723466928502
0.7050607287449395
0.8695075443541703
1.5765616362631292
1.6543016234020864
1.779657228017887
0.8368007397133609
0.8642120075046906
0.7813375920735288
2.115551156748732
1.0962068965517244
0.7027777777777777
0.7864271457085832
1.1841736982918292
1.8360271646859083
0.6235023041474653
1.024827836172527
0.9040019929367975
0.9146136618141093
1.0487179487179474
0.7680725623582767
0.9461751083221273
