Case Count:
 [257, 283, 354, 297, 365, 253, 293, 332, 376, 248, 360, 289, 333, 359, 317, 338, 258, 296, 352, 305, 339, 324, 242, 333, 276, 296, 252, 334, 378, 356, 332, 364, 367, 325, 313, 353, 309, 378, 303, 374, 328, 290, 272, 304, 327, 268, 341, 350, 361, 321, 270, 315, 325, 356, 250, 346, 322, 356, 285, 231, 381, 351, 368, 343, 324, 380, 384, 320, 183, 329, 353, 213, 261, 386, 346, 315, 336, 309, 369, 295, 303, 277, 331, 337, 297, 276, 369, 375, 354, 397, 275, 322, 335, 354, 345, 297, 386, 294, 328, 184, 243, 284, 348, 380, 340, 351, 308, 372, 323, 301, 282, 316, 384, 341, 349, 356, 313, 329, 389, 384, 362, 383, 417, 296, 367, 290, 386, 354, 369, 335, 334, 350, 327, 275, 282, 392, 313, 261, 375, 411, 361, 382, 399, 304, 357, 372, 347, 381, 416, 375, 320, 412, 415]

Control Count:
 [431, 512, 621, 505, 598, 442, 466, 543, 612, 349, 580, 454, 567, 562, 555, 541, 470, 514, 601, 527, 559, 541, 450, 562, 472, 489, 403, 559, 534, 588, 499, 567, 668, 603, 482, 472, 397, 625, 497, 551, 560, 498, 453, 516, 486, 419, 573, 579, 566, 536, 431, 491, 562, 581, 426, 611, 509, 560, 488, 443, 643, 574, 567, 549, 526, 637, 658, 412, 439, 539, 571, 360, 440, 638, 548, 514, 554, 567, 569, 503, 498, 473, 529, 553, 524, 479, 584, 640, 590, 641, 512, 514, 591, 588, 604, 523, 665, 404, 529, 298, 402, 477, 590, 649, 555, 578, 535, 582, 557, 516, 511, 558, 629, 559, 557, 578, 513, 443, 638, 638, 599, 663, 635, 472, 593, 542, 614, 579, 566, 575, 486, 524, 564, 503, 462, 654, 507, 434, 607, 643, 629, 606, 662, 498, 546, 584, 606, 642, 688, 642, 482, 667, 682]

Cluster Number:
 [1, 2, 3, 4, 5, 6, 7, 8, 9, 10, 11, 12, 13, 14, 15, 16, 17, 18, 19, 20, 21, 22, 23, 24, 25, 26, 27, 28, 29, 30, 31, 32, 33, 34, 35, 36, 37, 38, 39, 40, 41, 42, 43, 44, 45, 46, 47, 48, 49, 50, 51, 52, 53, 54, 55, 56, 57, 58, 59, 60, 61, 62, 63, 64, 65, 66, 67, 68, 69, 70, 71, 72, 73, 74, 75, 76, 77, 78, 79, 80, 81, 82, 83, 84, 85, 86, 87, 88, 89, 90, 91, 92, 93, 94, 95, 96, 97, 98, 99, 100, 101, 102, 103, 104, 105, 106, 107, 108, 109, 110, 111, 112, 113, 114, 115, 116, 117, 118, 119, 120, 121, 122, 123, 124, 125, 126, 127, 128, 129, 130, 131, 132, 133, 134, 135, 136, 137, 138, 139, 140, 141, 142, 143, 144, 145, 146, 147, 148, 149, 150, 151, 152, 153]

Odds Ratio:

0.973062899977053
0.765324519230769
0.7175902244955955
0.9235950355598941
1.0722679200940068
0.8801391524351676
1.1283144217767067
1.0571246622261234
1.131237680257288
1.410042154847807
1.1628109995635094
1.1627900146842878
0.8920335429769393
1.3254893238434158
0.8099394476443657
1.1567504255046577
0.7824615022922297
0.8617996789203013
0.8549735115803164
0.8681214421252371
1.0248837209302324
0.9738487503013743
0.7588945290468132
0.9279191566507754
0.9183737132161797
1.011683612910607
1.0867690184578227
0.9616832779623475
2.251243322895562
1.0212277682157196
1.4239319761017364
1.3781069958847731
0.4578343313373257
0.5909778592418026
1.2678324441809918
2.2262514781237677
1.9817670993993413
1.0212196721311482
1.0355219552609773
1.8483317045930485
0.8864864864864864
0.8988976038381714
0.9887509748714494
0.9251794430089001
1.4538139329806001
1.1558011975045008
0.9412508458880936
1.0120121868389904
1.3246806197336227
0.9744497849734379
1.100921209791458
1.2261842191708818
0.8420740463257789
1.085208303091885
0.9377251161288718
0.7124227865477006
1.1841217067150274
1.2867469879518065
0.91015541835214
0.7144795103316551
0.8683702472247551
1.0701219512195121
1.471744044513998
1.164940042501518
1.0819639609852871
0.9200968523002423
0.7427466150870407
2.062494900872971
0.4705918992027336
1.0487603305785125
1.1285993564941146
0.9634218289085547
0.9597548518896833
1.0273851067605135
1.2220390864139392
1.0576440316304752
1.0245697662192004
0.6749287749287748
1.4730354004519213
0.9163767395626243
1.0289688164422395
0.9218150497220265
1.152926556045649
1.0455448001985608
0.81426728308784
0.8802079997950742
1.2998043052837576
0.8056640625000003
0.9741176470588233
1.2829284599955426
0.7074123475609756
1.145831254780671
0.7466972536769492
0.9915966386554619
0.7534873890376212
0.8198233377319365
0.6899702085402187
1.6260839877091158
1.1115993119773842
1.041189630214502
1.0054066402680473
0.9641441806992629
0.8944682436207859
0.7839962393251675
1.0705250705250708
1.035113243158226
0.8481700791895552
1.3928296661024773
0.8548412059679321
0.8961352657004829
0.7627606666084987
0.7827024506804203
1.098887122416534
1.0519696250593258
1.1904847396768405
1.1131029307541587
1.041105851047371
1.9241740201108153
1.0974921630094046
0.9848959817611856
1.0124666652212562
0.6705182072829133
2.7760200429491793
1.122673936233258
1.1604131534569988
0.6679214443151142
1.3522217442074858
1.0717464187747638
1.5087834427057045
0.8571070234113715
1.5839310209680586
1.531006089716099
0.8489741641337386
0.7500727343257529
1.0341632889403594
0.9437178736417461
1.0828245828245828
0.9932946719826022
1.1680137973640858
1.9404021328593635
0.7284456402103455
1.349198077702507
0.9944864048338368
1.0400118994496503
1.4512195121951217
1.3690451850337355
0.7593270196584874
0.8799548823718986
1.0515672396359976
0.7849007009345799
1.3724327905436038
1.3955244599922256
1.1663000977517117
