Case Count:
 [0, 0, 0, 0, 0, 0, 0, 0, 0, 0, 0, 0, 51, 0, 0, 0, 0, 0, 0, 0, 0, 0, 0, 0, 0, 0, 0, 0, 0, 0, 0, 0, 0, 0, 0, 0, 0, 0, 0, 0, 0, 0, 0, 0, 0, 0, 0, 0, 0, 0, 0, 0, 0, 0, 0, 0, 0, 0, 0, 0, 0, 0, 0, 0, 0, 0, 0, 0, 0, 0, 0, 0, 0, 0, 0, 0, 0, 0, 0, 0, 0, 0, 0, 0, 0, 0, 0, 115, 0, 0, 0, 0, 0, 0, 49, 0, 0, 0, 106, 0, 49, 0, 0, 0, 56, 0, 149, 84, 51, 153, 61, 19, 139, 142, 34, 65, 105, 60, 28, 101, 2, 52, 52, 30, 78, 83, 154, 90, 73, 45, 8, 83, 27, 139, 82, 43, 180, 73, 59, 195]

Control Count:
 [0, 0, 0, 0, 0, 0, 0, 0, 0, 0, 0, 0, 85, 0, 0, 0, 0, 0, 0, 0, 0, 0, 0, 0, 0, 0, 0, 0, 0, 0, 0, 0, 0, 0, 0, 0, 0, 0, 0, 0, 0, 0, 0, 0, 0, 0, 0, 0, 0, 0, 0, 0, 0, 0, 0, 0, 0, 0, 0, 0, 0, 0, 0, 0, 0, 0, 0, 0, 0, 0, 0, 0, 0, 0, 0, 0, 0, 0, 0, 0, 0, 0, 0, 0, 0, 0, 0, 196, 0, 0, 0, 0, 0, 0, 72, 0, 0, 0, 186, 0, 88, 0, 0, 0, 95, 0, 222, 105, 80, 238, 137, 35, 234, 235, 51, 122, 197, 109, 61, 165, 7, 71, 86, 53, 140, 110, 238, 142, 139, 80, 16, 113, 43, 246, 117, 66, 247, 103, 122, 288]

Cluster Number:
 [13, 88, 95, 99, 101, 105, 107, 108, 109, 110, 111, 112, 113, 114, 115, 116, 117, 118, 119, 120, 121, 122, 123, 124, 125, 126, 127, 128, 129, 130, 131, 132, 133, 134, 135, 136, 137, 138, 139, 140]

Odds Ratio:

nan
nan
nan
nan
nan
nan
nan
nan
nan
nan
nan
nan
0.9943298969072164
nan
nan
nan
nan
nan
nan
nan
nan
nan
nan
nan
nan
nan
nan
nan
nan
nan
nan
nan
nan
nan
nan
nan
nan
nan
nan
nan
nan
nan
nan
nan
nan
nan
nan
nan
nan
nan
nan
nan
nan
nan
nan
nan
nan
nan
nan
nan
nan
nan
nan
nan
nan
nan
nan
nan
nan
nan
nan
nan
nan
nan
nan
nan
nan
nan
nan
nan
nan
nan
nan
nan
nan
nan
nan
0.963403880070547
nan
nan
nan
nan
nan
nan
1.144729344729345
nan
nan
nan
0.927572734024347
nan
0.9137529137529138
nan
nan
nan
0.9742476295176584
nan
1.1710779745262503
1.4039436619718313
1.0646907216494843
1.1013986013986015
0.6961534005329627
0.8957142857142856
0.9781481481481481
1.003023139193352
1.11440329218107
0.863285701762076
0.8473661813428982
0.8990341555517901
0.7449244146623589
1.0195983503675812
0.47139588100686497
1.243367179823125
1.0030647196682894
0.9341698574525995
0.9074792243767313
1.3098569969356486
1.112487100103199
1.064207595141047
0.8451664897590125
0.9251269035532994
0.8259860788863108
1.2688923138112758
1.0439715511402123
0.9078319783197832
1.199502023031435
1.0891490664217938
1.3533834586466165
1.2102764072364582
0.7712251941328732
1.2209699453551914
