Case Count:
 [14, 1, 1, 3, 0, 0, 40, 51, 22, 12, 65, 0, 13, 10, 0, 52, 0, 98, 6, 24, 78, 73, 4, 100, 47, 5, 8, 1, 4, 0, 16, 0, 0, 23, 6, 18, 0, 0, 0, 0, 0, 0, 0, 0, 0, 0, 66, 17, 58, 7, 24, 7, 18, 103, 79, 0, 0, 0, 0, 0, 0, 0, 0, 0, 0, 0, 0, 3, 0, 1, 0, 0, 0, 0, 0, 0, 0, 0, 0, 0, 0, 0, 0, 0, 0, 0, 0, 0, 0, 0, 0, 0, 0, 0, 0, 0, 0, 1, 0, 0, 0, 0, 0, 0, 0, 0, 0, 0, 0, 0, 0, 0, 0, 0, 0, 0, 0, 0, 0, 0, 0, 0, 0, 0, 0, 0, 0, 0, 0, 0, 0, 0, 0, 0, 0, 0, 0, 0, 0, 0, 0, 0, 0, 0]

Control Count:
 [14, 2, 2, 3, 0, 0, 80, 69, 33, 31, 100, 0, 19, 32, 0, 74, 0, 169, 6, 54, 130, 110, 8, 169, 48, 19, 12, 2, 5, 0, 13, 0, 0, 31, 7, 29, 0, 0, 0, 0, 0, 0, 0, 0, 0, 0, 100, 26, 72, 13, 63, 16, 29, 148, 108, 0, 0, 0, 0, 0, 0, 0, 0, 0, 0, 0, 0, 5, 0, 0, 0, 0, 0, 0, 0, 0, 0, 0, 0, 0, 0, 0, 0, 0, 0, 0, 0, 0, 0, 0, 0, 0, 0, 0, 0, 0, 0, 1, 0, 0, 0, 0, 0, 0, 0, 0, 0, 0, 0, 0, 0, 0, 0, 0, 0, 0, 0, 0, 0, 0, 0, 0, 0, 0, 0, 0, 0, 0, 0, 0, 0, 0, 0, 0, 0, 0, 0, 0, 0, 0, 0, 0, 0, 0]

Cluster Number:
 [1, 2, 3, 4, 7, 8, 9, 10, 11, 13, 14, 16, 18, 19, 20, 21, 22, 23, 24, 25, 26, 27, 28, 29, 31, 34, 35, 36, 47, 48, 49, 50, 51, 52, 53, 54, 55, 68, 70, 98]

Odds Ratio:

1.68
0.8287671232876711
0.8287671232876711
1.6628440366972477
nan
nan
0.8120300751879699
1.255378753922008
1.1111111111111112
0.6318652262597265
1.0914438502673796
nan
1.1387447491969358
0.506993006993007
nan
1.1875130944898389
nan
0.9505977893074666
1.66743648960739
0.7218206157965195
0.9939058171745151
1.1205663189269748
0.8275862068965516
0.9757204447469932
1.6985544217687076
0.4299054086829978
1.1075019334880123
0.8287671232876711
1.3296551724137933
nan
2.0803782505910164
nan
nan
1.2430986352357323
1.4272517321016165
1.0305512326971906
nan
nan
nan
nan
nan
nan
nan
nan
nan
nan
1.1112064343163535
1.0876777251184835
1.3869932925051036
0.8912037037037038
0.6104417670682731
0.7210648148148148
1.0305512326971906
1.2013352638352637
1.2597736625514402
nan
nan
nan
nan
nan
nan
nan
nan
nan
nan
nan
nan
0.994954128440367
nan
inf
nan
nan
nan
nan
nan
nan
nan
nan
nan
nan
nan
nan
nan
nan
nan
nan
nan
nan
nan
nan
nan
nan
nan
nan
nan
nan
nan
1.6598173515981736
nan
nan
nan
nan
nan
nan
nan
nan
nan
nan
nan
nan
nan
nan
nan
nan
nan
nan
nan
nan
nan
nan
nan
nan
nan
nan
nan
nan
nan
nan
nan
nan
nan
nan
nan
nan
nan
nan
nan
nan
nan
nan
nan
nan
nan
nan
