Case Count:
 [50, 82, 0, 0, 0, 0, 0, 70, 0, 3, 47, 136, 24, 0, 43, 52, 17, 0, 0, 0, 0, 0, 0, 0, 0, 0, 0, 0, 0, 0, 0, 0, 0, 0, 0, 0, 0, 0, 0, 0, 0, 0, 0, 0, 0, 0, 0, 0, 0, 0, 0, 0, 0, 0, 0, 0, 0, 75, 1, 0, 0, 16, 0, 0, 0, 232, 177, 0, 0, 10, 50, 0, 45, 0, 0, 3, 0, 0, 14, 37, 5]

Control Count:
 [59, 127, 0, 0, 0, 0, 0, 75, 4, 5, 67, 200, 37, 1, 69, 88, 33, 0, 0, 0, 0, 0, 0, 0, 0, 0, 0, 0, 0, 0, 0, 0, 0, 0, 0, 0, 0, 0, 0, 0, 0, 0, 0, 0, 0, 0, 0, 0, 0, 0, 0, 0, 0, 0, 0, 0, 0, 81, 0, 0, 1, 39, 0, 0, 0, 406, 314, 0, 0, 17, 60, 0, 98, 0, 2, 4, 0, 0, 19, 68, 4]

Cluster Number:
 [1, 2, 8, 10, 11, 12, 13, 15, 16, 17, 58, 59, 62, 66, 67, 70, 71, 73, 76, 79, 80, 81]

Odds Ratio:

1.457452834299159
1.0869670702926841
nan
nan
nan
nan
nan
1.6516711833785007
0.0
0.994954128440367
1.1828738958269875
1.184950495049505
1.080039075219798
0.0
1.0370736348997218
0.9772140004698144
0.8484130403561684
nan
nan
nan
nan
nan
nan
nan
nan
nan
nan
nan
nan
nan
nan
nan
nan
nan
nan
nan
nan
nan
nan
nan
nan
nan
nan
nan
nan
nan
nan
nan
nan
nan
nan
nan
nan
nan
nan
nan
nan
1.6458078958078957
inf
nan
0.0
0.6682427107959021
nan
nan
nan
0.8888888888888891
0.8907230028686729
nan
nan
0.9749074454956809
1.43101970865467
nan
0.7342277012327774
nan
0.0
1.2454128440366972
nan
nan
1.2292260061919504
0.8933274802458296
2.0852534562211984
