Case Count:
 [7, 13, 0, 0, 0, 0, 1, 2, 37, 22, 8, 28, 17, 26, 7, 0, 8, 1, 1, 1, 33, 8, 0, 11, 0, 0, 0, 0, 0, 0, 0, 0, 0, 0, 0, 0, 291, 6, 0, 0, 0, 0, 0, 0, 0, 0, 0, 0, 0, 0, 0, 0, 0, 0, 0, 0, 0, 0, 0, 0, 0, 0, 0, 0, 0, 0, 0, 0, 0, 0, 0, 0, 0, 0, 0, 0, 0, 0, 0, 0, 0, 0, 0, 0, 0, 0, 0, 0, 0, 0, 0, 0, 0, 0, 0, 0, 0, 0, 0, 0, 0, 0, 0, 0, 0, 0, 0, 0, 0, 0, 0, 0, 0, 0, 0, 0, 0, 0, 0, 0, 0, 0, 0, 0, 0]

Control Count:
 [8, 18, 0, 0, 0, 0, 2, 4, 64, 27, 11, 38, 19, 35, 10, 1, 8, 7, 0, 0, 61, 14, 0, 19, 0, 0, 0, 0, 0, 0, 0, 0, 0, 0, 0, 0, 508, 15, 0, 0, 0, 0, 0, 0, 0, 0, 0, 0, 0, 0, 0, 0, 0, 0, 0, 0, 0, 0, 0, 0, 0, 0, 0, 0, 0, 0, 0, 0, 0, 0, 0, 0, 0, 0, 0, 0, 0, 0, 0, 0, 0, 0, 0, 0, 0, 0, 0, 0, 0, 0, 0, 0, 0, 0, 0, 0, 0, 0, 0, 0, 0, 0, 0, 0, 0, 0, 0, 0, 0, 0, 0, 0, 0, 0, 0, 0, 0, 0, 0, 0, 0, 0, 0, 0, 0]

Cluster Number:
 [1, 2, 7, 8, 9, 10, 11, 12, 13, 14, 15, 17, 18, 19, 20, 21, 22, 24, 37, 38]

Odds Ratio:

1.4583333333333335
1.2037037037037037
nan
nan
nan
nan
0.8287671232876711
0.8283752860411898
0.954912935323383
1.3697486455280217
1.2098713351613584
1.2370341913177103
1.5032427039161884
1.2464891041162227
1.163425925925926
0.0
1.670533642691415
0.2351598173515982
inf
inf
0.8887587822014051
0.9466357308584685
nan
0.9590506640432858
nan
nan
nan
nan
nan
nan
nan
nan
nan
nan
nan
nan
0.8515109597786765
0.6586605080831409
nan
nan
nan
nan
nan
nan
nan
nan
nan
nan
nan
nan
nan
nan
nan
nan
nan
nan
nan
nan
nan
nan
nan
nan
nan
nan
nan
nan
nan
nan
nan
nan
nan
nan
nan
nan
nan
nan
nan
nan
nan
nan
nan
nan
nan
nan
nan
nan
nan
nan
nan
nan
nan
nan
nan
nan
nan
nan
nan
nan
nan
nan
nan
nan
nan
nan
nan
nan
nan
nan
nan
nan
nan
nan
nan
nan
nan
nan
nan
nan
nan
nan
nan
nan
nan
nan
nan
