Case Count:
 [4, 28, 0, 0, 0, 21, 17, 3, 15, 48, 40, 44, 77, 48, 2, 10, 0, 1, 46, 10, 22, 13, 10, 7, 7, 0, 0, 0, 0, 0, 0, 0, 0, 0, 0, 0, 0, 0, 16, 0, 0, 0, 0, 0, 0, 0, 0, 0, 0, 0, 0, 0, 0, 0, 0, 0, 0, 0, 0, 0, 0, 0, 0, 0, 0, 0, 0, 0, 0, 0, 0, 0, 0, 0, 0, 0, 0, 0, 0, 0, 0, 0, 0, 0, 0, 0, 0, 0, 0, 0, 0, 0, 0, 0, 0, 0, 0, 0, 0, 0, 0, 0, 0, 0, 0, 0, 0, 0, 0, 0, 0, 0, 0, 0, 0, 0, 0, 0, 0, 0, 0, 0, 0, 0]

Control Count:
 [3, 42, 0, 0, 0, 32, 21, 16, 17, 77, 55, 87, 116, 76, 4, 12, 0, 3, 65, 20, 22, 19, 23, 22, 12, 0, 0, 0, 0, 0, 0, 0, 0, 0, 0, 0, 0, 0, 29, 0, 0, 0, 0, 0, 0, 0, 0, 0, 0, 0, 0, 0, 0, 0, 0, 0, 0, 0, 0, 0, 0, 0, 0, 0, 0, 0, 0, 0, 0, 0, 0, 0, 0, 0, 0, 0, 0, 0, 0, 0, 0, 0, 0, 0, 0, 0, 0, 0, 0, 0, 0, 0, 0, 0, 0, 0, 0, 0, 0, 0, 0, 0, 0, 0, 0, 0, 0, 0, 0, 0, 0, 0, 0, 0, 0, 0, 0, 0, 0, 0, 0, 0, 0, 0]

Cluster Number:
 [1, 2, 6, 7, 8, 9, 10, 11, 12, 13, 14, 15, 16, 18, 19, 20, 21, 22, 23, 24, 25, 39]

Odds Ratio:

2.2222222222222223
1.1127331711273318
nan
nan
nan
1.0927033492822966
1.3562401263823065
0.3061926605504587
1.4796059933407324
1.0378981632178563
1.2267031214399637
0.8207187545467771
1.1222137550009526
1.0531700094225334
0.8283752860411898
1.3908313908313907
nan
0.5517503805175038
1.1938931297709925
0.8251748251748251
1.6930455635491606
1.1387447491969358
0.714502888415932
0.5199915824915825
0.966820987654321
nan
nan
nan
nan
nan
nan
nan
nan
nan
nan
nan
nan
nan
0.9117143555881634
nan
nan
nan
nan
nan
nan
nan
nan
nan
nan
nan
nan
nan
nan
nan
nan
nan
nan
nan
nan
nan
nan
nan
nan
nan
nan
nan
nan
nan
nan
nan
nan
nan
nan
nan
nan
nan
nan
nan
nan
nan
nan
nan
nan
nan
nan
nan
nan
nan
nan
nan
nan
nan
nan
nan
nan
nan
nan
nan
nan
nan
nan
nan
nan
nan
nan
nan
nan
nan
nan
nan
nan
nan
nan
nan
nan
nan
nan
nan
nan
nan
nan
nan
nan
nan
