Case Count:
 [0, 153, 283, 359, 287, 388, 391, 469, 484, 356, 465, 414, 300, 368, 529, 506, 444, 361, 439, 512, 429, 349, 255, 383, 486, 340, 307, 465, 480, 439, 272, 406, 490, 322, 451, 465, 450, 551, 401, 498, 492, 266, 515, 338, 566, 535, 453, 253, 454, 267, 427, 449, 273, 548, 381, 453, 454, 435, 631, 465, 483, 540, 454, 456, 451, 492, 369, 421, 475, 363, 533, 527, 434, 631, 468, 509, 511, 461, 386, 517, 592, 536, 565, 434, 444, 517, 519, 339, 611, 426, 535, 427, 383, 511, 523, 384, 496, 480, 542, 468, 502, 556, 449, 562, 410, 486, 508, 495, 615, 511, 627, 487, 438, 577, 477, 567, 526, 494, 601, 519, 543, 555, 464, 544, 588, 518, 501, 463, 463, 533, 506, 513, 592, 497, 557, 560, 493, 524, 414, 543, 523, 510, 418, 501, 417, 528, 521, 471, 639, 696, 634, 579, 558, 604, 586, 538, 658, 563, 534, 565, 607, 639, 520, 636, 679, 636, 618, 501, 647, 589, 533, 417, 625, 651, 571, 441, 506, 501, 479, 545, 525, 516, 543, 595, 519, 533, 598, 572, 426, 524, 484, 560, 571, 574, 595, 513, 554, 482, 475, 574, 525, 490, 496, 520, 467, 525, 516, 495, 520, 524, 545, 481, 542, 570, 536, 520, 488, 463, 520, 679, 635, 632, 715, 678, 600, 673, 610, 691, 509, 510, 672, 558, 654, 663, 575, 627, 531, 655, 599, 678, 596, 552, 516, 562, 604, 546, 609, 556, 577, 547, 509, 687, 590, 594, 653, 638, 570, 652, 565, 579, 641, 519, 638, 612, 561, 611, 626, 612, 565, 607, 581, 534, 603, 589, 566, 623, 598, 581, 556, 589, 606, 633, 544, 582, 570, 571, 468, 595, 526, 547, 611, 562, 521, 626, 554, 558, 500, 535, 516, 502, 535, 580, 503, 502, 519, 617, 553, 561, 548, 566, 528, 542, 527, 520, 567, 540, 526, 533, 541, 539, 531, 524, 500, 513, 530, 528, 507, 519, 543, 502, 521, 483, 508, 509, 547, 476, 488, 517, 515, 520, 518, 478, 532, 554, 473, 501, 476, 533]

Control Count:
 [0, 97, 239, 280, 218, 300, 301, 364, 324, 302, 295, 266, 254, 254, 395, 359, 286, 236, 298, 370, 312, 194, 209, 274, 362, 246, 222, 329, 332, 336, 189, 292, 429, 275, 336, 333, 361, 405, 370, 370, 380, 195, 402, 244, 400, 409, 294, 243, 293, 179, 300, 349, 202, 395, 272, 346, 326, 350, 434, 379, 331, 426, 333, 336, 344, 353, 296, 309, 332, 273, 323, 404, 317, 463, 373, 385, 376, 342, 294, 379, 424, 343, 403, 330, 272, 376, 373, 282, 407, 298, 383, 325, 243, 385, 391, 304, 260, 330, 389, 329, 352, 317, 344, 386, 297, 338, 395, 349, 451, 375, 437, 358, 310, 438, 335, 423, 371, 371, 450, 343, 385, 406, 414, 412, 428, 309, 347, 329, 338, 412, 386, 378, 474, 387, 410, 397, 386, 379, 356, 419, 404, 355, 288, 368, 281, 368, 386, 354, 469, 484, 454, 424, 374, 393, 294, 419, 503, 409, 369, 381, 436, 478, 361, 453, 473, 467, 484, 381, 432, 412, 412, 342, 442, 397, 431, 312, 436, 414, 340, 388, 402, 388, 436, 441, 388, 396, 445, 373, 301, 355, 347, 452, 386, 429, 426, 380, 377, 330, 352, 424, 358, 398, 380, 356, 339, 362, 438, 394, 383, 406, 399, 377, 380, 350, 394, 303, 420, 402, 373, 488, 430, 464, 514, 505, 413, 490, 446, 521, 378, 378, 485, 399, 485, 472, 434, 454, 402, 487, 446, 494, 432, 400, 403, 405, 425, 401, 445, 440, 400, 358, 365, 475, 444, 421, 471, 455, 430, 445, 359, 399, 454, 387, 428, 463, 476, 461, 465, 484, 441, 466, 421, 378, 435, 412, 407, 463, 430, 347, 422, 430, 441, 434, 423, 424, 429, 439, 390, 407, 419, 399, 431, 427, 401, 422, 421, 417, 392, 371, 365, 398, 391, 418, 396, 350, 393, 440, 393, 379, 418, 376, 449, 394, 395, 373, 398, 382, 375, 389, 355, 414, 368, 390, 376, 402, 368, 420, 376, 370, 401, 399, 359, 420, 399, 392, 390, 349, 380, 359, 371, 404, 407, 373, 374, 416, 360, 403, 334, 380]

Cluster Number:
 [2, 3, 4, 5, 6, 7, 8, 9, 10, 11, 12, 13, 14, 15, 16, 17, 18, 19, 20, 21, 22, 23, 24, 25, 26, 27, 28, 29, 30, 31, 32, 33, 34, 35, 36, 37, 38, 39, 40, 41, 42, 43, 44, 45, 46, 47, 48, 49, 50, 51, 52, 53, 54, 55, 56, 57, 58, 59, 60, 61, 62, 63, 64, 65, 66, 67, 68, 69, 70, 71, 72, 73, 74, 75, 76, 77, 78, 79, 80, 81, 82, 83, 84, 85, 86, 87, 88, 89, 90, 91, 92, 93, 94, 95, 96, 97, 98, 99, 100, 101, 102, 103, 104, 105, 106, 107, 108, 109, 110, 111, 112, 113, 114, 115, 116, 117, 118, 119, 120, 121, 122, 123, 124, 125, 126, 127, 128, 129, 130, 131, 132, 133, 134, 135, 136, 137, 138, 139, 140, 141, 142, 143, 144, 145, 146, 147, 148, 149, 150, 151, 152, 153, 154, 155, 156, 157, 158, 159, 160, 161, 162, 163, 164, 165, 166, 167, 168, 169, 170, 171, 172, 173, 174, 175, 176, 177, 178, 179, 180, 181, 182, 183, 184, 185, 186, 187, 188, 189, 190, 191, 192, 193, 194, 195, 196, 197, 198, 199, 200, 201, 202, 203, 204, 205, 206, 207, 208, 209, 210, 211, 212, 213, 214, 215, 216, 217, 218, 219, 220, 221, 222, 223, 224, 225, 226, 227, 228, 229, 230, 231, 232, 233, 234, 235, 236, 237, 238, 239, 240, 241, 242, 243, 244, 245, 246, 247, 248, 249, 250, 251, 252, 253, 254, 255, 256, 257, 258, 259, 260, 261, 262, 263, 264, 265, 266, 267, 268, 269, 270, 271, 272, 273, 274, 275, 276, 277, 278, 279, 280, 281, 282, 283, 284, 285, 286, 287, 288, 289, 290, 291, 292, 293, 294, 295, 296, 297, 298, 299, 300, 301, 302, 303, 304, 305, 306, 307, 308, 309, 310, 311, 312, 313, 314, 315, 316, 317, 318, 319, 320, 321, 322, 323, 324, 325, 326, 327, 328, 329, 330, 331, 332, 333, 334, 335, 336, 337, 338, 339, 340, 341, 342, 343, 344, 345, 346, 347, 348]

Odds Ratio:

nan
1.187054947390796
0.8101739704910813
0.901998746867168
0.9494483980679641
0.9108317929759705
0.9175116402573825
0.8879180602006688
1.198418643362464
0.7797001953237868
1.3112945645821157
1.2541791371632967
0.80179762903246
1.102755203727876
0.9575569620253168
1.0729304543089884
1.2643645014779037
1.1984140009548818
1.1514655526640183
1.0320305917428216
1.01475
1.5105136864557411
0.8544290318458678
1.0419574342932008
0.9667510569572103
1.0207462006708354
1.020487529329973
1.0722146525521437
1.123782434861942
0.9199161807580172
1.0777222101423019
1.0341679981141465
0.6556541408477629
0.7831780739853226
0.9687873580394499
1.0472972972972971
0.8327598470960393
0.993376445228297
0.6383650696150696
0.971204615288142
0.8917981452487055
0.9999303863557256
0.8633463119186672
1.0242850406368755
1.0953581267217634
0.9030320330631849
1.2527225175784598
0.6745927386953027
1.2656870846057124
1.1311076980202197
1.0802589641434264
0.8898519579751673
0.9868313813088629
1.0414166583607434
1.0454392979819667
0.9214249283528444
1.0408136906683891
0.8327646038172353
1.2050923205393873
0.7985510872532071
1.1451234877325132
0.8309497085339803
0.9988430535798957
0.9898822108124433
0.9243152184489636
1.0461231289826982
0.8570523648648647
0.9977065973549426
1.0998288307414679
0.9584902729779055
1.4918066110016572
0.8988411900891585
1.0067616225344929
0.996984939191442
0.8382755753025536
0.9317501546072977
0.9916458821134072
0.9764020092967459
0.9357311985567704
0.9999103414709122
1.0647780079502829
1.3439862313518642
1.0707468709950099
0.9325619834710743
1.376561552456034
1.0179004854368934
1.0452625384162686
0.812964298593581
1.2935113501151236
1.0884891990339838
1.056513498827053
0.9317315353968741
1.2643693754804868
0.9398869073510222
0.9554256485202777
0.8737807822308064
1.854823236809379
1.137072281838429
1.0512876719608353
1.0861547184988365
1.0988263785394932
1.7116228719310558
0.9163820251937983
1.1703209046886254
1.0213892294817148
1.113294241788772
0.8736762981448634
1.0849959726935416
0.9988419224088012
0.9975502392344497
1.1592283328534407
0.9940911044263001
1.0675908284606794
0.9094216998754671
1.089961695945053
0.955330903961443
1.0906075057018456
0.9489109892493104
0.940589430894309
1.2474009812984423
1.0815422919049864
1.005143436685019
0.6435405952937511
0.9225570545958897
1.0192945432619835
1.5173032858526445
1.1267068868000756
1.063020989603037
1.008259897909947
0.8787940080415807
0.9142076703536303
0.988495879120879
0.7671562183074785
0.8739951191501579
0.989686598478888
1.085649143645089
0.8641619527499168
1.030965178018828
0.7338824042762083
0.879629515129781
0.8832305028532412
1.1177518572052842
1.116234507501631
0.9956128098334012
1.159363879003559
1.1199175973110704
0.9759156253174847
0.9499481903634075
0.99601499889714
1.2158337175894731
1.0745762711864408
1.0027156334231808
1.2346022457010246
1.361926012918379
2.2488843934075082
0.8603849135378963
0.859228393476778
1.0229935735567226
1.143068848410003
1.2222029938565375
1.0592840047865975
0.935774058577406
1.1269971350974268
1.0925118097778184
1.1943509513742072
0.9946868765119017
0.808814541202732
0.9217013761130324
1.32242415287628
1.1310750999428894
0.8787940080415807
0.8073087993421053
1.1116858180519167
1.675189822952721
0.9251578115076019
1.0687854665825975
0.6721864358991043
0.7549268590004066
1.0675751633986925
1.071768954037801
0.9018952268361164
0.9434861835700556
0.7904822455673338
0.9694895922440832
0.955915262760875
0.9686830425466789
0.9581316405852204
1.3230300162960622
1.0691994214117289
1.1881342375239088
1.0468931127157337
0.7688802551742331
1.2189553362086434
0.9497882399290849
1.0663532090748082
0.9768028846153844
1.1912714412024756
1.1469188529591214
0.9778922206647975
0.9800558065373374
1.172458377122629
0.7936607868499674
0.9073538349337544
1.160682398835197
1.0197678427766925
1.1451438652152508
0.6931573186507015
0.8308089078107088
0.9892305629855661
0.8763607614182328
1.003093671679198
0.8657635467980296
1.1093567251461989
1.5015519299641862
0.9934772219423668
1.5860950398218305
0.6876579203109816
0.6895618474152839
1.0498371100637793
1.0741557377049176
1.2607577914886887
0.995181702078254
1.0855394741626974
0.9414066506252222
1.1834232430801388
1.024736926020408
1.0075628716420428
0.8916272843110377
0.9714474678760396
0.9756790544380047
1.056697019535481
1.063007924122976
0.961079662605436
1.1036622276029056
0.9244252649118697
1.0380794701986755
0.9259543988599712
0.9522774621921792
0.9564139149340944
1.0225172185750928
1.0316149482816148
1.0285941644562333
0.8618653080107425
1.043576546573822
1.119449773755656
0.9954226704778525
1.0092977528089888
0.8164513770411893
1.1515411931818182
1.2919433151013489
1.0492106979778217
1.2311613745106569
0.9290042254644025
1.0950473286772786
1.0548786116495892
1.088992107548809
0.9267992485586576
1.2483024378371803
1.39222198414399
1.1691944146079485
1.1128472222222228
0.9616562677254681
1.2959983299611397
0.9090079102820041
0.656541149068323
0.9169292896219592
0.959693388693708
0.7858018093177257
0.8447334977947224
0.8697318263002158
1.0310699757009856
1.0836648583484025
1.0460334250052892
1.1310750999428894
1.0497018430902731
0.9586103699939299
1.0545773905712077
1.606992613203485
0.9148571210754353
1.0112106703146373
1.0210399949453461
1.2170802715157556
0.8618218660771851
1.016624979609592
0.9326606541091219
0.8792328934475253
0.7574837310195229
1.1992967382188942
0.8161462065534744
1.0120458213596821
1.1144916750572749
0.9109113069447193
0.8916434404185614
1.267999311779519
0.9123673792557401
0.9521999650953092
0.8592597878312163
1.1346067016022
1.0816677170055393
0.8359478893295518
1.0071143884611888
1.0456396265474837
0.8497830416844503
1.1118233522917365
0.927648482591696
1.0831657925407925
1.0777976287152833
1.2147384421245844
0.9049718067538209
1.2647998358830086
0.6803481274541932
1.02017340206456
0.9491907550853331
1.0498371100637793
1.1137247008523279
1.0865556736968196
1.065052109181142
1.0103347095635011
1.2804268912443733
0.8913229282794503
1.1347703189862355
0.9653941120607787
0.945419828398552
0.8558589265212397
1.129794595183611
0.8182401140007125
0.9745575778965416
1.0640013183915622
0.982259377463078
0.8309063055765878
1.145352012671364
0.6729820627802691
0.8528208883253265
0.893470602526725
1.0684454289166334
0.9995888600036685
0.8765246449456976
1.1255239743624417
1.0394286235139392
0.871722869108427
0.8484848484848485
0.8751716471588307
1.0999878769918772
0.9410897435897436
0.9249086257309944
0.8074835926810602
1.0916709627103405
1.0661416799574692
