Case Count:
 [0, 153, 207, 365, 328, 283, 388, 326, 484, 391, 342, 403, 355, 372, 223, 300, 260, 353, 368, 296, 355, 429, 483, 536, 506, 383, 232, 486, 465, 480, 439, 553, 328, 392, 333, 272, 459, 512, 406, 322, 388, 465, 451, 406, 453, 274, 381, 250, 337, 566, 535, 529, 454, 267, 319, 516, 327, 449, 463, 273, 358, 381, 553, 454, 631, 408, 529, 483, 423, 540, 454, 456, 492, 550, 421, 475, 391, 331, 533, 497, 489, 455, 468, 509, 511, 386, 592, 565, 444, 533, 354, 339, 611, 535, 383, 511, 523, 384, 432, 542, 468, 517, 428, 410, 486, 304, 508, 615, 627, 473, 487, 577, 567, 538, 492, 494, 409, 601, 519, 514, 543, 544, 588, 518, 501, 385, 533, 506, 592, 497, 560, 517, 543, 523, 510, 417, 528, 521, 471, 696, 495, 525, 538, 658, 563, 546, 607, 494, 639, 636, 636, 618, 501, 647, 417, 625, 651, 501, 630, 501, 557, 479, 580, 516, 595, 533, 598, 572, 426, 524, 484, 560, 571, 574, 595, 513, 554, 475, 574, 525, 490, 467, 525, 516, 520, 481, 542, 570, 536, 520, 463, 520, 679, 635, 715, 600, 551, 509, 510, 558, 654, 663, 575, 627, 531, 655, 599, 678, 596, 552, 516, 562, 604, 609, 556, 577, 509, 687, 590, 594, 653, 638, 570, 652, 565, 579, 519, 638, 612, 611, 626, 612, 607, 581, 603, 589, 566, 623, 598, 581, 556, 589, 564, 606, 633, 582, 570, 571, 468, 595, 526, 611, 562, 626, 554, 558, 500, 516, 502, 535, 580, 503, 519, 617, 553, 561, 548, 566, 528, 542, 520, 567, 540, 526, 533, 541, 539, 531, 500, 513, 530, 528, 507, 519, 543, 502, 521, 483, 508, 509, 547, 476, 488, 517, 515, 520, 518, 478, 532, 554, 473, 501, 476, 533]

Control Count:
 [0, 97, 195, 216, 223, 239, 300, 223, 324, 301, 273, 315, 262, 231, 172, 254, 183, 249, 254, 218, 267, 312, 330, 403, 359, 274, 225, 362, 329, 332, 336, 343, 235, 273, 268, 189, 378, 370, 292, 275, 264, 333, 291, 280, 340, 220, 256, 195, 240, 400, 409, 393, 293, 179, 239, 398, 238, 349, 407, 202, 295, 272, 435, 296, 434, 288, 381, 331, 233, 426, 333, 336, 353, 313, 309, 332, 285, 258, 323, 349, 326, 327, 373, 385, 376, 294, 424, 403, 272, 384, 251, 282, 407, 383, 243, 385, 391, 304, 329, 389, 329, 370, 307, 297, 338, 294, 395, 451, 437, 351, 358, 438, 423, 397, 392, 371, 295, 450, 343, 385, 385, 412, 428, 309, 347, 365, 412, 386, 474, 387, 397, 376, 419, 404, 355, 281, 368, 386, 354, 484, 349, 389, 419, 503, 409, 418, 436, 344, 478, 453, 467, 484, 381, 432, 342, 442, 397, 373, 349, 414, 407, 340, 445, 388, 441, 396, 445, 373, 301, 355, 347, 452, 386, 429, 426, 380, 377, 352, 424, 358, 398, 339, 362, 438, 383, 377, 380, 350, 394, 303, 402, 373, 488, 430, 514, 413, 409, 378, 378, 399, 485, 472, 434, 454, 402, 487, 446, 494, 432, 400, 403, 405, 425, 445, 440, 400, 365, 475, 444, 421, 471, 455, 430, 445, 359, 399, 387, 428, 463, 461, 465, 484, 466, 421, 435, 412, 407, 463, 430, 347, 422, 430, 447, 441, 434, 424, 429, 439, 390, 407, 419, 431, 427, 422, 421, 417, 392, 365, 398, 391, 418, 396, 393, 440, 393, 379, 418, 376, 449, 394, 373, 398, 382, 375, 389, 355, 414, 368, 376, 402, 368, 420, 376, 370, 401, 399, 359, 420, 399, 392, 390, 349, 380, 359, 371, 404, 407, 373, 374, 416, 360, 403, 334, 380]

Cluster Number:
 [2, 3, 4, 5, 6, 7, 8, 9, 10, 11, 12, 13, 14, 15, 16, 17, 18, 19, 20, 21, 22, 23, 24, 25, 26, 27, 28, 29, 30, 31, 32, 33, 34, 35, 36, 37, 38, 39, 40, 41, 42, 43, 44, 45, 46, 47, 48, 49, 50, 51, 52, 53, 54, 55, 56, 57, 58, 59, 60, 61, 62, 63, 64, 65, 66, 67, 68, 69, 70, 71, 72, 73, 74, 75, 76, 77, 78, 79, 80, 81, 82, 83, 84, 85, 86, 87, 88, 89, 90, 91, 92, 93, 94, 95, 96, 97, 98, 99, 100, 101, 102, 103, 104, 105, 106, 107, 108, 109, 110, 111, 112, 113, 114, 115, 116, 117, 118, 119, 120, 121, 122, 123, 124, 125, 126, 127, 128, 129, 130, 131, 132, 133, 134, 135, 136, 137, 138, 139, 140, 141, 142, 143, 144, 145, 146, 147, 148, 149, 150, 151, 152, 153, 154, 155, 156, 157, 158, 159, 160, 161, 162, 163, 164, 165, 166, 167, 168, 169, 170, 171, 172, 173, 174, 175, 176, 177, 178, 179, 180, 181, 182, 183, 184, 185, 186, 187, 188, 189, 190, 191, 192, 193, 194, 195, 196, 197, 198, 199, 200, 201, 202, 203, 204, 205, 206, 207, 208, 209, 210, 211, 212, 213, 214, 215, 216, 217, 218, 219, 220, 221, 222, 223, 224, 225, 226, 227, 228, 229, 230, 231, 232, 233, 234, 235, 236, 237, 238, 239, 240, 241, 242, 243, 244, 245, 246, 247, 248, 249, 250, 251, 252, 253, 254, 255, 256, 257, 258, 259, 260, 261, 262, 263, 264, 265, 266, 267, 268, 269, 270, 271, 272, 273, 274, 275, 276, 277, 278, 279, 280, 281, 282, 283, 284, 285, 286, 287, 288, 289, 290, 291, 292, 293, 294, 295, 296, 297, 298, 299, 300, 301, 302, 303, 304]

Odds Ratio:

nan
1.187054947390796
0.7145535904538673
1.3931983845547673
1.120882236631026
0.8101739704910813
0.9108317929759705
1.1103525719682603
1.198418643362464
0.9175116402573825
0.8707340359810547
0.8902045989498459
0.9890749261909195
1.3010328988785003
0.9347371368337836
0.80179762903246
1.0576098409664536
1.063253012048193
1.102755203727876
0.9931446294766438
0.9589711466938106
1.01475
1.151875254790053
0.9408318021959979
1.0729304543089884
1.0419574342932008
0.6745863223338117
0.9667510569572103
1.0722146525521437
1.123782434861942
0.9199161807580172
1.4493052540165
1.0357772506814882
1.0909611803466552
0.8610199839727538
1.0777222101423019
0.782826747720365
1.0320305917428216
1.0341679981141465
0.7831780739853226
1.1328348176777012
1.0472972972972971
1.2645041625328906
1.1117590822179735
0.9544797330696987
0.8765718251214435
1.1542327212591241
0.9176390619689587
1.0460092905405405
1.0953581267217634
0.9030320330631849
0.9691603053435115
1.2656870846057124
1.1311076980202197
0.9671308045819329
0.8883886746079064
1.0110625645607079
0.8898519579751673
0.6688846474254201
0.9868313813088629
0.8203746029861377
1.0454392979819667
0.8317314746881879
1.243172119487909
1.2050923205393873
1.0686180422264875
1.0413385826771655
1.1451234877325132
1.6073555106956863
0.8309497085339803
0.9988430535798957
0.9898822108124433
1.0461231289826982
1.7061883045175206
0.9977065973549426
1.0998288307414679
1.0098219526511447
0.9075017500194446
1.4918066110016572
1.094423219781386
1.210227272727273
1.0391746990283748
0.8382755753025536
0.9317501546072977
0.9916458821134072
0.9357311985567704
1.0647780079502829
1.0707468709950099
1.376561552456034
1.0410156249999996
1.054702927420752
0.812964298593581
1.2935113501151236
1.056513498827053
1.2643693754804868
0.9398869073510222
0.9554256485202777
0.8737807822308064
0.929981102419991
1.0512876719608353
1.0861547184988365
1.0547559695617947
1.0407328665145281
1.0213892294817148
1.113294241788772
0.6402612244897959
0.8736762981448634
0.9988419224088012
1.1592283328534407
0.9752211725895938
0.9940911044263001
0.9094216998754671
0.955330903961443
0.9843132960116475
0.830033157427731
0.9489109892493104
1.0291655801825292
0.940589430894309
1.2474009812984423
0.9522390862149898
1.0815422919049864
0.9225570545958897
1.0192945432619835
1.5173032858526445
1.1267068868000756
0.6127115229653508
0.8787940080415807
0.9142076703536303
0.7671562183074785
0.8739951191501579
1.085649143645089
1.0179004854368934
0.879629515129781
0.8832305028532412
1.1177518572052842
1.159363879003559
1.1199175973110704
0.9759156253174847
0.9499481903634075
1.2158337175894731
1.0849959726935416
0.9754638702944846
0.8603849135378963
0.859228393476778
1.0229935735567226
0.896960535685285
1.0592840047865975
1.1125233894680564
0.935774058577406
1.0925118097778184
0.9946868765119017
0.808814541202732
0.9217013761130324
1.32242415287628
0.8073087993421053
1.1116858180519167
1.675189822952721
0.9665756307784821
2.0043890331669076
0.7549268590004066
1.0080182822118307
1.0675751633986925
0.8813624802807382
0.9434861835700556
0.9694895922440832
0.9686830425466789
0.9581316405852204
1.3230300162960622
1.0691994214117289
1.1881342375239088
1.0468931127157337
0.7688802551742331
1.2189553362086434
0.9497882399290849
1.0663532090748082
0.9768028846153844
1.1912714412024756
0.9778922206647975
0.9800558065373374
1.172458377122629
0.7936607868499674
1.0197678427766925
1.1451438652152508
0.6931573186507015
0.9892305629855661
0.8657635467980296
1.1093567251461989
1.5015519299641862
0.9934772219423668
1.5860950398218305
0.6895618474152839
1.0498371100637793
1.0741557377049176
1.2607577914886887
1.0855394741626974
1.1834232430801388
0.9694053117036
0.9714474678760396
0.9756790544380047
1.063007924122976
0.961079662605436
1.1036622276029056
0.9244252649118697
1.0380794701986755
0.9259543988599712
0.9522774621921792
0.9564139149340944
1.0225172185750928
1.0316149482816148
1.0285941644562333
0.8618653080107425
1.043576546573822
1.119449773755656
1.0092977528089888
0.8164513770411893
1.1515411931818182
1.0492106979778217
1.2311613745106569
0.9290042254644025
1.0950473286772786
1.0548786116495892
1.088992107548809
0.9267992485586576
1.2483024378371803
1.39222198414399
1.1691944146079485
0.9616562677254681
1.2959983299611397
0.9090079102820041
0.9169292896219592
0.959693388693708
0.7858018093177257
0.8697318263002158
1.0310699757009856
1.0460334250052892
1.1310750999428894
1.0497018430902731
0.9586103699939299
1.0545773905712077
1.606992613203485
0.9148571210754353
1.0112106703146373
0.8088995127332905
1.0210399949453461
1.2170802715157556
1.016624979609592
0.9326606541091219
0.8792328934475253
0.7574837310195229
1.1992967382188942
0.8161462065534744
1.1144916750572749
0.9109113069447193
1.267999311779519
0.9123673792557401
0.9521999650953092
0.8592597878312163
1.0816677170055393
0.8359478893295518
1.0071143884611888
1.0456396265474837
0.8497830416844503
0.927648482591696
1.0831657925407925
1.0777976287152833
1.2147384421245844
0.9049718067538209
1.2647998358830086
0.6803481274541932
1.02017340206456
1.0498371100637793
1.1137247008523279
1.0865556736968196
1.065052109181142
1.0103347095635011
1.2804268912443733
0.8913229282794503
1.1347703189862355
0.945419828398552
0.8558589265212397
1.129794595183611
0.8182401140007125
0.9745575778965416
1.0640013183915622
0.982259377463078
0.8309063055765878
1.145352012671364
0.6729820627802691
0.8528208883253265
0.893470602526725
1.0684454289166334
0.9995888600036685
0.8765246449456976
1.1255239743624417
1.0394286235139392
0.871722869108427
0.8484848484848485
0.8751716471588307
1.0999878769918772
0.9410897435897436
0.9249086257309944
0.8074835926810602
1.0916709627103405
1.0661416799574692
