Case Count:
 [0, 245, 320, 390, 189, 340, 327, 349, 360, 386, 218, 369, 444, 406, 319, 348, 248, 419, 373, 192, 358, 320, 294, 460, 499, 387, 293, 212, 464, 407, 418, 316, 468, 412, 424, 445, 421, 353, 265, 396, 453, 401, 480, 431, 335, 306, 387, 453, 402, 513, 484, 369, 531, 376, 574, 421, 405, 436, 385, 448, 483, 356, 415, 447, 481, 491, 452, 412, 446, 490, 369, 524, 495, 486, 388, 443, 402, 428, 434, 470, 476, 432, 521, 484, 459, 373, 459, 536, 494, 520, 565, 433, 460, 452, 580, 529, 531, 575, 598, 515, 572, 446, 318, 574, 562, 494, 430, 523, 407, 554, 434, 567, 438, 525, 490, 525, 421, 404, 494, 520, 422, 414, 481, 492, 570, 481, 501, 460, 414, 506, 492, 520, 468, 450, 514, 455, 462, 473, 450, 384, 461, 460, 454, 603, 464, 615, 604, 628, 567, 613, 454, 544, 548, 595, 529, 489, 497, 607, 574, 589, 589, 566, 594, 589, 564, 573, 563, 570, 595, 526, 571, 469, 583, 500, 558, 436, 500, 568, 535, 516, 502, 543, 503, 410, 520, 498, 561, 484, 548, 566, 496, 534, 491, 483, 540, 526, 533, 541, 531, 441, 513, 509, 507, 464, 445, 543, 521, 508, 523, 509, 525, 518, 477, 473, 479, 533, 481, 448, 446, 494, 514, 466, 509, 502, 487, 491, 510, 487, 482, 469, 458, 451, 459, 449, 466, 491, 463, 468, 457, 505, 470, 487, 449, 485, 470, 463, 417, 440, 464, 460, 484, 473, 501, 484, 446, 447, 430, 418, 493]

Control Count:
 [0, 162, 166, 300, 175, 212, 214, 244, 272, 249, 185, 282, 310, 351, 222, 200, 200, 314, 197, 131, 287, 244, 192, 307, 338, 270, 217, 208, 309, 288, 292, 228, 346, 325, 334, 340, 321, 315, 187, 284, 350, 317, 334, 302, 241, 251, 316, 313, 301, 309, 334, 260, 409, 290, 279, 335, 287, 294, 303, 320, 271, 258, 316, 356, 364, 360, 326, 307, 321, 320, 261, 379, 366, 355, 308, 326, 261, 368, 290, 302, 323, 324, 386, 343, 319, 325, 317, 389, 344, 361, 397, 351, 356, 304, 445, 385, 387, 400, 445, 389, 373, 313, 244, 429, 448, 368, 371, 390, 318, 377, 244, 423, 324, 358, 398, 362, 293, 327, 363, 383, 289, 282, 377, 384, 350, 360, 363, 339, 322, 401, 354, 373, 324, 347, 364, 335, 363, 346, 313, 333, 385, 331, 333, 441, 364, 467, 425, 443, 419, 443, 349, 423, 361, 441, 385, 373, 336, 466, 459, 442, 412, 407, 425, 430, 447, 402, 409, 429, 407, 419, 402, 331, 433, 355, 417, 321, 392, 418, 371, 365, 398, 390, 396, 327, 373, 337, 379, 356, 418, 376, 337, 397, 391, 343, 382, 375, 389, 355, 368, 364, 402, 324, 376, 348, 321, 401, 359, 399, 389, 392, 389, 407, 349, 360, 328, 380, 291, 315, 331, 369, 380, 337, 379, 344, 369, 374, 378, 368, 335, 341, 379, 318, 393, 354, 369, 377, 350, 348, 338, 350, 343, 319, 344, 356, 346, 349, 353, 350, 317, 332, 341, 339, 346, 356, 350, 338, 317, 349, 323]

Cluster Number:
 [2, 3, 4, 5, 6, 7, 8, 9, 10, 11, 12, 13, 14, 15, 16, 17, 18, 19, 20, 21, 22, 23, 24, 25, 26, 27, 28, 29, 30, 31, 32, 33, 34, 35, 36, 37, 38, 39, 40, 41, 42, 43, 44, 45, 46, 47, 48, 49, 50, 51, 52, 53, 54, 55, 56, 57, 58, 59, 60, 61, 62, 63, 64, 65, 66, 67, 68, 69, 70, 71, 72, 73, 74, 75, 76, 77, 78, 79, 80, 81, 82, 83, 84, 85, 86, 87, 88, 89, 90, 91, 92, 93, 94, 95, 96, 97, 98, 99, 100, 101, 102, 103, 104, 105, 106, 107, 108, 109, 110, 111, 112, 113, 114, 115, 116, 117, 118, 119, 120, 121, 122, 123, 124, 125, 126, 127, 128, 129, 130, 131, 132, 133, 134, 135, 136, 137, 138, 139, 140, 141, 142, 143, 144, 145, 146, 147, 148, 149, 150, 151, 152, 153, 154, 155, 156, 157, 158, 159, 160, 161, 162, 163, 164, 165, 166, 167, 168, 169, 170, 171, 172, 173, 174, 175, 176, 177, 178, 179, 180, 181, 182, 183, 184, 185, 186, 187, 188, 189, 190, 191, 192, 193, 194, 195, 196, 197, 198, 199, 200, 201, 202, 203, 204, 205, 206, 207, 208, 209, 210, 211, 212, 213, 214, 215, 216, 217, 218, 219, 220, 221, 222, 223, 224, 225, 226, 227, 228, 229, 230, 231, 232, 233, 234, 235, 236, 237, 238, 239, 240, 241, 242, 243, 244, 245, 246, 247, 248, 249, 250, 251, 252, 253, 254, 255, 256, 257, 258, 259]

Odds Ratio:

nan
1.1475254494260345
1.630165984133579
0.9189239332096477
0.7384864864864865
1.2770285421405008
1.1853711925978825
1.0776780667043526
0.9513594541507288
1.2333089263129866
0.8220473638195157
0.932313829787234
1.0956035916195546
0.7298458923697928
1.0812361541869742
1.4405163511187609
0.8758296622613801
0.9602410390907957
1.648212394551364
1.0937678022103228
0.8607187097640303
0.9410751298823656
1.1791830708661415
1.1948632824708472
1.1776317600110082
1.08690036900369
0.9850737617018809
0.6723795730071881
1.2012944983818772
1.0639567369093232
1.0897380907701797
1.0242122434961793
0.9829097338031173
0.8729177205772951
0.8722831564593583
0.9221256684491979
0.929428213996615
0.7120701058201058
1.0542974035178145
1.038580450809925
0.9000180072028812
0.8720724596118917
1.1106517477294853
1.0861259607968299
1.029660365759951
0.8414496108663262
0.824740763230417
1.1189089054152013
0.9630138627093747
1.4845967139656457
1.1299737603444795
1.0669574175824172
0.8872725485618801
0.9167300617322444
2.329728911101014
0.8559525208602656
1.0610554033566508
1.164134619364987
0.8828989516598719
1.0507276507276508
1.638426025515861
1.0186290028004383
0.932590011328375
0.8466303790386499
0.9350286989795916
0.9995624048706242
1.0318838342915204
0.9708226488322131
1.03558367678644
1.2591828018223237
1.0603448275862069
1.030965178018828
0.981623479640402
1.0074460305853177
0.8685455025565931
0.9926090030043678
1.2275076882810965
0.7266119934044954
1.1821246952281435
1.2850423465927945
1.164633437899384
0.9577464788732393
0.9759156253174847
1.071785632390998
1.1082371773494302
0.7348533480907583
1.1213906973622392
1.023777285006901
1.1125233894680564
1.1269971350974268
1.1103883522019546
0.8207540667218085
0.895402601758463
1.1751351649564161
0.8813624802807382
1.0167792207792212
1.0135561528573098
1.141066384180791
0.9581316405852204
0.9337704755163119
1.3230300162960622
1.085653430701354
0.93213222076145
0.9497882399290849
0.7964310042818218
0.9659045477261368
0.7200384596686635
0.961178476695718
0.8900274705414587
1.1912714412024756
1.5702765358503061
0.955330903961443
0.9829146865806744
1.172458377122629
0.7936607868499674
1.1451438652152508
1.0974443041036255
0.8330624726955003
0.9948513346632466
0.9892305629855661
1.1289968127870713
1.137409626110308
0.8657635467980296
0.8707808924485126
1.5015519299641862
0.9573474702380951
1.025449911176334
0.9894899711304412
0.8962552011095699
0.8352640856487623
1.0399875887212504
1.0498371100637793
1.1185827910339845
0.9042613995295196
1.0786310075466699
0.9914352289186977
0.8666536889234961
1.0043035696176863
1.1045375416035805
0.7363253161418299
0.7573315573315575
1.0371105199080126
0.9988430535798957
1.006635783147615
0.8690062625546494
0.8975163327377624
1.119449773755656
1.120898734841724
0.9794037368636187
1.0421893305140444
0.9092323933041775
0.8618218660771851
1.2749652830792275
0.9694895922440832
1.0167792207792212
0.9176943699731903
1.181278935185185
0.8697318263002158
0.7820307465709289
0.9367247804099011
1.1310750999428894
1.0497018430902731
1.068052677787533
1.0112106703146373
0.8088995127332905
1.1170761361730668
1.0229935735567226
0.9326606541091219
1.1992967382188942
0.8161462065534744
1.106958225631618
1.078090109024038
0.965064277990629
1.0702912111362815
0.9521999650953092
0.991829538776516
0.8592597878312163
0.9899667324947976
1.1346067016022
1.0816677170055393
0.8359478893295518
1.049641291351136
0.8497830416844503
0.8552084990542859
1.0498371100637793
1.1794529319022076
1.2147384421245844
0.9929301855826288
0.9049718067538209
1.2647998358830086
1.1692902323860168
0.9671013614768995
0.8314356117670416
1.0671730575638325
1.0865556736968196
1.065052109181142
1.0103347095635011
1.2804268912443733
1.1347703189862355
0.7870034678436316
0.8558589265212397
1.33533950617284
0.9745575778965416
0.9548387096774195
1.0311269019850158
0.982259377463078
1.145352012671364
0.8528208883253265
0.9669608823939114
0.893470602526725
0.9754638702944846
0.8484848484848485
1.003904962345006
0.9249086257309944
1.1455758807588075
1.0661416799574692
1.4389267304860087
1.0821898821898823
0.9764000175139016
0.9602093262311933
0.9810653138871273
1.0273855836340213
0.9656866440507604
1.151721039159087
0.9316116690578672
0.9201828925841818
0.9756790544380047
0.9371372712964785
1.113706634612174
1.0165752900675762
0.7748404842332881
1.077030867608747
0.7156732174760435
0.8640713276836156
0.8510070413879086
0.9039400215592944
0.9396259963212753
0.9714264342882789
0.9825431250626817
1.1263814016172509
1.0090385360493406
1.250329791911942
0.9163820251937983
0.9972226439923071
0.9914113365320442
0.9451652176051749
0.7567723087818695
0.8509494595384166
1.145795597164275
1.0310324453464177
1.0844508880028996
1.0464601769911506
1.1333463886337856
0.9929301855826288
0.8732682638272701
0.9411046183309189
0.9894868601556425
0.7781584510398736
1.2532592950265569
