Case Count:
 [0, 140, 275, 327, 251, 247, 274, 305, 316, 324, 289, 311, 314, 264, 282, 293, 252, 262, 264, 271, 296, 292, 311, 353, 331, 269, 339, 316, 287, 315, 350, 324, 335, 330, 297, 319, 304, 322, 271, 274, 316, 314, 309, 264, 299, 287, 281, 313, 290, 264, 263, 251, 294, 245]

Control Count:
 [0, 101, 213, 167, 197, 176, 172, 219, 234, 174, 163, 265, 246, 168, 183, 226, 197, 174, 207, 216, 209, 185, 248, 273, 247, 204, 232, 224, 229, 219, 230, 256, 228, 224, 259, 238, 226, 251, 208, 237, 219, 248, 224, 191, 200, 206, 217, 198, 209, 206, 196, 202, 198, 191]

Cluster Number:
 [2, 3, 4, 5, 6, 7, 8, 9, 10, 11, 12, 13, 14, 15, 16, 17, 18, 19, 20, 21, 22, 23, 24, 25, 26, 27, 28, 29, 30, 31, 32, 33, 34, 35, 36, 37, 38, 39, 40, 41, 42, 43, 44, 45, 46, 47, 48, 49, 50, 51, 52, 53, 54]

Odds Ratio:

nan
1.0189612117105247
0.9238919757074557
1.6718523086716932
0.9095428477307097
1.0391812183417755
1.2379371560447365
1.0311292588689849
0.9847325051240222
1.5604445711028783
1.4350268404907975
0.7899859559137815
0.9028356137219911
1.2122448979591838
1.1861048470874405
0.9274990259920964
0.91451536713929
1.1445484154474488
0.9090552468126841
0.8866303613644039
1.056048134122467
1.229004200432772
0.8786342520096045
0.9159035409035409
0.9725671265893059
0.9530080213903743
1.1120032144944478
1.0517070612910744
0.8823681453971622
1.082281022712061
1.1853270256063677
0.8890754132231403
1.1205254297359561
1.1239715001192463
0.7656883827769904
0.9733916517426643
0.9792566371681415
0.9087865998936707
0.9365720715454761
0.7836892453377139
1.0874879885584035
0.891437188565434
1.0167986751152074
1.0184623863323232
1.1414206349206348
1.0307972658258473
0.9272344541161747
1.2394972451790631
1.0249268069875928
0.9153952843273232
0.9771633878776737
0.8778658839335263
1.1294201861130995
0.9189094026514804
