Case Count:
 [0, 111, 159, 174, 268, 287, 388, 434, 484, 391, 356, 469, 669, 179, 440, 387, 435, 607, 300, 372, 368, 444, 401, 437, 429, 392, 484, 486, 423, 466, 480, 439, 391, 528, 272, 576, 339, 633, 256, 322, 465, 450, 239, 210, 411, 492, 408, 266, 780, 490, 451, 566, 545, 529, 453, 427, 529, 552, 664, 449, 273, 548, 376, 381, 453, 413, 269, 457, 267, 435, 631, 479, 386, 483, 540, 456, 492, 416, 369, 421, 475, 377, 533, 434, 631, 754, 804, 548, 468, 564, 509, 627, 511, 461, 386, 592, 729, 870, 565, 567, 371, 444, 456, 454, 339, 541, 543, 426, 535, 427, 383, 384, 496, 480, 414, 542, 468, 502, 481, 556, 562, 488, 531, 410, 486, 597, 620, 698, 485, 586, 815, 508, 495, 615, 511, 495, 438, 577, 458, 538, 526, 533, 494, 546, 517, 601, 519, 543, 555, 464, 544, 588, 501, 463, 463, 533, 506, 592, 497, 557, 560, 493, 524, 459, 517, 543, 523, 510, 383, 432, 417, 528, 521, 471, 660, 620, 696, 717, 634, 579, 558, 604, 683, 538, 558, 658, 563, 548, 534, 450, 565, 607, 584, 639, 520, 547, 636, 679, 618, 501, 647, 589, 515, 533, 465, 417, 558, 625, 573, 651, 571, 477, 441, 506, 501, 557, 479, 545, 565, 525, 484, 516, 543, 512, 595, 533, 598, 515, 572, 426, 471, 524, 484, 560, 571, 574, 595, 493, 513, 554, 482, 475, 525, 490, 496, 520, 593, 467, 525, 516, 495, 520, 524, 545, 481, 542, 505, 570, 536, 520, 488, 463, 520, 658, 715, 543, 679, 632, 715, 799, 738, 678, 600, 673, 610, 876, 691, 703, 509, 510, 672, 640, 558, 855, 654, 663, 627, 531, 655, 599, 678, 670, 596, 552, 516, 562, 660, 604, 546, 609, 556, 577, 547, 509, 687, 590, 594, 653, 638, 652, 567, 565, 579, 641, 652, 519, 513, 638, 612, 626, 612, 511, 607, 581, 534, 603, 589, 566, 623, 581, 556, 588, 591, 589, 606, 633, 544, 570, 571, 550, 468, 595, 526, 547, 611, 562, 521, 626, 554, 558, 500, 535, 516, 502, 535, 580, 503, 502, 519, 617, 553, 561, 566, 528, 542, 527, 520, 567, 540, 526, 533, 541, 539, 531, 524, 500, 513, 530, 528, 507, 519, 543, 502, 521, 483, 508, 523, 509, 547, 476, 488, 517, 515, 520, 518, 478, 532, 554, 473, 501, 476, 533]

Control Count:
 [0, 65, 112, 112, 230, 218, 300, 296, 324, 301, 302, 364, 476, 127, 334, 299, 249, 424, 254, 227, 254, 286, 331, 342, 312, 272, 369, 362, 330, 295, 332, 336, 278, 346, 189, 450, 246, 462, 210, 275, 333, 361, 142, 161, 303, 380, 293, 195, 570, 429, 337, 400, 457, 393, 294, 300, 381, 359, 508, 349, 202, 395, 290, 272, 346, 384, 256, 299, 179, 350, 434, 191, 287, 331, 426, 336, 353, 299, 296, 309, 332, 278, 323, 317, 463, 561, 544, 406, 373, 432, 385, 437, 376, 342, 294, 424, 534, 618, 403, 423, 292, 272, 337, 334, 282, 396, 413, 298, 383, 325, 243, 304, 260, 330, 309, 389, 329, 352, 339, 317, 386, 351, 409, 297, 338, 434, 471, 495, 359, 415, 592, 395, 349, 451, 375, 346, 310, 438, 332, 397, 371, 384, 371, 392, 379, 450, 343, 385, 406, 414, 412, 428, 347, 329, 338, 412, 386, 474, 387, 410, 397, 386, 379, 402, 376, 419, 404, 355, 341, 329, 281, 368, 386, 354, 535, 457, 484, 565, 454, 424, 374, 393, 522, 419, 416, 503, 409, 382, 369, 339, 381, 436, 474, 478, 361, 417, 453, 473, 484, 381, 432, 412, 359, 412, 381, 342, 393, 442, 430, 397, 431, 378, 312, 436, 414, 407, 340, 388, 422, 402, 378, 388, 436, 370, 441, 396, 445, 389, 373, 301, 361, 355, 347, 452, 386, 429, 426, 358, 380, 377, 330, 352, 358, 398, 380, 356, 373, 339, 362, 438, 394, 383, 406, 399, 377, 380, 370, 350, 394, 303, 420, 402, 373, 378, 533, 392, 488, 464, 514, 585, 548, 505, 413, 490, 446, 639, 521, 515, 378, 378, 485, 500, 399, 629, 485, 472, 454, 402, 487, 446, 494, 500, 432, 400, 403, 405, 479, 425, 401, 445, 440, 400, 358, 365, 475, 444, 421, 471, 455, 445, 422, 359, 399, 454, 483, 387, 428, 428, 463, 465, 484, 388, 466, 421, 378, 435, 412, 407, 463, 347, 422, 432, 431, 430, 441, 434, 423, 429, 439, 422, 390, 407, 419, 399, 431, 427, 401, 422, 421, 417, 392, 371, 365, 398, 391, 418, 396, 350, 393, 440, 393, 379, 376, 449, 394, 395, 373, 398, 382, 375, 389, 355, 414, 368, 390, 376, 402, 368, 420, 376, 370, 401, 399, 359, 420, 399, 389, 392, 390, 349, 380, 359, 371, 404, 407, 373, 374, 416, 360, 403, 334, 380]

Cluster Number:
 [2, 3, 4, 5, 6, 7, 8, 9, 10, 11, 12, 13, 14, 15, 16, 17, 18, 19, 20, 21, 22, 23, 24, 25, 26, 27, 28, 29, 30, 31, 32, 33, 34, 35, 36, 37, 38, 39, 40, 41, 42, 43, 44, 45, 46, 47, 48, 49, 50, 51, 52, 53, 54, 55, 56, 57, 58, 59, 60, 61, 62, 63, 64, 65, 66, 67, 68, 69, 70, 71, 72, 73, 74, 75, 76, 77, 78, 79, 80, 81, 82, 83, 84, 85, 86, 87, 88, 89, 90, 91, 92, 93, 94, 95, 96, 97, 98, 99, 100, 101, 102, 103, 104, 105, 106, 107, 108, 109, 110, 111, 112, 113, 114, 115, 116, 117, 118, 119, 120, 121, 122, 123, 124, 125, 126, 127, 128, 129, 130, 131, 132, 133, 134, 135, 136, 137, 138, 139, 140, 141, 142, 143, 144, 145, 146, 147, 148, 149, 150, 151, 152, 153, 154, 155, 156, 157, 158, 159, 160, 161, 162, 163, 164, 165, 166, 167, 168, 169, 170, 171, 172, 173, 174, 175, 176, 177, 178, 179, 180, 181, 182, 183, 184, 185, 186, 187, 188, 189, 190, 191, 192, 193, 194, 195, 196, 197, 198, 199, 200, 201, 202, 203, 204, 205, 206, 207, 208, 209, 210, 211, 212, 213, 214, 215, 216, 217, 218, 219, 220, 221, 222, 223, 224, 225, 226, 227, 228, 229, 230, 231, 232, 233, 234, 235, 236, 237, 238, 239, 240, 241, 242, 243, 244, 245, 246, 247, 248, 249, 250, 251, 252, 253, 254, 255, 256, 257, 258, 259, 260, 261, 262, 263, 264, 265, 266, 267, 268, 269, 270, 271, 272, 273, 274, 275, 276, 277, 278, 279, 280, 281, 282, 283, 284, 285, 286, 287, 288, 289, 290, 291, 292, 293, 294, 295, 296, 297, 298, 299, 300, 301, 302, 303, 304, 305, 306, 307, 308, 309, 310, 311, 312, 313, 314, 315, 316, 317, 318, 319, 320, 321, 322, 323, 324, 325, 326, 327, 328, 329, 330, 331, 332, 333, 334, 335, 336, 337, 338, 339, 340, 341, 342, 343, 344, 345, 346, 347, 348, 349, 350, 351, 352, 353, 354, 355, 356, 357, 358, 359, 360, 361, 362, 363, 364, 365, 366, 367, 368, 369, 370, 371, 372, 373, 374, 375, 376, 377, 378, 379, 380, 381, 382, 383, 384, 385, 386, 387, 388, 389, 390, 391, 392, 393, 394, 395, 396, 397, 398, 399, 400, 401, 402]

Odds Ratio:

nan
1.2859883392890727
1.0490607606679039
1.170837275307474
0.795027297243965
0.9494483980679641
0.9108317929759705
1.14039039039039
1.198418643362464
0.9175116402573825
0.7797001953237868
0.8879180602006688
1.1081528765352295
1.0411128608923883
0.9348174816012147
0.9122289550654701
1.5277303546168477
1.1426154341966483
0.80179762903246
1.3357271095152605
1.102755203727876
1.2643645014779037
0.8030646342579877
0.8804200542005418
1.01475
1.0976558221053785
0.9196309491184801
0.9667510569572103
0.8891663672296083
1.316952813266464
1.123782434861942
0.9199161807580172
1.0535489823754378
1.274847563172993
1.0777222101423019
0.8376203966005665
1.016019016122365
1.013710951210951
0.8531521969857778
0.7831780739853226
1.0472972972972971
0.8327598470960393
1.314768320065319
0.9433391788111507
0.9898314155739898
0.8917981452487055
1.0370185977347315
0.9999303863557256
1.0194277640409752
0.6556541408477629
0.9631128713854709
1.0953581267217634
0.6956601021152444
0.9691603053435115
1.2527225175784598
1.0802589641434264
1.0413385826771655
1.3132855042373819
0.8533056009508243
0.8898519579751673
0.9868313813088629
1.0414166583607434
0.9167300617322444
1.0454392979819667
0.9214249283528444
0.6190497819767442
0.6766394412878788
1.2369905334164728
1.1311076980202197
0.8327646038172353
1.2050923205393873
2.7307737056428154
0.9758920951482601
1.1451234877325132
0.8309497085339803
0.9898822108124433
1.0461231289826982
1.0360200016950587
0.8570523648648647
0.9977065973549426
1.0998288307414679
0.9900622979876966
1.4918066110016572
1.0067616225344929
0.996984939191442
0.9216195569136745
1.619823529411765
0.9742316693171977
0.8382755753025536
0.8906392694063927
0.9317501546072977
1.1592283328534407
0.9916458821134072
0.9764020092967459
0.9357311985567704
1.0647780079502829
1.0033988764044945
1.5032088201415177
1.0707468709950099
0.955330903961443
0.8857404134138557
1.376561552456034
0.9840841650930672
0.9929908603844942
0.812964298593581
1.003495001562012
0.9128454754168285
1.0884891990339838
1.056513498827053
0.9317315353968741
1.2643693754804868
0.8737807822308064
1.854823236809379
1.137072281838429
0.9677820718258083
1.0512876719608353
1.0861547184988365
1.0988263785394932
1.0831621365360304
1.7116228719310558
1.1703209046886254
1.040370564180088
0.8872725485618801
1.0213892294817148
1.113294241788772
1.0233954250180448
0.8946055696411271
1.1354060081332806
0.9797610981454994
1.0950577821490042
1.0747836652441916
0.8736762981448634
1.0849959726935416
0.9988419224088012
0.9975502392344497
1.1042926400468822
1.0675908284606794
0.9094216998754671
1.022190673522114
0.9843132960116475
1.0906075057018456
1.0410156249999996
0.9489109892493104
1.0510070869078703
0.9999103414709122
0.940589430894309
1.2474009812984423
1.0815422919049864
1.005143436685019
0.6435405952937511
0.9225570545958897
1.0192945432619835
1.1267068868000756
1.063020989603037
1.008259897909947
0.8787940080415807
0.9142076703536303
0.7671562183074785
0.8739951191501579
0.989686598478888
1.085649143645089
0.8641619527499168
1.030965178018828
0.6777865989202922
1.0179004854368934
0.879629515129781
0.8832305028532412
1.1177518572052842
0.6994081187629576
0.929981102419991
1.159363879003559
1.1199175973110704
0.9759156253174847
0.9499481903634075
0.669561894173644
0.9834788581787798
1.2158337175894731
0.6943730171981964
1.0745762711864408
1.0027156334231808
1.2346022457010246
1.361926012918379
0.8456919914026727
0.8603849135378963
0.9581043956043958
0.859228393476778
1.0229935735567226
1.125805609377362
1.143068848410003
0.9477709830583629
1.2222029938565375
1.0592840047865975
0.7392405063291142
0.935774058577406
1.1269971350974268
0.9065501525481188
1.0925118097778184
1.1943509513742072
0.808814541202732
0.9217013761130324
1.32242415287628
1.1310750999428894
1.1157536366450016
0.8787940080415807
0.7890985609557426
0.8073087993421053
1.102199543219275
1.1116858180519167
0.9395283511889206
1.675189822952721
0.9251578115076019
0.8459228824273072
1.0687854665825975
0.6721864358991043
0.7549268590004066
1.0080182822118307
1.0675751633986925
1.071768954037801
0.952652205614291
0.9018952268361164
0.8718387729623684
0.9434861835700556
0.7904822455673338
1.0320305917428216
0.9694895922440832
0.9686830425466789
0.9581316405852204
0.9337704755163119
1.3230300162960622
1.0691994214117289
0.9115871729426993
1.1881342375239088
1.0468931127157337
0.7688802551742331
1.2189553362086434
0.9497882399290849
1.0663532090748082
1.0201873302239761
0.9768028846153844
1.1912714412024756
1.1469188529591214
0.9778922206647975
1.172458377122629
0.7936607868499674
0.9073538349337544
1.160682398835197
1.4573279714030383
1.0197678427766925
1.1451438652152508
0.6931573186507015
0.8308089078107088
0.9892305629855661
0.8763607614182328
1.003093671679198
0.8657635467980296
1.1093567251461989
1.0011155022947476
1.5015519299641862
0.9934772219423668
1.5860950398218305
0.6876579203109816
0.6895618474152839
1.0498371100637793
1.9462894628946297
0.9277410531114662
1.0371087554192662
1.0741557377049176
0.995181702078254
1.0855394741626974
1.0085996055226822
0.9377651240111587
0.9414066506252222
1.1834232430801388
1.024736926020408
1.0075628716420428
1.0863672601647631
0.8916272843110377
1.0026462754532175
0.9714474678760396
0.9756790544380047
1.056697019535481
0.8016608996539792
1.063007924122976
0.9551841189361068
0.961079662605436
1.1036622276029056
1.0380794701986755
0.9259543988599712
0.9522774621921792
0.9564139149340944
1.0225172185750928
0.9364478764478763
1.0316149482816148
1.0285941644562333
0.8618653080107425
1.043576546573822
1.0346834716067392
1.119449773755656
0.9954226704778525
1.0092977528089888
0.8164513770411893
1.1515411931818182
1.2919433151013489
1.0492106979778217
1.2311613745106569
0.9290042254644025
1.0950473286772786
1.0548786116495892
1.088992107548809
1.2483024378371803
0.9613063287161893
1.39222198414399
1.1691944146079485
1.1128472222222228
0.9649079534497839
0.9616562677254681
0.7289551132278935
1.2959983299611397
0.9090079102820041
0.959693388693708
0.7858018093177257
0.9231675134415229
0.8697318263002158
1.0310699757009856
1.0836648583484025
1.0460334250052892
1.1310750999428894
1.0497018430902731
0.9586103699939299
1.606992613203485
0.9148571210754353
0.9938905180840661
1.0142231496862941
1.0112106703146373
1.0210399949453461
1.2170802715157556
0.8618218660771851
0.9326606541091219
0.8792328934475253
0.8906576298315594
0.7574837310195229
1.1992967382188942
0.8161462065534744
1.0120458213596821
1.1144916750572749
0.9109113069447193
0.8916434404185614
1.267999311779519
0.9123673792557401
0.9521999650953092
0.8592597878312163
1.1346067016022
1.0816677170055393
0.8359478893295518
1.0071143884611888
1.0456396265474837
0.8497830416844503
1.1118233522917365
0.927648482591696
1.0831657925407925
1.0777976287152833
1.2147384421245844
1.2647998358830086
0.6803481274541932
1.02017340206456
0.9491907550853331
1.0498371100637793
1.1137247008523279
1.0865556736968196
1.065052109181142
1.0103347095635011
1.2804268912443733
0.8913229282794503
1.1347703189862355
0.9653941120607787
0.945419828398552
0.8558589265212397
1.129794595183611
0.8182401140007125
0.9745575778965416
1.0640013183915622
0.982259377463078
0.8309063055765878
1.145352012671364
0.6729820627802691
0.8528208883253265
0.9669608823939114
0.893470602526725
1.0684454289166334
0.9995888600036685
0.8765246449456976
1.1255239743624417
1.0394286235139392
0.871722869108427
0.8484848484848485
0.8751716471588307
1.0999878769918772
0.9410897435897436
0.9249086257309944
0.8074835926810602
1.0916709627103405
1.0661416799574692
