Case Count:
 [0, 162, 202, 258, 359, 391, 274, 268, 484, 260, 410, 393, 386, 388, 391, 474, 302, 311, 316, 521, 484, 444, 257, 387, 345, 303, 272, 511, 351, 479, 415, 435, 353, 260, 368, 529, 325, 468, 319, 334, 429, 231, 383, 398, 386, 439, 368, 518, 482, 516, 322, 458, 392, 394, 449, 453, 381, 389, 397, 360, 427, 437, 277, 508, 500, 554, 535, 440, 492, 267, 440, 437, 442, 449, 415, 243, 457, 369, 348, 451, 453, 498, 479, 503, 631, 529, 511, 364, 425, 540, 457, 492, 492, 404, 533, 396, 497, 375, 455, 585, 411, 658, 600, 627, 633, 491, 348, 619, 531, 567, 555, 535, 488, 517, 407, 486, 705, 480, 587, 668, 642, 527, 495, 615, 619, 522, 518, 481, 538, 598, 577, 590, 525, 533, 607, 546, 425, 601, 631, 514, 468, 516, 543, 511, 533, 578, 544, 588, 456, 533, 459, 592, 525, 557, 560, 543, 523, 527, 510, 510, 505, 474, 528, 520, 538, 579, 561, 595, 691, 583, 594, 627, 558, 563, 530, 450, 553, 677, 517, 494, 600, 639, 547, 636, 618, 647, 573, 603, 651, 571, 477, 591, 501, 606, 648, 565, 567, 791, 539, 595, 473, 572, 556, 563, 560, 561, 571, 595, 493, 556, 574, 525, 516, 535, 467, 516, 524, 495, 520, 542, 505, 570, 527, 536, 762, 733, 679, 728, 632, 715, 611, 711, 594, 616, 691, 674, 709, 663, 663, 655, 678, 670, 596, 670, 562, 660, 604, 609, 653, 590, 653, 638, 546, 652, 565, 641, 652, 638, 692, 556, 612, 587, 611, 626, 612, 607, 603, 589, 566, 623, 616, 562, 589, 606, 633, 582, 551, 548, 571, 595, 526, 611, 562, 804, 626, 582, 577, 564, 558, 568, 516, 580, 528, 617, 520, 553, 561, 566, 528, 542, 534, 567, 540, 526, 541, 531, 563, 513, 530, 560, 528, 507, 496, 519, 543, 535]

Control Count:
 [0, 102, 92, 196, 327, 323, 212, 230, 344, 201, 260, 291, 238, 300, 300, 353, 243, 247, 270, 372, 324, 286, 199, 307, 258, 226, 228, 368, 256, 332, 268, 340, 234, 188, 254, 395, 261, 359, 250, 244, 312, 200, 274, 273, 243, 345, 253, 382, 361, 399, 275, 326, 284, 320, 315, 332, 304, 281, 317, 276, 310, 346, 220, 387, 352, 414, 409, 286, 298, 179, 337, 312, 314, 323, 312, 219, 353, 272, 246, 325, 288, 369, 340, 365, 434, 381, 367, 261, 299, 426, 343, 353, 363, 316, 323, 294, 349, 281, 348, 439, 378, 493, 416, 437, 414, 382, 312, 450, 349, 423, 436, 383, 355, 370, 314, 338, 503, 374, 427, 468, 505, 356, 349, 451, 464, 399, 402, 362, 419, 445, 438, 370, 402, 384, 436, 392, 341, 450, 464, 385, 321, 353, 385, 391, 356, 431, 412, 428, 354, 412, 343, 474, 368, 410, 397, 419, 404, 314, 367, 355, 375, 349, 368, 384, 413, 424, 425, 406, 488, 439, 421, 426, 416, 409, 389, 339, 416, 496, 376, 344, 412, 478, 417, 453, 484, 432, 430, 428, 397, 431, 378, 411, 414, 462, 378, 422, 394, 580, 393, 441, 369, 373, 408, 417, 452, 407, 386, 426, 358, 414, 424, 358, 382, 374, 339, 438, 413, 394, 383, 380, 370, 350, 398, 394, 554, 555, 488, 547, 464, 514, 414, 520, 459, 437, 521, 497, 514, 512, 472, 487, 494, 500, 432, 486, 405, 479, 425, 445, 476, 444, 471, 455, 402, 445, 359, 454, 483, 428, 496, 408, 463, 448, 461, 465, 484, 466, 435, 412, 407, 463, 467, 419, 430, 441, 434, 424, 449, 448, 422, 407, 419, 431, 427, 571, 422, 405, 393, 437, 417, 418, 365, 418, 392, 440, 383, 393, 379, 376, 449, 394, 397, 398, 382, 375, 355, 368, 324, 402, 368, 378, 420, 376, 380, 370, 401, 398]

Cluster Number:
 [2, 3, 4, 5, 6, 7, 8, 9, 10, 11, 12, 13, 14, 15, 16, 17, 18, 19, 20, 21, 22, 23, 24, 25, 26, 27, 28, 29, 30, 31, 32, 33, 34, 35, 36, 37, 38, 39, 40, 41, 42, 43, 44, 45, 46, 47, 48, 49, 50, 51, 52, 53, 54, 55, 56, 57, 58, 59, 60, 61, 62, 63, 64, 65, 66, 67, 68, 69, 70, 71, 72, 73, 74, 75, 76, 77, 78, 79, 80, 81, 82, 83, 84, 85, 86, 87, 88, 89, 90, 91, 92, 93, 94, 95, 96, 97, 98, 99, 100, 101, 102, 103, 104, 105, 106, 107, 108, 109, 110, 111, 112, 113, 114, 115, 116, 117, 118, 119, 120, 121, 122, 123, 124, 125, 126, 127, 128, 129, 130, 131, 132, 133, 134, 135, 136, 137, 138, 139, 140, 141, 142, 143, 144, 145, 146, 147, 148, 149, 150, 151, 152, 153, 154, 155, 156, 157, 158, 159, 160, 161, 162, 163, 164, 165, 166, 167, 168, 169, 170, 171, 172, 173, 174, 175, 176, 177, 178, 179, 180, 181, 182, 183, 184, 185, 186, 187, 188, 189, 190, 191, 192, 193, 194, 195, 196, 197, 198, 199, 200, 201, 202, 203, 204, 205, 206, 207, 208, 209, 210, 211, 212, 213, 214, 215, 216, 217, 218, 219, 220, 221, 222, 223, 224, 225, 226, 227, 228, 229, 230, 231, 232, 233, 234, 235, 236, 237, 238, 239, 240, 241, 242, 243, 244, 245, 246, 247, 248, 249, 250, 251, 252, 253, 254, 255, 256, 257, 258, 259, 260, 261, 262, 263, 264, 265, 266, 267, 268, 269, 270, 271, 272, 273, 274, 275, 276, 277, 278, 279, 280, 281, 282, 283, 284, 285, 286, 287, 288, 289, 290, 291, 292, 293, 294, 295, 296, 297, 298, 299, 300, 301, 302, 303, 304, 305, 306, 307, 308, 309, 310, 311, 312, 313, 314, 315, 316]

Odds Ratio:

nan
1.1989416366285757
1.7788708809281746
0.9514431704127253
0.6818284242716883
0.8055175112502444
0.92543569062365
0.795027297243965
1.0655082309903319
0.928094951252705
1.2791611086408772
0.9826511771041699
1.3231657303805495
0.9108317929759705
0.9229925650557622
0.9679793294524168
0.8681749266544587
0.8842288694102699
0.7847018307050935
1.0607012966476912
1.198418643362464
1.2643645014779037
0.9263131131849724
0.8698510763609264
0.9685608474036318
0.9744762362520851
0.8225586798045345
1.0397792282088618
1.008157169117647
1.1189491298527443
1.24422875892909
0.8831567039771373
1.1706953347578348
1.0191457558121046
1.102755203727876
0.9575569620253168
0.86587500951511
0.9105553507876182
0.9015672131147542
1.0053588648574183
1.01475
0.7959240687679082
1.0419574342932008
1.1201754930568488
1.2813132346588454
0.8725465838509314
1.109706692594393
0.9864969872995247
0.9558335967081247
0.883030821606073
0.7831780739853226
1.0589009156865046
1.0204317150575708
0.8308060747663553
1.0868650793650794
1.000411309101954
0.8622082693046486
1.0254382496375378
0.8568819525153576
0.9284022312218231
1.0179732682174527
0.859973448000376
0.8902467930842163
0.9166804765324349
1.089346259800805
0.9527729468599035
0.9030320330631849
1.2427245556079913
1.4469921521048026
1.1311076980202197
0.9184856152870569
1.0504807692307692
1.0607907505983598
1.0367776057791536
0.9548974857826997
0.74727425216662
0.8996494934460078
0.9908153886554621
1.0591494899458467
1.0335114258126812
1.2986475840336138
0.9769679135306434
1.0675751633986925
1.022239372306901
1.2050923205393873
1.0413385826771655
1.0459434441938384
1.0367205777642154
1.0773345012475446
0.8309497085339803
0.9541063398725109
1.0461231289826982
0.9862889346975057
0.8888487040385773
1.4918066110016572
0.9779836887850822
1.094423219781386
0.963552038233745
0.918539938891314
0.9374503363881974
0.6360084574370289
0.9259073523798123
1.161737198971242
1.1592283328534407
1.3791862514688604
0.8774355112481772
0.7083940156229315
1.025010752688172
1.2691825891635828
0.955330903961443
0.8338750429279301
1.056513498827053
1.016179617386861
1.0547559695617947
0.9112978012055544
1.113294241788772
1.113763845498438
0.8775293879446898
1.0209814152868508
1.1648491993319579
0.7796046503605063
1.1967899267706417
1.0849959726935416
0.9988419224088012
0.933836206896552
0.9064676433097487
0.8747140211351998
0.9461264305445934
0.8603849135378963
0.9581316405852204
0.9094216998754671
1.4628876664274892
0.9018952268361164
1.0410156249999996
1.0592840047865975
1.0510070869078703
0.8407810827165666
0.940589430894309
0.9902727956491554
0.9522390862149898
1.1385245403126076
1.1609106311175739
1.0815422919049864
0.906704683121428
1.2287552491204177
0.9551761291900502
0.9225570545958897
1.0192945432619835
0.8905292578922851
0.8787940080415807
0.9623596551082441
0.7671562183074785
1.1052854606112787
0.989686598478888
1.085649143645089
0.879629515129781
0.8832305028532412
1.5322194758690626
1.0414051881669737
1.1177518572052842
0.9718867924528306
0.9910135709562641
1.1199175973110704
0.9833435207823958
0.8928741725135152
1.0027156334231808
0.9182608695652176
1.2066384472434444
1.1482556137208981
0.928845115672772
1.0950473286772786
1.242771196716724
0.9581043956043958
1.0229935735567226
0.9970942781117316
0.9477709830583629
0.9368926452536825
1.002024129544291
1.0179004854368934
1.1125233894680564
1.1907221058222917
0.935774058577406
0.9065501525481188
1.0925118097778184
0.808814541202732
1.32242415287628
0.9395283511889206
1.093393440743077
1.675189822952721
0.9251578115076019
0.8459228824273072
1.1486632401848569
0.7549268590004066
0.889349041051827
1.8485002541942044
0.952652205614291
1.1409330566228224
0.9981384307846076
1.0128009395184967
0.9694895922440832
0.877050349450863
1.3230300162960622
0.9973978867686485
0.9738569799897788
0.7688802551742331
1.026292596944771
1.2189553362086434
1.0663532090748082
1.0201873302239761
0.9613397054823796
0.9800558065373374
1.172458377122629
0.9779293383872315
1.114613588859632
1.0197678427766925
0.6931573186507015
0.8395779152841298
0.8308089078107088
0.9892305629855661
1.1093567251461989
1.0011155022947476
1.5015519299641862
0.9321545538638467
0.9934772219423668
1.0460018590976892
0.8490347490347493
1.0741557377049176
0.8872638634978671
0.995181702078254
1.0855394741626974
1.2391532221310733
1.0098006351446718
0.8575943810359964
1.0988660705799784
0.8916272843110377
0.9785457845109876
1.047072868765476
0.8227135220864662
1.1036622276029056
0.9522774621921792
1.0225172185750928
0.9364478764478763
1.0316149482816148
1.0379427046093714
1.043576546573822
1.0346834716067392
1.119449773755656
1.0092977528089888
1.0189456217269517
0.9290042254644025
1.0548786116495892
1.088992107548809
0.9894002571996415
1.2483024378371803
1.39222198414399
1.1128472222222228
0.9649079534497839
1.2959983299611397
1.0890499523615083
0.9973978867686485
0.9090079102820041
0.8926678675856305
0.9169292896219592
0.959693388693708
0.7858018093177257
0.8697318263002158
1.0460334250052892
1.1310750999428894
1.0497018430902731
0.9586103699939299
0.9018478357540142
0.9575413108933298
1.0112106703146373
1.0210399949453461
1.2170802715157556
1.016624979609592
0.7531846195543298
0.7480549306336709
0.978904657258598
1.1992967382188942
0.8161462065534744
1.1144916750572749
0.9109113069447193
1.2390893169877413
1.267999311779519
1.1430035222542432
1.2012491325468422
0.8627691921883328
0.9521999650953092
0.9899667324947976
1.0816677170055393
1.0456396265474837
0.9707364242455088
1.0831657925407925
0.9892305629855661
1.0777976287152833
1.2147384421245844
1.2647998358830086
0.6803481274541932
1.02017340206456
0.9671013614768995
1.1137247008523279
1.0865556736968196
1.065052109181142
1.2804268912443733
1.1347703189862355
1.6949251163732042
0.8558589265212397
1.129794595183611
1.216501053899428
0.8182401140007125
0.9745575778965416
0.9073538349337544
1.0640013183915622
0.982259377463078
0.9655192204678212
