Case Count:
 [0, 166, 164, 325, 462, 389, 267, 307, 390, 260, 393, 317, 363, 391, 474, 446, 257, 365, 521, 484, 444, 345, 415, 511, 506, 435, 300, 260, 368, 379, 529, 411, 318, 468, 429, 351, 364, 383, 386, 398, 386, 393, 439, 443, 420, 518, 482, 446, 381, 352, 458, 430, 438, 491, 414, 427, 277, 508, 554, 521, 498, 535, 499, 481, 267, 437, 529, 415, 402, 369, 485, 548, 578, 630, 480, 479, 503, 529, 518, 631, 535, 516, 511, 455, 540, 457, 492, 538, 492, 429, 524, 377, 533, 396, 497, 455, 489, 690, 468, 636, 595, 658, 625, 526, 600, 627, 633, 491, 619, 565, 531, 567, 588, 525, 550, 555, 535, 401, 517, 486, 407, 486, 705, 504, 403, 549, 587, 522, 668, 527, 495, 615, 619, 481, 575, 691, 522, 481, 367, 577, 590, 541, 533, 546, 425, 467, 601, 631, 514, 516, 543, 550, 578, 544, 499, 533, 459, 592, 545, 525, 557, 560, 527, 543, 523, 527, 396, 510, 505, 474, 528, 520, 607, 538, 544, 579, 561, 595, 583, 627, 538, 541, 558, 530, 563, 530, 507, 450, 553, 677, 517, 608, 494, 600, 639, 520, 625, 636, 618, 647, 530, 570, 603, 651, 571, 477, 506, 591, 501, 546, 606, 565, 521, 567, 791, 539, 595, 572, 556, 563, 543, 555, 560, 561, 571, 595, 493, 491, 556, 574, 525, 516, 535, 467, 516, 524, 495, 522, 520, 542, 505, 570, 527, 536, 762, 747, 766, 733, 627, 747, 741, 552, 679, 715, 549, 728, 528, 632, 715, 611, 594, 681, 616, 683, 691, 674, 709, 722, 663, 663, 575, 655, 678, 596, 670, 562, 660, 684, 609, 604, 609, 653, 590, 653, 638, 546, 652, 591, 565, 652, 548, 638, 636, 692, 617, 556, 605, 612, 587, 611, 626, 612, 607, 603, 589, 566, 616, 527, 562, 538, 589, 606, 633, 582, 551, 570, 550, 571, 595, 526, 611, 562, 804, 626, 582, 535, 577, 564, 558, 568, 516, 580, 528, 617, 520, 553, 561, 566, 528, 542, 534, 567, 540, 541, 526, 541, 531, 540, 563, 513, 530, 560, 528, 507, 496, 519, 543, 535]

Control Count:
 [0, 105, 124, 258, 327, 319, 230, 244, 249, 201, 291, 185, 328, 300, 353, 340, 186, 289, 372, 324, 286, 258, 268, 368, 299, 340, 254, 188, 254, 269, 395, 338, 261, 359, 312, 183, 282, 274, 280, 273, 243, 266, 345, 327, 309, 382, 361, 407, 304, 270, 326, 333, 373, 298, 290, 310, 220, 387, 414, 357, 369, 409, 341, 343, 179, 312, 381, 312, 269, 272, 353, 395, 419, 458, 358, 340, 365, 387, 265, 434, 413, 377, 367, 360, 426, 343, 353, 408, 363, 351, 420, 340, 323, 294, 349, 348, 326, 510, 373, 495, 437, 493, 487, 371, 416, 437, 414, 384, 450, 403, 349, 423, 428, 400, 396, 436, 383, 338, 370, 391, 314, 338, 503, 422, 333, 424, 427, 347, 468, 356, 349, 451, 464, 348, 406, 488, 399, 362, 249, 438, 370, 378, 384, 392, 341, 356, 450, 464, 385, 353, 385, 437, 431, 412, 373, 412, 343, 474, 388, 368, 410, 397, 405, 419, 404, 314, 302, 355, 375, 349, 368, 384, 462, 413, 463, 424, 425, 406, 439, 426, 419, 398, 416, 402, 409, 389, 364, 339, 416, 496, 376, 456, 344, 412, 478, 361, 453, 453, 484, 432, 430, 439, 428, 397, 431, 378, 436, 411, 414, 390, 462, 422, 408, 394, 580, 393, 441, 373, 408, 417, 391, 387, 452, 407, 386, 426, 358, 375, 414, 424, 358, 382, 374, 339, 438, 413, 394, 405, 383, 380, 370, 350, 398, 394, 554, 591, 577, 555, 384, 537, 556, 410, 488, 529, 411, 547, 392, 464, 514, 414, 459, 489, 437, 486, 521, 497, 514, 513, 512, 472, 434, 487, 494, 432, 486, 405, 479, 476, 439, 425, 445, 476, 444, 471, 455, 402, 445, 455, 359, 483, 361, 428, 463, 496, 464, 408, 414, 463, 448, 461, 465, 484, 466, 435, 412, 407, 467, 386, 419, 401, 430, 441, 434, 424, 449, 416, 422, 422, 407, 419, 431, 427, 571, 422, 405, 446, 393, 437, 417, 418, 365, 418, 392, 440, 383, 393, 379, 376, 449, 394, 397, 398, 382, 353, 375, 355, 368, 391, 324, 402, 368, 378, 420, 376, 380, 370, 401, 398]

Cluster Number:
 [2, 3, 4, 5, 6, 7, 8, 9, 10, 11, 12, 13, 14, 15, 16, 17, 18, 19, 20, 21, 22, 23, 24, 25, 26, 27, 28, 29, 30, 31, 32, 33, 34, 35, 36, 37, 38, 39, 40, 41, 42, 43, 44, 45, 46, 47, 48, 49, 50, 51, 52, 53, 54, 55, 56, 57, 58, 59, 60, 61, 62, 63, 64, 65, 66, 67, 68, 69, 70, 71, 72, 73, 74, 75, 76, 77, 78, 79, 80, 81, 82, 83, 84, 85, 86, 87, 88, 89, 90, 91, 92, 93, 94, 95, 96, 97, 98, 99, 100, 101, 102, 103, 104, 105, 106, 107, 108, 109, 110, 111, 112, 113, 114, 115, 116, 117, 118, 119, 120, 121, 122, 123, 124, 125, 126, 127, 128, 129, 130, 131, 132, 133, 134, 135, 136, 137, 138, 139, 140, 141, 142, 143, 144, 145, 146, 147, 148, 149, 150, 151, 152, 153, 154, 155, 156, 157, 158, 159, 160, 161, 162, 163, 164, 165, 166, 167, 168, 169, 170, 171, 172, 173, 174, 175, 176, 177, 178, 179, 180, 181, 182, 183, 184, 185, 186, 187, 188, 189, 190, 191, 192, 193, 194, 195, 196, 197, 198, 199, 200, 201, 202, 203, 204, 205, 206, 207, 208, 209, 210, 211, 212, 213, 214, 215, 216, 217, 218, 219, 220, 221, 222, 223, 224, 225, 226, 227, 228, 229, 230, 231, 232, 233, 234, 235, 236, 237, 238, 239, 240, 241, 242, 243, 244, 245, 246, 247, 248, 249, 250, 251, 252, 253, 254, 255, 256, 257, 258, 259, 260, 261, 262, 263, 264, 265, 266, 267, 268, 269, 270, 271, 272, 273, 274, 275, 276, 277, 278, 279, 280, 281, 282, 283, 284, 285, 286, 287, 288, 289, 290, 291, 292, 293, 294, 295, 296, 297, 298, 299, 300, 301, 302, 303, 304, 305, 306, 307, 308, 309, 310, 311, 312, 313, 314, 315, 316, 317, 318, 319, 320, 321, 322, 323, 324, 325, 326, 327, 328, 329, 330, 331, 332, 333, 334, 335, 336, 337, 338, 339, 340, 341, 342, 343, 344, 345, 346, 347, 348, 349, 350, 351, 352, 353, 354, 355, 356, 357, 358]

Odds Ratio:

nan
1.1934843662235537
0.9629770187644952
0.882200061604805
1.070978134883995
0.8174735864391037
0.7908643110468935
0.8839742238152971
1.2553367458703089
0.928094951252705
0.9826511771041699
1.3887299063769651
0.6902255882099456
0.9229925650557622
0.9679793294524168
0.9261113140908538
1.0177851382488479
0.8778129524650911
1.0607012966476912
1.198418643362464
1.2643645014779037
0.9685608474036318
1.24422875892909
1.0397792282088618
1.5282778687034004
0.8831567039771373
0.80179762903246
1.0191457558121046
1.102755203727876
1.0554106116931397
0.9575569620253168
0.805173516711978
0.8375190473503019
0.9105553507876182
1.01475
1.6525611208803679
0.9115420824703445
1.0419574342932008
1.018061036569324
1.1201754930568488
1.2813132346588454
1.1439162271350019
0.8725465838509314
0.9867859704760826
0.993381273008183
0.9864969872995247
0.9558335967081247
0.6216470564296651
0.8622082693046486
0.9286347005584441
1.0589009156865046
0.9005398183754898
0.7366047296374963
1.4407541908001593
1.0838567124204888
1.0179732682174527
0.8902467930842163
0.9166804765324349
0.9527729468599035
1.1589223924864063
0.9769679135306434
0.9030320330631849
1.1570619927709198
1.0580096834652226
1.1311076980202197
1.0504807692307692
1.0413385826771655
0.9548974857826997
1.1683161332646743
0.9908153886554621
1.0149809866523747
1.0414166583607434
1.0296935452066718
1.025908778899096
0.9645270060096305
1.0675751633986925
1.022239372306901
1.0046899224806205
1.9784969930679883
1.2050923205393873
0.8811346959845624
1.0074694446406895
1.0459434441938384
0.8559247538677919
0.8309497085339803
0.9541063398725109
1.0461231289826982
0.9206785015796599
0.9862889346975057
0.8066666666666666
0.804021164021164
0.6849797527706735
1.4918066110016572
0.9779836887850822
1.094423219781386
0.918539938891314
1.210227272727273
0.9680039379768642
0.8382755753025536
0.8156376047161031
0.9946696995025966
0.9259073523798123
0.8189911380092941
1.0906075057018456
1.161737198971242
1.1592283328534407
1.3791862514688604
0.8670269691780822
1.025010752688172
1.0707468709950099
1.2691825891635828
0.955330903961443
1.0192945432619835
0.9129022277227724
1.044415127528584
0.8338750429279301
1.056513498827053
0.7707044558006094
1.0547559695617947
0.8136802664926998
0.9112978012055544
1.113294241788772
1.113763845498438
0.7278282687482575
0.8006713938272872
0.8757013406156903
1.0209814152868508
1.2345056610186296
1.1648491993319579
1.1967899267706417
1.0849959726935416
0.9988419224088012
0.933836206896552
1.027382235221675
1.1001989925134286
1.1482556137208981
0.9064676433097487
0.9461264305445934
1.1329588817905072
0.9094216998754671
1.4628876664274892
1.117677139584356
1.0410156249999996
1.0510070869078703
0.8407810827165666
0.922801449486843
0.940589430894309
0.9902727956491554
0.9522390862149898
1.1609106311175739
1.0815422919049864
0.8102739353833704
0.9551761291900502
0.9225570545958897
0.9582392917264166
0.8787940080415807
0.9623596551082441
0.7671562183074785
1.071768954037801
1.1052854606112787
0.989686598478888
1.085649143645089
0.8933849272157733
0.879629515129781
0.8832305028532412
1.5322194758690626
0.9323956611955317
1.1177518572052842
0.9718867924528306
0.9910135709562641
1.1199175973110704
0.9833435207823958
0.8935831249495843
0.8928741725135152
0.6652941011472331
1.0027156334231808
0.9182608695652176
1.2066384472434444
0.928845115672772
1.242771196716724
0.8603849135378963
0.9914456302129203
0.9581043956043958
0.9218942879587024
1.0229935735567226
0.9970942781117316
1.0462931618144888
0.9477709830583629
0.9368926452536825
1.002024129544291
1.0179004854368934
0.9345794392523363
1.1125233894680564
1.1907221058222917
0.935774058577406
1.1269971350974268
1.03476821192053
1.0925118097778184
0.808814541202732
1.32242415287628
0.7753686541936234
0.8752482535009294
1.093393440743077
1.675189822952721
0.9251578115076019
0.8459228824273072
0.6721864358991043
1.1486632401848569
0.7549268590004066
1.063707571801567
0.889349041051827
0.952652205614291
0.8544369953863898
1.1409330566228224
0.9981384307846076
1.0128009395184967
0.9694895922440832
1.3230300162960622
0.9973978867686485
0.9738569799897788
1.0433589971244186
1.1273473448576048
0.7688802551742331
1.026292596944771
1.2189553362086434
1.0663532090748082
1.0201873302239761
0.9147397260273977
0.9613397054823796
0.9800558065373374
1.172458377122629
0.9779293383872315
1.114613588859632
1.0197678427766925
0.6931573186507015
0.8395779152841298
0.8308089078107088
0.8740376740376742
0.9892305629855661
1.1093567251461989
1.0011155022947476
1.5015519299641862
0.9321545538638467
0.9934772219423668
1.0460018590976892
0.625034863613544
0.8470298029792346
0.8490347490347493
1.6057791804635755
1.1006200503407209
0.8861262054186436
0.9677945267516334
1.0741557377049176
0.9600197869370882
0.9490971955436033
0.8872638634978671
0.9707364242455088
0.995181702078254
1.0855394741626974
1.2391532221310733
0.8575943810359964
1.0781713833366313
1.0988660705799784
1.113996788116029
0.8916272843110377
0.9785457845109876
1.047072868765476
1.1422436929683308
0.8227135220864662
1.1036622276029056
0.9244252649118697
0.9522774621921792
1.0225172185750928
1.0316149482816148
1.0379427046093714
1.043576546573822
1.0346834716067392
1.2023666609500943
1.0491030751708426
1.119449773755656
1.0092977528089888
1.0189456217269517
0.9290042254644025
1.0548786116495892
1.088992107548809
0.9894002571996415
1.2483024378371803
0.8684960010403797
1.39222198414399
0.9649079534497839
1.2749652830792275
1.2959983299611397
1.022033186150569
1.0890499523615083
0.9248521772767465
0.9973978867686485
1.2042628377169438
0.9090079102820041
0.8926678675856305
0.9169292896219592
0.959693388693708
0.7858018093177257
0.8697318263002158
1.0460334250052892
1.1310750999428894
1.0497018430902731
0.9018478357540142
1.0018882272574952
0.9575413108933298
0.9607694319189238
1.0112106703146373
1.0210399949453461
1.2170802715157556
1.016624979609592
0.7531846195543298
1.0114232911934862
0.8906576298315594
0.978904657258598
1.1992967382188942
0.8161462065534744
1.1144916750572749
0.9109113069447193
1.2390893169877413
1.267999311779519
1.1430035222542432
0.7154685757210171
1.2012491325468422
0.8627691921883328
0.9521999650953092
0.9899667324947976
1.0816677170055393
1.0456396265474837
0.9707364242455088
1.0831657925407925
0.9892305629855661
1.0777976287152833
1.2147384421245844
1.2647998358830086
0.6803481274541932
1.02017340206456
0.9671013614768995
1.1137247008523279
1.0865556736968196
1.295581320639
1.065052109181142
1.2804268912443733
1.1347703189862355
1.0295925679984745
1.6949251163732042
0.8558589265212397
1.129794595183611
1.216501053899428
0.8182401140007125
0.9745575778965416
0.9073538349337544
1.0640013183915622
0.982259377463078
0.9655192204678212
