Case Count:
 [0, 76, 171, 195, 137, 382, 299, 241, 369, 319, 289, 212, 272, 267, 377, 321, 303, 544, 492, 254, 422, 468, 404, 305, 511, 391, 431, 499, 438, 322, 442, 333, 456, 524, 377, 283, 301, 484, 436, 329, 464, 535, 404, 491, 379, 429, 276, 555, 162, 407, 435, 583, 477, 394, 368, 585, 493, 422, 404, 533, 332, 654, 482, 484, 384, 475, 605, 309, 459, 457, 490, 426, 558, 437, 322, 603, 701, 448, 612, 490, 465, 460, 611, 589, 441, 533, 667, 356, 232, 318, 321, 445, 508, 566, 501, 505, 495, 537, 529, 490, 558, 531, 440, 505, 598, 617, 458, 516, 587, 572, 499, 492, 722, 548, 453, 425, 629, 467, 541, 774, 690, 489, 472, 586, 578, 535, 540, 479, 454, 549, 395, 489, 488, 496, 605, 546, 749, 476, 468, 610, 522, 593, 601, 367, 503, 387, 633, 556, 567, 575, 529, 555, 533, 384, 532, 586, 806, 477, 537, 414, 517, 558, 880, 549, 657, 580, 669, 747, 615, 481, 594, 544, 631, 526, 533, 515, 623, 538, 601, 514, 543, 511, 659, 533, 631, 592, 610, 822, 543, 523, 510, 701, 505, 553, 568, 540, 779, 907, 674, 723, 665, 561, 712, 607, 603, 648, 530, 553, 677, 576, 535, 600, 569, 639, 520, 562, 636, 703, 618, 647, 522, 530, 579, 603, 651, 603, 571, 501, 606, 579, 525, 631, 516, 543, 595, 527, 572, 611, 643, 560, 571, 545, 595, 493, 516, 556, 908, 535, 516, 495, 535, 815, 799, 702, 728, 609, 620, 715, 721, 724, 691, 629, 794, 678, 596, 670, 636, 660, 604, 712, 609, 653, 687, 590, 653, 570, 687, 680, 579, 652, 546, 652, 638, 630, 692, 556, 612, 587, 626, 612, 554, 790, 607, 657, 578, 603, 589, 566, 530, 616, 592, 594, 591, 589, 904, 633, 593, 582, 551, 570, 610, 907, 571, 595, 526, 571, 611, 562, 583, 896, 546, 588, 626, 577, 914, 569, 564, 558, 568, 516, 572, 889, 543, 768, 580, 528, 617, 520, 487, 542, 561, 524, 571, 566]

Control Count:
 [0, 39, 120, 144, 112, 269, 200, 169, 324, 222, 198, 164, 204, 230, 306, 221, 249, 340, 352, 196, 317, 351, 239, 220, 368, 301, 302, 324, 301, 243, 276, 281, 357, 392, 295, 212, 226, 324, 302, 263, 315, 389, 277, 349, 266, 341, 228, 402, 170, 199, 340, 424, 356, 294, 254, 418, 342, 302, 281, 395, 236, 483, 361, 351, 299, 327, 423, 243, 328, 340, 382, 328, 372, 345, 275, 430, 495, 315, 461, 385, 345, 351, 445, 439, 346, 342, 464, 265, 182, 252, 246, 325, 387, 400, 380, 342, 300, 394, 393, 369, 392, 423, 313, 393, 409, 463, 312, 377, 418, 357, 366, 353, 525, 395, 288, 348, 439, 334, 413, 582, 522, 384, 316, 389, 426, 380, 426, 346, 333, 422, 330, 347, 355, 345, 443, 373, 546, 348, 373, 431, 349, 414, 416, 267, 386, 275, 414, 418, 423, 430, 364, 436, 383, 303, 407, 375, 589, 359, 375, 327, 370, 387, 637, 424, 483, 418, 489, 543, 451, 348, 421, 389, 464, 374, 384, 346, 453, 406, 450, 385, 385, 391, 505, 412, 477, 474, 436, 599, 419, 404, 355, 498, 375, 436, 401, 404, 547, 669, 458, 539, 510, 425, 529, 435, 437, 461, 389, 416, 496, 358, 385, 412, 494, 478, 361, 421, 453, 528, 484, 432, 358, 430, 433, 428, 397, 440, 431, 414, 462, 322, 456, 440, 388, 436, 441, 373, 373, 459, 460, 452, 386, 436, 426, 358, 361, 414, 665, 374, 438, 394, 369, 606, 561, 507, 547, 506, 457, 514, 503, 498, 521, 430, 570, 494, 432, 486, 494, 479, 425, 510, 445, 476, 475, 444, 471, 430, 506, 507, 399, 483, 395, 508, 428, 455, 496, 408, 429, 448, 465, 484, 398, 571, 466, 487, 455, 435, 412, 407, 459, 467, 444, 416, 431, 430, 659, 434, 401, 424, 449, 416, 388, 671, 422, 407, 419, 402, 431, 427, 433, 660, 426, 386, 422, 393, 670, 405, 437, 417, 418, 365, 407, 658, 390, 550, 418, 392, 440, 383, 380, 380, 379, 384, 396, 376]

Cluster Number:
 [2, 3, 4, 5, 6, 7, 8, 9, 10, 11, 12, 13, 14, 15, 16, 17, 18, 19, 20, 21, 22, 23, 24, 25, 26, 27, 28, 29, 30, 31, 32, 33, 34, 35, 36, 37, 38, 39, 40, 41, 42, 43, 44, 45, 46, 47, 48, 49, 50, 51, 52, 53, 54, 55, 56, 57, 58, 59, 60, 61, 62, 63, 64, 65, 66, 67, 68, 69, 70, 71, 72, 73, 74, 75, 76, 77, 78, 79, 80, 81, 82, 83, 84, 85, 86, 87, 88, 89, 90, 91, 92, 93, 94, 95, 96, 97, 98, 99, 100, 101, 102, 103, 104, 105, 106, 107, 108, 109, 110, 111, 112, 113, 114, 115, 116, 117, 118, 119, 120, 121, 122, 123, 124, 125, 126, 127, 128, 129, 130, 131, 132, 133, 134, 135, 136, 137, 138, 139, 140, 141, 142, 143, 144, 145, 146, 147, 148, 149, 150, 151, 152, 153, 154, 155, 156, 157, 158, 159, 160, 161, 162, 163, 164, 165, 166, 167, 168, 169, 170, 171, 172, 173, 174, 175, 176, 177, 178, 179, 180, 181, 182, 183, 184, 185, 186, 187, 188, 189, 190, 191, 192, 193, 194, 195, 196, 197, 198, 199, 200, 201, 202, 203, 204, 205, 206, 207, 208, 209, 210, 211, 212, 213, 214, 215, 216, 217, 218, 219, 220, 221, 222, 223, 224, 225, 226, 227, 228, 229, 230, 231, 232, 233, 234, 235, 236, 237, 238, 239, 240, 241, 242, 243, 244, 245, 246, 247, 248, 249, 250, 251, 252, 253, 254, 255, 256, 257, 258, 259, 260, 261, 262, 263, 264, 265, 266, 267, 268, 269, 270, 271, 272, 273, 274, 275, 276, 277, 278, 279, 280, 281, 282, 283, 284, 285, 286, 287, 288, 289, 290, 291, 292, 293, 294, 295, 296, 297, 298, 299, 300, 301, 302, 303, 304, 305, 306, 307, 308, 309, 310, 311, 312, 313, 314, 315, 316, 317, 318, 319, 320, 321, 322, 323, 324, 325, 326, 327, 328, 329, 330, 331, 332, 333, 334, 335, 336, 337, 338, 339, 340, 341, 342, 343, 344]

Odds Ratio:

nan
1.4666786905942826
1.054650395778364
0.9907186648501362
0.8787991522366523
1.0695989615544064
1.1414206349206348
1.0612357231319662
0.7260416666666667
1.0812361541869742
1.1015388257575756
0.9321019151614109
0.9680365296803655
0.7908643110468935
0.83697428246661
1.0989223624672537
0.8397551868817121
1.4171428571428573
1.052293530268359
0.9311413454270596
0.9557550756288926
0.9544468546637745
1.4231360828850366
1.024220571095571
1.0397792282088618
0.9175116402573825
1.0861259607968299
1.2786606373815679
1.1261849503691022
0.9561697886793987
1.331800732077493
0.7953378394516228
0.8749444809636331
0.9538674729150919
0.893650208793908
0.9691497751036862
0.9649611070401893
1.198418643362464
1.109869295971414
0.8714955640050697
1.1594060419866872
1.0192736810512442
1.1223379749011517
1.0663997592599863
1.0750854408749149
0.8554838709677418
0.8397678729749336
1.029910607390853
0.6348799754582407
1.888503821790947
0.8831567039771373
1.0213150289017345
0.9634147857213882
0.9694068281518214
1.102755203727876
1.0699830310448428
1.120815226138741
1.0445680995859297
1.09540755804101
0.9745428973277075
1.0486046049456321
0.9749068322981369
0.9558335967081247
1.0225679439162587
0.9001748949096376
1.1326435759608777
1.1389107783906833
0.8983273596176824
1.0510313959522577
0.9710680458624129
0.8736538300993452
0.9114702031712166
1.2493261455525606
0.8650406504065037
0.7831780739853226
1.0797046654301614
1.1552897395002657
1.0821898821898823
0.9213272477196054
0.8581486850279564
0.9760119940029983
0.9221292803382354
1.0189809907427039
0.9549644914913572
0.874958542594523
1.334152932837143
1.1906011450381682
0.9753103493694227
0.9126081952480803
0.886018237082067
0.9335887355584083
1.007120152574698
0.9166804765324349
1.0953581267217634
0.9272073290703392
1.180590036411784
1.4485023041474654
0.9978698332124726
0.9691603053435115
0.9437561346000706
1.108848121458826
0.813749599059125
1.057906531553604
0.8728215468817513
1.2014861980070766
0.9311208949437894
1.150048995590397
1.0074694446406895
1.079919695570665
1.4541345950144762
0.9987609607319864
1.0461231289826982
1.0364113181504486
1.0414166583607434
1.2986475840336138
0.8069068144499179
1.155793470007593
1.050165901962309
0.9047951873393074
0.849418024609245
0.8793824844899728
0.8595703124999999
1.1929756529928262
1.2824390865417041
0.9857148589542957
1.0755744055570398
0.8309497085339803
1.0306037251123956
0.9988430535798957
0.8866986779745569
0.7867722165474974
1.0697275347131256
1.016179617386861
1.1156140174716331
1.0031909260652676
1.1771606969109403
1.028846153846154
1.0054807033569306
0.8382755753025536
1.1091796434623857
1.2200812430038794
1.1382203243616291
1.1672212124765482
1.0125554800271903
0.9023875550366101
1.0541563233814157
1.3791862514688604
0.9378760085688264
0.955330903961443
0.9481342793325449
1.1517376373626373
0.8338750429279301
1.0472479362818785
0.8789899173403579
0.902146937411421
1.3940991253644313
1.0235344458707754
0.9465452214854437
1.1178367346938778
0.8702591965796741
1.0547559695617947
1.142606406318561
1.2405087623746516
0.8757013406156903
0.9901808549506763
1.0456396265474837
1.0102878716375647
1.043106065205513
0.9988419224088012
1.027382235221675
1.0950473286772786
1.0606483490802259
0.9902727956491554
1.0713897108584016
1.0410156249999996
1.204413448381782
1.0247154049257672
0.9319919871996776
0.940589430894309
0.9522390862149898
1.0815422919049864
0.906704683121428
0.8506343967730109
0.8787940080415807
0.905575957114516
0.7671562183074785
1.0745304995542262
1.05165930756869
0.879629515129781
0.8832305028532412
1.1177518572052842
1.1298087085182833
0.9718867924528306
0.8264505660745657
1.098638445437652
0.951793122757006
1.2722242535039607
0.7395026498165517
1.2869423752033566
0.9246356971738383
0.8445855614973259
0.9182608695652176
0.9427752563309609
1.0660526879417433
1.032780671336918
1.1005009996834976
0.9970942781117316
0.9368926452536825
1.002024129544291
1.4722015604475605
1.0439712571692268
1.1907221058222917
0.5983074673864148
0.935774058577406
1.1269971350974268
0.9457176697495906
1.0925118097778184
0.9013726870474655
0.808814541202732
1.32242415287628
1.1571657996239004
0.7753686541936234
0.947489277466183
1.093393440743077
1.675189822952721
1.013127440044618
0.9251578115076019
0.7549268590004066
0.889349041051827
1.8443744454303461
0.6412031005732153
1.1597849298352652
0.9434861835700556
0.7904822455673338
0.9694895922440832
1.0824963653581956
1.3230300162960622
0.9292966662556006
1.0801383399209483
0.7688802551742331
1.2189553362086434
0.797526041666667
1.0663532090748082
1.0201873302239761
1.107496663156553
0.9613397054823796
1.0403150733977777
1.114613588859632
0.6931573186507015
0.8308089078107088
1.1481160496884155
0.8847924266110817
1.3146853146853148
1.0613351406302947
0.8872638634978671
0.65819540513834
0.9834788581787798
1.0855394741626974
1.2266592751185197
1.2977960622979723
0.8916272843110377
1.2238682170542634
1.1453411306042884
1.0225172185750928
1.0316149482816148
1.0379427046093714
0.8216827182158601
1.0346834716067392
1.119449773755656
1.1001355380862021
1.0092977528089888
1.0189456217269517
1.2311613745106569
0.9290042254644025
1.0548786116495892
0.9267992485586576
0.9818132819390455
0.9372400845987497
1.1691944146079485
0.9649079534497839
1.0321975080146746
0.801586173569459
1.2959983299611397
1.0465654746591202
1.0890499523615083
0.9973978867686485
1.1340583706514304
0.8926678675856305
0.959693388693708
0.7858018093177257
1.050465661641541
1.0948859126359156
0.8697318263002158
0.9622086000724727
0.8179330640869102
1.0460334250052892
1.1310750999428894
1.0497018430902731
0.6424558127344503
0.9018478357540142
0.9376854599406529
1.129520665901263
1.0142231496862941
1.0112106703146373
1.2071623672230647
1.2170802715157556
1.232335827098919
1.016624979609592
0.7531846195543298
1.0114232911934862
1.4440261125294898
0.6144153908684455
0.978904657258598
1.1992967382188942
0.8161462065534744
1.106958225631618
1.1144916750572749
0.9109113069447193
0.965064277990629
0.8639118457300288
0.8533446107454127
1.3178247458708765
1.267999311779519
1.2012491325468422
1.000398009950251
1.077119341563786
0.8627691921883328
0.9521999650953092
0.9899667324947976
1.0816677170055393
1.0786584904231962
0.7768617021276603
1.049641291351136
1.1361716544325247
1.0456396265474837
0.9707364242455088
1.0831657925407925
0.9892305629855661
0.8727494641581329
1.1093567251461989
1.2147384421245844
1.0006944444444443
1.1478965633993565
1.2647998358830086
