Case Count:
 [0, 1, 166, 325, 465, 389, 267, 307, 390, 260, 317, 363, 173, 471, 474, 422, 340, 444, 521, 484, 840, 391, 472, 415, 303, 387, 365, 345, 614, 511, 443, 435, 407, 467, 368, 529, 602, 429, 351, 411, 398, 393, 384, 439, 347, 465, 390, 417, 518, 414, 482, 382, 352, 458, 446, 491, 635, 425, 427, 529, 277, 808, 465, 513, 776, 535, 505, 267, 520, 437, 529, 415, 396, 426, 462, 548, 508, 578, 630, 613, 607, 473, 480, 479, 514, 503, 529, 518, 631, 512, 516, 511, 582, 540, 525, 492, 524, 533, 396, 497, 489, 907, 473, 690, 583, 649, 498, 468, 637, 636, 564, 658, 625, 600, 627, 475, 633, 491, 491, 619, 565, 567, 588, 526, 555, 535, 488, 411, 401, 542, 517, 486, 407, 486, 705, 549, 587, 689, 522, 668, 483, 509, 527, 495, 615, 481, 691, 522, 481, 367, 571, 544, 577, 540, 590, 541, 533, 546, 425, 601, 631, 514, 516, 543, 550, 578, 544, 551, 532, 533, 459, 592, 545, 525, 557, 560, 543, 523, 396, 510, 505, 528, 520, 607, 611, 538, 556, 544, 655, 579, 561, 595, 607, 583, 634, 627, 538, 530, 563, 530, 507, 597, 450, 553, 677, 517, 515, 608, 600, 639, 520, 610, 625, 636, 546, 618, 647, 530, 570, 613, 603, 651, 571, 477, 593, 506, 591, 501, 546, 606, 565, 521, 516, 528, 791, 539, 595, 451, 572, 556, 563, 543, 555, 560, 561, 571, 595, 493, 491, 482, 475, 556, 574, 525, 516, 593, 535, 467, 516, 524, 495, 522, 520, 481, 542, 505, 570, 527, 536, 747, 612, 766, 733, 747, 741, 679, 715, 598, 549, 728, 528, 632, 605, 658, 715, 594, 681, 616, 691, 679, 674, 709, 722, 663, 795, 663, 575, 655, 678, 596, 670, 636, 562, 660, 684, 609, 604, 609, 653, 572, 590, 653, 638, 546, 652, 591, 565, 579, 652, 548, 638, 636, 630, 692, 617, 590, 556, 605, 612, 587, 626, 612, 643, 607, 603, 589, 566, 616, 527, 562, 538, 589, 606, 633, 582, 551, 570, 550, 571, 595, 526, 611, 564, 562, 804, 626, 582, 535, 577, 564, 558, 568, 516, 580, 502, 528, 617, 520, 553, 561, 548, 566, 528, 542, 534, 567, 540, 541, 526, 541, 531, 540, 563, 513, 530, 560, 528, 507, 496, 519, 543, 535]

Control Count:
 [0, 0, 105, 258, 374, 319, 230, 244, 249, 201, 235, 328, 149, 336, 353, 271, 235, 283, 372, 324, 579, 301, 372, 268, 226, 307, 289, 258, 483, 368, 334, 340, 224, 359, 254, 395, 399, 312, 183, 338, 273, 266, 299, 345, 241, 329, 284, 279, 382, 341, 361, 245, 270, 326, 407, 298, 468, 325, 310, 375, 220, 585, 335, 395, 547, 409, 387, 179, 369, 312, 381, 312, 320, 347, 349, 395, 388, 419, 458, 458, 436, 351, 358, 340, 401, 365, 387, 265, 434, 352, 377, 367, 417, 426, 400, 353, 420, 323, 294, 349, 326, 669, 403, 510, 307, 467, 369, 373, 453, 495, 422, 493, 487, 416, 437, 344, 414, 382, 384, 450, 403, 423, 428, 376, 436, 383, 355, 360, 338, 389, 370, 391, 314, 338, 503, 424, 427, 481, 347, 468, 381, 385, 356, 349, 451, 348, 488, 399, 362, 249, 435, 389, 438, 412, 370, 378, 384, 392, 341, 450, 464, 385, 353, 385, 437, 431, 412, 412, 385, 412, 343, 474, 388, 368, 410, 397, 419, 404, 302, 355, 375, 368, 384, 462, 441, 413, 319, 463, 484, 424, 425, 406, 435, 439, 481, 426, 419, 402, 409, 389, 364, 453, 339, 416, 496, 376, 346, 456, 412, 478, 361, 442, 453, 453, 383, 484, 432, 430, 439, 413, 428, 397, 431, 378, 420, 436, 411, 414, 390, 462, 422, 408, 388, 407, 580, 393, 441, 376, 373, 408, 417, 391, 387, 452, 407, 386, 426, 358, 375, 330, 352, 414, 424, 358, 382, 373, 374, 339, 438, 413, 394, 405, 383, 377, 380, 370, 350, 398, 394, 591, 444, 577, 555, 537, 556, 488, 529, 441, 411, 547, 392, 464, 412, 476, 514, 459, 489, 437, 521, 500, 497, 514, 513, 512, 589, 472, 434, 487, 494, 432, 486, 494, 405, 479, 476, 439, 425, 445, 476, 414, 444, 471, 455, 402, 445, 455, 359, 399, 483, 361, 428, 463, 455, 496, 464, 421, 408, 414, 463, 448, 465, 484, 462, 466, 435, 412, 407, 467, 386, 419, 401, 430, 441, 434, 424, 449, 416, 422, 422, 407, 419, 431, 382, 427, 571, 422, 405, 446, 393, 437, 417, 418, 365, 418, 350, 392, 440, 383, 393, 379, 418, 376, 449, 394, 397, 398, 382, 353, 375, 355, 368, 391, 324, 402, 368, 378, 420, 376, 380, 370, 401, 398]

Cluster Number:
 [2, 3, 4, 5, 6, 7, 8, 9, 10, 11, 12, 13, 14, 15, 16, 17, 18, 19, 20, 21, 22, 23, 24, 25, 26, 27, 28, 29, 30, 31, 32, 33, 34, 35, 36, 37, 38, 39, 40, 41, 42, 43, 44, 45, 46, 47, 48, 49, 50, 51, 52, 53, 54, 55, 56, 57, 58, 59, 60, 61, 62, 63, 64, 65, 66, 67, 68, 69, 70, 71, 72, 73, 74, 75, 76, 77, 78, 79, 80, 81, 82, 83, 84, 85, 86, 87, 88, 89, 90, 91, 92, 93, 94, 95, 96, 97, 98, 99, 100, 101, 102, 103, 104, 105, 106, 107, 108, 109, 110, 111, 112, 113, 114, 115, 116, 117, 118, 119, 120, 121, 122, 123, 124, 125, 126, 127, 128, 129, 130, 131, 132, 133, 134, 135, 136, 137, 138, 139, 140, 141, 142, 143, 144, 145, 146, 147, 148, 149, 150, 151, 152, 153, 154, 155, 156, 157, 158, 159, 160, 161, 162, 163, 164, 165, 166, 167, 168, 169, 170, 171, 172, 173, 174, 175, 176, 177, 178, 179, 180, 181, 182, 183, 184, 185, 186, 187, 188, 189, 190, 191, 192, 193, 194, 195, 196, 197, 198, 199, 200, 201, 202, 203, 204, 205, 206, 207, 208, 209, 210, 211, 212, 213, 214, 215, 216, 217, 218, 219, 220, 221, 222, 223, 224, 225, 226, 227, 228, 229, 230, 231, 232, 233, 234, 235, 236, 237, 238, 239, 240, 241, 242, 243, 244, 245, 246, 247, 248, 249, 250, 251, 252, 253, 254, 255, 256, 257, 258, 259, 260, 261, 262, 263, 264, 265, 266, 267, 268, 269, 270, 271, 272, 273, 274, 275, 276, 277, 278, 279, 280, 281, 282, 283, 284, 285, 286, 287, 288, 289, 290, 291, 292, 293, 294, 295, 296, 297, 298, 299, 300, 301, 302, 303, 304, 305, 306, 307, 308, 309, 310, 311, 312, 313, 314, 315, 316, 317, 318, 319, 320, 321, 322, 323, 324, 325, 326, 327, 328, 329, 330, 331, 332, 333, 334, 335, 336, 337, 338, 339, 340, 341, 342, 343, 344, 345, 346, 347, 348, 349, 350, 351, 352, 353, 354, 355, 356, 357, 358, 359, 360, 361, 362, 363, 364, 365, 366, 367, 368, 369, 370, 371, 372, 373, 374, 375, 376, 377, 378, 379, 380, 381, 382, 383, 384, 385, 386, 387, 388, 389, 390, 391, 392]

Odds Ratio:

nan
inf
1.1934843662235537
0.882200061604805
0.8226247003503594
0.8174735864391037
0.7908643110468935
0.8839742238152971
1.2553367458703089
0.928094951252705
0.983048254762898
0.6902255882099456
0.8170519512801392
1.0559302869619465
0.9679793294524168
1.2592705808714897
1.0955460029621065
1.2874722232341262
1.0607012966476912
1.198418643362464
1.6626884787797647
0.9175116402573825
0.8579092256652784
1.24422875892909
0.9744762362520851
0.8698510763609264
0.8778129524650911
0.9685608474036318
0.7990535344572613
1.0397792282088618
0.9470010596091765
0.8831567039771373
1.5907139436234266
0.9066430319912215
1.102755203727876
0.9575569620253168
1.3011427651698055
1.01475
1.6525611208803679
0.805173516711978
1.1201754930568488
1.1439162271350019
0.9001748949096376
0.8725465838509314
1.0885343143545654
1.0722146525521437
1.011458360552928
1.1735131048387095
0.9864969872995247
0.8015260655410985
0.9558335967081247
1.2427862552699325
0.9286347005584441
1.0589009156865046
0.6216470564296651
1.4407541908001593
0.9830150008721438
0.9236874236874237
1.0179732682174527
1.0791600000000003
0.8902467930842163
1.095825386734478
1.0350617601646936
0.892879746835443
1.2424752960294412
0.9030320330631849
0.9048193652186634
1.1311076980202197
1.0749995030512651
1.0504807692307692
1.0413385826771655
0.9548974857826997
0.8381566604127579
0.8151895543167509
0.9411042869501727
1.0414166583607434
0.9112079731615937
1.0296935452066718
1.025908778899096
0.9445235199823117
1.0592840047865975
0.9752211725895938
0.9645270060096305
1.0675751633986925
0.8648258870895048
1.022239372306901
1.0046899224806205
1.9784969930679883
1.2050923205393873
1.147591018094615
1.0074694446406895
1.0459434441938384
1.0618456243650616
0.8309497085339803
0.9129022277227724
1.0461231289826982
0.804021164021164
1.4918066110016572
0.9779836887850822
1.094423219781386
1.210227272727273
0.7395026498165517
0.7155435113839189
0.9680039379768642
2.0527009470731117
1.062144386662588
0.9769679135306434
0.8382755753025536
1.0979769572711606
0.8156376047161031
0.9483607089528014
0.9259073523798123
0.8189911380092941
1.161737198971242
1.1592283328534407
1.0249654236246282
1.3791862514688604
0.8774355112481772
0.8670269691780822
1.025010752688172
1.0707468709950099
0.955330903961443
1.0192945432619835
1.0587482181511012
0.8338750429279301
1.056513498827053
1.016179617386861
0.707480694980695
0.7707044558006094
1.0512876719608353
1.0547559695617947
0.8136802664926998
0.9112978012055544
1.113294241788772
1.113763845498438
0.8757013406156903
1.0209814152868508
1.1936936936936935
1.2345056610186296
1.1648491993319579
0.8527241269729174
0.9317501546072977
1.1967899267706417
1.0849959726935416
0.9988419224088012
1.027382235221675
1.1482556137208981
0.9064676433097487
0.9461264305445934
1.1329588817905072
0.9019842034290118
1.0606483490802259
0.9094216998754671
0.9063568522724436
1.4628876664274892
1.117677139584356
1.0410156249999996
1.0510070869078703
0.8407810827165666
0.940589430894309
0.9902727956491554
0.9522390862149898
1.1609106311175739
1.0815422919049864
0.8102739353833704
0.9551761291900502
0.9225570545958897
0.9517324189654284
1.030272498282574
0.8787940080415807
0.9623596551082441
0.7671562183074785
1.071768954037801
1.1052854606112787
0.989686598478888
1.085649143645089
0.879629515129781
0.8832305028532412
0.9323956611955317
1.1177518572052842
0.9718867924528306
1.1199175973110704
0.9833435207823958
0.8935831249495843
1.045650964788431
0.8928741725135152
1.6915461352920906
0.6652941011472331
0.9729972250708816
1.0027156334231808
0.9182608695652176
1.2066384472434444
1.0660526879417433
0.928845115672772
0.8936185207371646
1.242771196716724
0.8603849135378963
0.9218942879587024
1.0229935735567226
0.9970942781117316
1.0462931618144888
0.9050506662411237
0.9477709830583629
0.9368926452536825
1.002024129544291
1.0179004854368934
1.204413448381782
0.9345794392523363
1.1907221058222917
0.935774058577406
1.1269971350974268
1.033986297677981
1.03476821192053
1.0925118097778184
1.1092038257810741
0.808814541202732
1.32242415287628
0.7753686541936234
0.8752482535009294
1.258804057988782
1.093393440743077
1.675189822952721
0.9251578115076019
0.8459228824273072
1.0967474489795916
0.6721864358991043
1.1486632401848569
0.7549268590004066
1.063707571801567
0.889349041051827
0.952652205614291
0.8544369953863898
0.9434861835700556
0.8864325672305724
0.9981384307846076
1.0128009395184967
0.9694895922440832
0.7653509748063742
1.3230300162960622
0.9973978867686485
0.9738569799897788
1.0433589971244186
1.1273473448576048
0.7688802551742331
1.026292596944771
1.2189553362086434
1.0663532090748082
1.0201873302239761
0.9147397260273977
1.1469188529591214
0.9778922206647975
0.9613397054823796
0.9800558065373374
1.172458377122629
0.9779293383872315
1.4573279714030383
1.114613588859632
1.0197678427766925
0.6931573186507015
0.8395779152841298
0.8308089078107088
0.8740376740376742
0.9892305629855661
0.8657635467980296
1.1093567251461989
1.0011155022947476
1.5015519299641862
0.9321545538638467
0.9934772219423668
0.625034863613544
1.0305226362008697
0.8470298029792346
0.8490347490347493
1.1006200503407209
0.8861262054186436
1.0741557377049176
0.9600197869370882
0.9832089935672154
0.9490971955436033
0.8872638634978671
0.9707364242455088
0.995181702078254
1.219173259019537
1.045691339266334
1.0855394741626974
0.8575943810359964
1.0781713833366313
1.0988660705799784
0.8916272843110377
0.9831919999999995
0.9785457845109876
1.047072868765476
1.1422436929683308
0.8227135220864662
0.9266908243164486
1.1036622276029056
0.9244252649118697
0.9522774621921792
1.0225172185750928
1.0316149482816148
1.0379427046093714
0.8216827182158601
1.043576546573822
1.0346834716067392
1.2023666609500943
1.0491030751708426
1.119449773755656
1.0092977528089888
1.0189456217269517
1.033329273738481
0.9290042254644025
1.0548786116495892
1.088992107548809
0.9894002571996415
1.2483024378371803
0.8684960010403797
1.39222198414399
1.1691944146079485
0.9649079534497839
1.2749652830792275
1.2959983299611397
1.022033186150569
1.0465654746591202
1.0890499523615083
0.9248521772767465
1.074839369670471
0.9973978867686485
1.2042628377169438
0.9090079102820041
0.8926678675856305
0.959693388693708
0.7858018093177257
1.0657297248206334
0.8697318263002158
1.0460334250052892
1.1310750999428894
1.0497018430902731
0.9018478357540142
1.0018882272574952
0.9575413108933298
0.9607694319189238
1.0112106703146373
1.0210399949453461
1.2170802715157556
1.016624979609592
0.7531846195543298
1.0114232911934862
0.8906576298315594
0.978904657258598
1.1992967382188942
0.8161462065534744
1.1144916750572749
1.2094671161156136
0.9109113069447193
1.2390893169877413
1.267999311779519
1.1430035222542432
0.7154685757210171
1.2012491325468422
0.8627691921883328
0.9521999650953092
0.9899667324947976
1.0816677170055393
1.0456396265474837
1.1118233522917365
0.9707364242455088
1.0831657925407925
0.9892305629855661
1.0777976287152833
1.2147384421245844
0.9049718067538209
1.2647998358830086
0.6803481274541932
1.02017340206456
0.9671013614768995
1.1137247008523279
1.0865556736968196
1.295581320639
1.065052109181142
1.2804268912443733
1.1347703189862355
1.0295925679984745
1.6949251163732042
0.8558589265212397
1.129794595183611
1.216501053899428
0.8182401140007125
0.9745575778965416
0.9073538349337544
1.0640013183915622
0.982259377463078
0.9655192204678212
