Case Count:
 [0, 154, 154, 348, 446, 381, 225, 222, 360, 235, 369, 444, 406, 261, 240, 419, 358, 320, 247, 470, 415, 387, 430, 212, 464, 407, 316, 308, 412, 424, 445, 421, 353, 396, 453, 401, 397, 431, 335, 387, 418, 453, 402, 556, 513, 348, 531, 574, 421, 405, 436, 385, 448, 410, 483, 356, 415, 447, 481, 491, 452, 412, 446, 490, 328, 524, 383, 495, 486, 443, 402, 428, 476, 432, 521, 515, 484, 459, 373, 536, 433, 460, 531, 572, 446, 318, 494, 430, 523, 407, 438, 525, 490, 525, 421, 440, 404, 494, 462, 520, 422, 414, 481, 570, 481, 501, 414, 506, 520, 468, 450, 514, 455, 462, 473, 450, 384, 461, 460, 454, 604, 544, 548, 489, 497, 607, 574, 589, 566, 594, 589, 564, 569, 563, 570, 595, 526, 469, 500, 558, 436, 500, 568, 535, 503, 502, 519, 410, 498, 561, 484, 548, 566, 534, 491, 483, 540, 526, 533, 541, 500, 441, 513, 560, 515, 509, 507, 464, 445, 543, 521, 508, 523, 509, 525, 518, 477, 473, 479, 533, 472, 481, 446, 494, 514, 466, 509, 502, 487, 491, 510, 487, 482, 469, 458, 451, 518, 459, 449, 466, 491, 473, 463, 468, 457, 505, 470, 487, 449, 485, 470, 463, 417, 440, 464, 460, 484, 473, 501, 484, 446, 447, 430, 418, 493]

Control Count:
 [0, 121, 99, 243, 290, 246, 208, 160, 272, 183, 282, 310, 351, 231, 175, 314, 287, 244, 179, 266, 282, 270, 325, 208, 309, 288, 228, 231, 325, 334, 340, 321, 315, 284, 350, 317, 266, 302, 241, 316, 293, 313, 301, 317, 309, 235, 409, 279, 335, 287, 294, 303, 320, 271, 271, 258, 316, 356, 364, 360, 326, 307, 321, 320, 276, 379, 296, 366, 355, 326, 261, 368, 323, 324, 386, 375, 343, 319, 325, 389, 351, 356, 387, 373, 313, 244, 368, 371, 390, 318, 324, 358, 398, 362, 293, 295, 327, 363, 357, 383, 289, 282, 377, 350, 360, 363, 322, 401, 373, 324, 347, 364, 335, 363, 346, 313, 333, 385, 331, 333, 425, 423, 361, 373, 336, 466, 459, 412, 407, 425, 430, 447, 425, 409, 429, 407, 419, 331, 355, 417, 321, 392, 418, 371, 396, 350, 393, 327, 337, 379, 356, 418, 376, 397, 391, 343, 382, 375, 389, 355, 389, 364, 402, 378, 341, 324, 376, 348, 321, 401, 359, 399, 389, 392, 389, 407, 349, 360, 328, 380, 415, 291, 331, 369, 380, 337, 379, 344, 369, 374, 378, 368, 335, 341, 379, 318, 344, 393, 354, 369, 377, 354, 350, 348, 338, 350, 343, 319, 344, 356, 346, 349, 353, 350, 317, 332, 341, 339, 346, 356, 350, 338, 317, 349, 323]

Cluster Number:
 [2, 3, 4, 5, 6, 7, 8, 9, 10, 11, 12, 13, 14, 15, 16, 17, 18, 19, 20, 21, 22, 23, 24, 25, 26, 27, 28, 29, 30, 31, 32, 33, 34, 35, 36, 37, 38, 39, 40, 41, 42, 43, 44, 45, 46, 47, 48, 49, 50, 51, 52, 53, 54, 55, 56, 57, 58, 59, 60, 61, 62, 63, 64, 65, 66, 67, 68, 69, 70, 71, 72, 73, 74, 75, 76, 77, 78, 79, 80, 81, 82, 83, 84, 85, 86, 87, 88, 89, 90, 91, 92, 93, 94, 95, 96, 97, 98, 99, 100, 101, 102, 103, 104, 105, 106, 107, 108, 109, 110, 111, 112, 113, 114, 115, 116, 117, 118, 119, 120, 121, 122, 123, 124, 125, 126, 127, 128, 129, 130, 131, 132, 133, 134, 135, 136, 137, 138, 139, 140, 141, 142, 143, 144, 145, 146, 147, 148, 149, 150, 151, 152, 153, 154, 155, 156, 157, 158, 159, 160, 161, 162, 163, 164, 165, 166, 167, 168, 169, 170, 171, 172, 173, 174, 175, 176, 177, 178, 179, 180, 181, 182, 183, 184, 185, 186, 187, 188, 189, 190, 191, 192, 193, 194, 195, 196, 197, 198, 199, 200, 201, 202, 203, 204, 205, 206, 207, 208, 209, 210, 211, 212, 213, 214, 215, 216, 217, 218, 219, 220, 221, 222, 223, 224, 225]

Odds Ratio:

nan
0.9196480938416421
1.1681720430107527
1.079620067571875
1.2449917898193763
1.229415168239274
0.7267878605769231
1.02247171145686
0.9513594541507288
0.9214815514716307
0.932313829787234
1.0956035916195546
0.7298458923697928
0.7611400575472432
1.0071739581173542
0.9602410390907957
0.8607187097640303
0.9410751298823656
1.0156948835990103
1.5975396006355762
1.1423751966222369
1.08690036900369
0.9439186064436569
0.6723795730071881
1.2012944983818772
1.0639567369093232
1.0242122434961793
0.9661835748792271
0.8729177205772951
0.8722831564593583
0.9221256684491979
0.929428213996615
0.7120701058201058
1.038580450809925
0.9000180072028812
0.8720724596118917
1.1642475549776696
1.0861259607968299
1.029660365759951
0.824740763230417
1.0832270259078431
1.1189089054152013
0.9630138627093747
1.7116228719310558
1.4845967139656457
1.1367634672428317
0.8872725485618801
2.329728911101014
0.8559525208602656
1.0610554033566508
1.164134619364987
0.8828989516598719
1.0507276507276508
1.1951738014489972
1.638426025515861
1.0186290028004383
0.932590011328375
0.8466303790386499
0.9350286989795916
0.9995624048706242
1.0318838342915204
0.9708226488322131
1.03558367678644
1.2591828018223237
0.80083918107502
1.030965178018828
0.9123787248787251
0.981623479640402
1.0074460305853177
0.9926090030043678
1.2275076882810965
0.7266119934044954
1.164633437899384
0.9577464788732393
0.9759156253174847
1.015072463768116
1.071785632390998
1.1082371773494302
0.7348533480907583
1.023777285006901
0.8207540667218085
0.895402601758463
1.0135561528573098
1.3230300162960622
1.085653430701354
0.93213222076145
0.9659045477261368
0.7200384596686635
0.961178476695718
0.8900274705414587
0.9829146865806744
1.172458377122629
0.7936607868499674
1.1451438652152508
1.0974443041036255
1.177359536931129
0.8330624726955003
0.9948513346632466
0.8978460763320318
0.9892305629855661
1.1289968127870713
1.137409626110308
0.8657635467980296
1.5015519299641862
0.9573474702380951
1.025449911176334
0.8962552011095699
0.8352640856487623
1.0498371100637793
1.1185827910339845
0.9042613995295196
1.0786310075466699
0.9914352289186977
0.8666536889234961
1.0043035696176863
1.1045375416035805
0.7363253161418299
0.7573315573315575
1.0371105199080126
0.9988430535798957
1.119449773755656
0.8618218660771851
1.2749652830792275
0.9176943699731903
1.181278935185185
0.8697318263002158
0.7820307465709289
1.1310750999428894
1.0497018430902731
1.068052677787533
1.0112106703146373
0.8088995127332905
0.9520522875816994
1.0229935735567226
0.9326606541091219
1.1992967382188942
0.8161462065534744
1.078090109024038
1.0702912111362815
0.9521999650953092
0.991829538776516
0.8592597878312163
0.9899667324947976
1.1346067016022
0.8497830416844503
1.1118233522917365
0.927648482591696
0.8552084990542859
1.1794529319022076
1.2147384421245844
0.9929301855826288
0.9049718067538209
1.2647998358830086
0.9671013614768995
0.8314356117670416
1.0671730575638325
1.0865556736968196
1.065052109181142
1.0103347095635011
1.2804268912443733
0.8748749108646281
0.7870034678436316
0.8558589265212397
1.216501053899428
1.2403133721506792
1.33533950617284
0.9745575778965416
0.9548387096774195
1.0311269019850158
0.982259377463078
1.145352012671364
0.8528208883253265
0.9669608823939114
0.893470602526725
0.9754638702944846
0.8484848484848485
1.003904962345006
0.9249086257309944
1.1455758807588075
1.0661416799574692
0.662002056365506
1.4389267304860087
0.9764000175139016
0.9602093262311933
0.9810653138871273
1.0273855836340213
0.9656866440507604
1.151721039159087
0.9316116690578672
0.9201828925841818
0.9756790544380047
0.9371372712964785
1.113706634612174
1.0165752900675762
0.7748404842332881
1.077030867608747
1.2346941662422903
0.7156732174760435
0.8640713276836156
0.8510070413879086
0.9039400215592944
0.9581660719595599
0.9396259963212753
0.9714264342882789
0.9825431250626817
1.1263814016172509
1.0090385360493406
1.250329791911942
0.9163820251937983
0.9972226439923071
0.9914113365320442
0.9451652176051749
0.7567723087818695
0.8509494595384166
1.145795597164275
1.0310324453464177
1.0844508880028996
1.0464601769911506
1.1333463886337856
0.9929301855826288
0.8732682638272701
0.9411046183309189
0.9894868601556425
0.7781584510398736
1.2532592950265569
