Case Count:
 [0, 109, 242, 160, 195, 493, 249, 399, 368, 281, 409, 377, 260, 267, 845, 410, 312, 505, 228, 338, 306, 315, 423, 300, 492, 454, 296, 396, 422, 487, 511, 208, 395, 545, 322, 575, 538, 444, 499, 525, 484, 400, 506, 329, 653, 523, 496, 602, 491, 368, 633, 494, 353, 548, 704, 870, 573, 435, 470, 537, 450, 368, 555, 493, 584, 396, 527, 478, 490, 434, 423, 194, 482, 520, 384, 404, 534, 475, 561, 501, 651, 441, 531, 528, 539, 494, 582, 531, 539, 457, 655, 420, 321, 445, 322, 497, 448, 468, 715, 687, 356, 803, 432, 507, 603, 508, 566, 653, 501, 505, 585, 376, 689, 416, 381, 598, 617, 401, 602, 479, 462, 498, 528, 489, 548, 453, 531, 892, 703, 722, 504, 467, 518, 545, 525, 574, 627, 567, 516, 578, 535, 540, 559, 383, 580, 454, 492, 517, 460, 785, 656, 866, 476, 808, 549, 468, 636, 564, 669, 574, 693, 551, 522, 592, 592, 633, 556, 477, 628, 567, 665, 575, 533, 509, 532, 497, 804, 586, 401, 477, 629, 537, 414, 471, 595, 558, 538, 546, 674, 615, 819, 481, 792, 594, 626, 690, 703, 528, 610, 773, 623, 601, 659, 551, 546, 603, 533, 592, 515, 610, 489, 631, 756, 495, 591, 523, 538, 898, 450, 553, 568, 540, 779, 657, 674, 723, 665, 586, 567, 712, 607, 603, 665, 677, 576, 535, 600, 815, 569, 639, 573, 520, 555, 617, 636, 703, 618, 647, 792, 561, 579, 603, 651, 638, 571, 616, 606, 579, 525, 815, 576, 567, 662, 572, 611, 779, 560, 657, 571, 545, 574, 595, 523, 493, 516, 556, 908, 516, 494, 495, 880, 891, 535, 770, 795, 728, 665, 609, 715, 721, 724, 611, 691, 794, 572, 842, 678, 636, 604, 590, 600, 712, 609, 653, 687, 590, 653, 652, 680, 788, 652, 652, 638, 630, 692, 556, 612, 587, 626, 612, 637, 820, 554, 607, 578, 603, 589, 530, 616, 728, 592, 594, 591, 589, 562, 633, 593, 582, 903, 551, 822, 563, 570, 550, 610, 907, 889, 571, 595, 526, 571, 611, 562, 583, 858, 886, 546, 588, 537, 577, 914, 908, 569, 564, 558, 568, 543, 516, 905, 889, 543, 768, 580, 528, 617, 520, 541]

Control Count:
 [0, 104, 164, 125, 145, 365, 163, 285, 324, 203, 347, 306, 203, 230, 607, 287, 254, 365, 182, 202, 212, 256, 340, 232, 352, 343, 212, 306, 302, 250, 368, 164, 277, 340, 243, 419, 381, 322, 324, 392, 324, 307, 299, 263, 482, 400, 362, 433, 349, 268, 434, 331, 262, 383, 514, 636, 413, 340, 366, 395, 319, 254, 391, 342, 442, 273, 400, 347, 382, 311, 304, 187, 361, 372, 299, 292, 341, 327, 423, 346, 469, 309, 464, 388, 382, 339, 442, 342, 410, 340, 491, 306, 246, 325, 275, 360, 315, 289, 541, 520, 253, 579, 341, 405, 450, 387, 400, 462, 380, 342, 420, 287, 481, 328, 300, 409, 463, 294, 471, 346, 349, 380, 363, 347, 395, 288, 354, 652, 502, 521, 369, 334, 388, 428, 370, 429, 459, 378, 377, 426, 367, 426, 376, 273, 363, 333, 353, 382, 345, 583, 488, 630, 348, 553, 424, 373, 495, 432, 489, 418, 517, 367, 399, 416, 424, 414, 418, 363, 463, 423, 477, 430, 383, 349, 407, 346, 570, 375, 338, 359, 477, 375, 327, 375, 441, 387, 395, 415, 474, 451, 574, 348, 564, 421, 424, 495, 526, 386, 437, 542, 453, 450, 505, 412, 402, 440, 412, 474, 387, 436, 356, 457, 553, 401, 453, 404, 376, 649, 323, 436, 401, 404, 547, 483, 458, 539, 510, 424, 427, 529, 435, 437, 479, 496, 358, 385, 412, 599, 494, 478, 402, 361, 436, 420, 453, 528, 484, 432, 588, 403, 433, 428, 397, 475, 431, 437, 462, 322, 456, 593, 425, 394, 497, 373, 459, 563, 452, 487, 386, 436, 429, 426, 390, 358, 361, 414, 665, 438, 411, 394, 643, 651, 369, 584, 595, 547, 470, 506, 514, 503, 498, 414, 521, 570, 452, 606, 494, 494, 425, 481, 459, 510, 445, 476, 475, 444, 471, 445, 507, 583, 483, 508, 428, 455, 496, 408, 429, 448, 465, 484, 455, 607, 398, 466, 455, 435, 412, 459, 467, 522, 444, 416, 431, 430, 418, 434, 401, 424, 652, 449, 587, 409, 416, 389, 388, 671, 648, 422, 407, 419, 402, 431, 427, 433, 625, 651, 426, 386, 425, 393, 670, 669, 405, 437, 417, 418, 395, 365, 668, 658, 390, 550, 418, 392, 440, 383, 393]

Cluster Number:
 [2, 3, 4, 5, 6, 7, 8, 9, 10, 11, 12, 13, 14, 15, 16, 17, 18, 19, 20, 21, 22, 23, 24, 25, 26, 27, 28, 29, 30, 31, 32, 33, 34, 35, 36, 37, 38, 39, 40, 41, 42, 43, 44, 45, 46, 47, 48, 49, 50, 51, 52, 53, 54, 55, 56, 57, 58, 59, 60, 61, 62, 63, 64, 65, 66, 67, 68, 69, 70, 71, 72, 73, 74, 75, 76, 77, 78, 79, 80, 81, 82, 83, 84, 85, 86, 87, 88, 89, 90, 91, 92, 93, 94, 95, 96, 97, 98, 99, 100, 101, 102, 103, 104, 105, 106, 107, 108, 109, 110, 111, 112, 113, 114, 115, 116, 117, 118, 119, 120, 121, 122, 123, 124, 125, 126, 127, 128, 129, 130, 131, 132, 133, 134, 135, 136, 137, 138, 139, 140, 141, 142, 143, 144, 145, 146, 147, 148, 149, 150, 151, 152, 153, 154, 155, 156, 157, 158, 159, 160, 161, 162, 163, 164, 165, 166, 167, 168, 169, 170, 171, 172, 173, 174, 175, 176, 177, 178, 179, 180, 181, 182, 183, 184, 185, 186, 187, 188, 189, 190, 191, 192, 193, 194, 195, 196, 197, 198, 199, 200, 201, 202, 203, 204, 205, 206, 207, 208, 209, 210, 211, 212, 213, 214, 215, 216, 217, 218, 219, 220, 221, 222, 223, 224, 225, 226, 227, 228, 229, 230, 231, 232, 233, 234, 235, 236, 237, 238, 239, 240, 241, 242, 243, 244, 245, 246, 247, 248, 249, 250, 251, 252, 253, 254, 255, 256, 257, 258, 259, 260, 261, 262, 263, 264, 265, 266, 267, 268, 269, 270, 271, 272, 273, 274, 275, 276, 277, 278, 279, 280, 281, 282, 283, 284, 285, 286, 287, 288, 289, 290, 291, 292, 293, 294, 295, 296, 297, 298, 299, 300, 301, 302, 303, 304, 305, 306, 307, 308, 309, 310, 311, 312, 313, 314, 315, 316, 317, 318, 319, 320, 321, 322, 323, 324, 325, 326, 327, 328, 329, 330, 331, 332, 333, 334, 335, 336, 337, 338, 339, 340, 341, 342, 343, 344, 345, 346, 347, 348, 349, 350, 351, 352, 353, 354, 355, 356, 357, 358, 359, 360, 361, 362, 363, 364, 365, 366, 367, 368, 369, 370, 371, 372, 373, 374, 375, 376, 377]

Odds Ratio:

nan
0.7374882739212008
1.1104661483296054
0.9254616384915475
0.9820539321619844
0.9789367852205606
1.1636773727896066
1.0460377358490567
0.7227833894500563
1.0210880009730585
0.7570716027488363
0.83697428246661
0.9151221954685694
0.7908643110468935
1.2263669883109753
1.084503165428021
0.8500874181651117
1.0311449987076766
0.8917558903293568
1.356167596455077
1.0866016535933858
0.8517088253257329
0.8384271099744245
0.9230579463845185
1.052293530268359
0.9418566825226332
1.0344868699514145
0.9104955302946695
1.0445680995859297
1.8995203619909502
1.0397792282088618
0.9094414938601535
1.0788409794615934
1.4234451593137258
0.9561697886793987
1.0156681903374998
1.0834323458928248
1.0206569763719022
1.2786606373815679
0.9580533946251768
1.198418643362464
0.9211652494104174
1.5282778687034004
0.8714955640050697
0.9768100908052201
0.9049445812807881
1.0094292677325096
1.054417300534639
1.0663997592599863
1.0108814217681645
1.2170802715157556
1.200819529812133
0.9800877332485157
1.1191107638960274
1.0165845222654561
1.0433322673488956
1.044454117583045
0.8831567039771373
0.8812814743383695
0.9918754843709637
1.0660924993946377
1.102755203727876
1.1006332316697893
1.120815226138741
0.9153124795068529
1.110364307362431
0.9209390547263682
1.0201601308651285
0.8736538300993452
1.04309980837312
1.0367107863532345
0.6972679981083342
0.9558335967081247
1.0560769776796277
0.9001748949096376
1.0251532941943902
1.347934221760273
1.1326435759608777
0.9298103607770581
1.1333463886337856
1.0585203479007839
1.0879356995066054
0.6239549038294923
0.9943183278916115
1.0817626527050608
1.1456820262435152
0.9069203385189145
1.322467601163713
0.9135021888680424
0.9710680458624129
0.925044970044747
1.011209984976309
0.9335887355584083
1.007120152574698
0.7831780739853226
1.0258294753086419
1.0821898821898823
1.3769975005441757
0.8646155440772545
0.8789494596312776
1.051038497885755
1.122707459495025
0.8666662732996215
0.8187467087941023
0.9495092024539878
0.9166804765324349
1.0953581267217634
1.1215179747788442
0.9272073290703392
1.180590036411784
1.0567898671096347
0.933419863777558
1.1936936936936935
0.8727238149574479
0.8829744525547448
1.2014861980070766
0.9311208949437894
0.999710111317254
0.8208184810767643
1.0306037251123956
0.9411042869501727
0.9152399560385883
1.1534799365223305
1.0697275347131256
1.0414166583607434
1.2986475840336138
1.2324120603015072
1.0722931520477532
1.1091651094736101
1.0711470880043026
1.0026972740315638
1.050165901962309
0.9517520756515415
0.8389614972741435
1.0922865935242174
0.9497882399290849
1.0041553045059082
1.255524861878453
1.0074694446406895
0.9857148589542957
1.1617726386257072
0.8309497085339803
1.2255247268545144
1.0483435977941473
1.455871557460513
0.9988430535798957
1.0461231289826982
0.982202765211203
0.9552238805970146
0.9163569658852679
0.9503392782081307
1.1127739984882838
1.0054807033569306
1.5456488275820852
0.8757013406156903
0.8382755753025536
0.8156376047161031
0.8906392694063927
1.0102878716375647
1.0173327043601321
0.9314821492967905
1.2471634733215113
0.9064676433097487
1.1190367496005478
1.0647780079502829
1.3791862514688604
0.9378760085688264
0.9244862137058434
0.982355431499035
0.955330903961443
1.0772822565275395
0.9481342793325449
1.0472479362818785
1.1528721517260203
0.902146937411421
1.1138875508456434
1.2525473684210535
1.3940991253644313
0.7707044558006094
0.9465452214854437
0.8966876310272536
1.1178367346938778
0.8702591965796741
0.8391615720524019
0.9694895922440832
1.142606406318561
0.9962640422156757
0.9137500393217782
1.154281459419211
0.9988419224088012
1.3879157427937916
1.027382235221675
1.199254542630843
1.0950473286772786
1.2522728687963136
1.084823126664131
0.9166274100743631
1.0062925587585443
1.0676958171631887
1.2707801116472701
1.0247154049257672
0.940589430894309
0.8506343967730109
0.9517324189654284
0.9894002571996415
1.013127440044618
0.8787940080415807
0.7671562183074785
0.9450249035688874
1.0745304995542262
1.0145875893769156
1.037874671405284
1.0114875246945196
0.7963961065079236
0.8800501587052785
0.8832305028532412
1.116137019099962
1.4283016054475894
1.0412559705785402
0.8264505660745657
1.098638445437652
0.951793122757006
1.2722242535039607
0.9901808549506763
1.2869423752033566
0.9246356971738383
0.8445855614973259
1.035549260135321
0.9317090843220721
0.9427752563309609
1.0660526879417433
1.032780671336918
1.0622667172771554
1.002024129544291
1.4722015604475605
1.0439712571692268
1.1907221058222917
0.9786779134815339
0.5983074673864148
0.935774058577406
1.1170761361730668
1.1269971350974268
0.8338750429279301
1.2289148351648354
1.0925118097778184
0.9013726870474655
0.808814541202732
1.32242415287628
0.9143453001638605
1.0516102060632213
0.947489277466183
1.093393440743077
1.675189822952721
0.9508265509133661
0.9251578115076019
1.0988660705799784
0.889349041051827
1.8443744454303461
0.6412031005732153
1.0609153575338006
0.9828761873021165
1.1409330566228224
0.9179270378827269
1.3230300162960622
0.9292966662556006
1.088478389579633
0.7688802551742331
0.9622086000724727
1.2189553362086434
0.797526041666667
0.9497882399290849
1.0663532090748082
0.961178476695718
1.0201873302239761
1.107496663156553
0.9613397054823796
1.0403150733977777
0.6931573186507015
0.7460357412534606
0.8308089078107088
1.0613514457104776
1.0805238903710892
1.1481160496884155
0.8043637460153358
0.8575191270538062
0.8872638634978671
1.130843004513217
0.65819540513834
1.0855394741626974
1.2266592751185197
1.2977960622979723
1.2391532221310733
0.8916272843110377
1.1453411306042884
0.8117547904117397
1.197792193012405
1.0225172185750928
0.8216827182158601
1.119449773755656
0.7236644404785996
0.8820549496394303
1.1001355380862021
1.0092977528089888
1.0189456217269517
1.2311613745106569
0.9290042254644025
1.0548786116495892
1.2483024378371803
0.9372400845987497
0.9394304344123696
0.9649079534497839
0.801586173569459
1.2959983299611397
1.0465654746591202
1.0890499523615083
0.9973978867686485
1.1340583706514304
0.8926678675856305
0.959693388693708
0.7858018093177257
1.0835616438356168
0.9171289089067906
1.050465661641541
0.8697318263002158
0.8179330640869102
1.0460334250052892
1.1310750999428894
0.6424558127344503
0.9018478357540142
1.1032195345113516
0.9376854599406529
1.129520665901263
1.0142231496862941
1.0112106703146373
0.9634955607994473
1.2170802715157556
1.232335827098919
1.016624979609592
1.544773478055684
0.7531846195543298
1.230205862217198
1.0229935735567226
1.0114232911934862
1.0893231409947703
1.4440261125294898
0.6144153908684455
1.1318287037037043
0.978904657258598
1.1992967382188942
0.8161462065534744
1.106958225631618
1.1144916750572749
0.9109113069447193
0.965064277990629
1.0827718309859153
0.9495230950594786
0.8533446107454127
1.3178247458708765
0.8251620648259305
1.2012491325468422
1.000398009950251
0.7755712150330991
1.077119341563786
0.8627691921883328
0.9521999650953092
0.9899667324947976
1.018547911064472
1.0816677170055393
0.7338448103792421
0.7768617021276603
1.049641291351136
1.1361716544325247
1.0456396265474837
0.9707364242455088
1.0831657925407925
0.9892305629855661
1.0217990084205555
