Case Count:
 [0, 81, 142, 193, 493, 286, 107, 115, 634, 519, 619, 0, 334, 330, 149, 253, 548, 610, 0, 230, 421, 251, 269, 285, 573, 408, 558, 310, 391, 129, 321, 178, 463, 0, 435, 92, 245, 545, 540, 414, 75, 369, 358, 368, 516, 254, 607, 182, 494, 0, 106, 353, 138, 58, 298, 233, 359, 330, 315, 246, 180, 513, 207, 371, 0, 306, 345, 575, 475, 49, 246, 240, 159, 136, 75, 378, 267, 178, 263, 449, 88, 678, 100, 528, 488, 256, 65, 498, 430, 512, 323, 337, 477, 519, 97, 257, 113, 429, 424, 87, 193, 111, 143, 59, 269, 427, 407, 372, 0, 455, 0, 326, 248, 0, 0, 430, 315, 0, 145, 301, 208, 153, 339, 47, 276, 484, 335, 0, 42, 571, 244, 169, 0, 377, 297, 147, 304, 219, 496, 86, 317, 0, 339, 69, 219, 99, 238, 0, 0, 0, 0, 337, 47, 576, 65, 0, 78, 0, 317, 571, 0, 453, 0, 81, 0, 104, 256, 56, 258, 392, 385, 57, 315, 508, 348, 62, 419, 89, 251, 309, 144, 107, 330, 264, 277, 288, 166, 358, 0, 184, 279]

Control Count:
 [0, 52, 112, 53, 396, 205, 101, 113, 433, 349, 477, 0, 299, 286, 125, 176, 455, 388, 0, 128, 299, 175, 258, 251, 402, 283, 378, 202, 203, 83, 294, 96, 251, 0, 247, 87, 185, 345, 404, 344, 53, 271, 210, 223, 365, 106, 441, 134, 411, 0, 89, 315, 99, 35, 223, 146, 212, 262, 207, 219, 160, 336, 110, 194, 0, 121, 241, 400, 312, 18, 141, 154, 133, 120, 63, 317, 175, 161, 255, 283, 78, 482, 76, 353, 276, 132, 44, 325, 381, 348, 246, 284, 347, 371, 21, 219, 73, 281, 274, 63, 155, 90, 110, 51, 128, 276, 295, 265, 0, 304, 0, 229, 207, 0, 0, 366, 228, 0, 138, 179, 168, 109, 180, 34, 132, 375, 191, 0, 8, 384, 150, 177, 0, 310, 189, 109, 282, 183, 306, 17, 176, 0, 235, 57, 184, 82, 196, 0, 0, 0, 0, 272, 29, 408, 61, 0, 56, 0, 265, 387, 0, 299, 0, 69, 0, 73, 174, 64, 178, 253, 279, 69, 275, 399, 225, 59, 262, 73, 176, 157, 113, 71, 183, 207, 117, 245, 120, 271, 0, 159, 205]

Cluster Number:
 [2, 3, 4, 5, 6, 7, 8, 9, 10, 11, 13, 14, 15, 16, 17, 18, 20, 21, 22, 23, 24, 25, 26, 27, 28, 29, 30, 31, 32, 33, 35, 36, 37, 38, 39, 40, 41, 42, 43, 44, 45, 46, 47, 48, 49, 51, 52, 53, 54, 55, 56, 57, 58, 59, 60, 61, 62, 63, 64, 66, 67, 68, 69, 70, 71, 72, 73, 74, 75, 76, 77, 78, 79, 80, 81, 82, 83, 84, 85, 86, 87, 88, 89, 90, 91, 92, 93, 94, 95, 96, 97, 98, 99, 100, 101, 102, 103, 104, 105, 106, 107, 108, 110, 112, 113, 116, 117, 119, 120, 121, 122, 123, 124, 125, 126, 127, 129, 130, 131, 132, 134, 135, 136, 137, 138, 139, 140, 141, 143, 144, 145, 146, 147, 152, 153, 154, 155, 157, 159, 160, 162, 164, 166, 167, 168, 169, 170, 171, 172, 173, 174, 175, 176, 177, 178, 179, 180, 181, 182, 183, 184, 185, 186, 187, 188, 190, 191]

Odds Ratio:

nan
1.1554109216255444
0.9166591032855327
3.1071575061525842
0.8137857937169864
1.0327807912604785
0.7475127074751271
0.7101389402274357
1.2309233960934751
1.2041931651408204
0.8539663217691217
nan
0.7171692757370505
0.7608835238217543
0.8496820512820512
1.0738720414201184
0.7144183900089415
1.4440261125294898
nan
1.421562052932761
1.0587917731019407
1.070425621576064
0.6682346723044397
0.7581475340872534
1.1170761361730668
1.1013340748628282
1.2056218713900655
1.1875589820694512
1.7113007489882253
1.1617771084337347
0.6949684479054778
1.4443242343541942
1.702118564369133
nan
1.5472307364487206
0.7504634779384501
0.9603287498024341
1.3822463768115942
0.951793122757006
0.7875254007676675
1.0406080155538864
0.9969030047443331
1.4062046534901174
1.3472418726968978
1.0816677170055393
2.0412299091544375
1.0259010436472722
0.994565325980539
0.7460357412534606
nan
0.8567176812702226
0.7120701058201058
1.0256292380186185
1.2290634738395934
0.9699459182875784
1.2267261061250196
1.3933382985766303
0.8810485669500057
1.1747627814757118
0.7598227000140396
0.782543391188251
1.2662044986263732
1.4882523293880634
1.669040756752762
nan
2.273191568390751
1.0785539703291085
1.141066384180791
1.2373983395459163
2.0509469696969695
1.3793962804897046
1.192015531638173
0.8508153500634704
0.801765447667087
0.8614921378387421
0.7877389546966512
1.1661804056970222
0.7655217474009808
0.6597067655891186
1.315532979976443
0.8089271014360193
1.1152237522937303
0.9602564916513237
1.2234569383905676
1.6237799467613132
1.5820613264892611
1.0891466750841747
1.2656648224165628
0.6785223991289665
1.1748945671049367
0.9425058359494487
0.7957568043395509
1.0157736349493767
1.0577213858391952
3.6641483516483517
0.8067922374429223
1.1533709374160623
1.22135231316726
1.2471489484714893
1.01357312521208
0.8898842917251053
0.8910757946210268
0.9444020356234094
0.8377281947261664
1.7608546401515153
1.2481595357699637
1.0202091044873043
1.0484197689780155
nan
1.190421663335554
nan
1.06709538189692
0.8338972951116219
nan
nan
0.7416472288839977
1.0193082461854963
nan
0.7277340283939663
1.3441803366188663
0.8809193580344759
1.0346637661969167
1.5992372881355934
1.0140389489128985
1.7579005986356675
0.8875146067415733
1.4468418918680699
nan
3.9833709131905306
1.2336112081005581
1.2609635036496354
0.6331846565566458
nan
0.8173620850864891
1.2233273056057867
0.9864614373870808
0.6882042553191489
0.839390441006696
1.4037947742607435
3.9846486637359573
1.4862318033273918
nan
1.0904724125495853
0.8783353733170134
0.8331521739130435
0.8713047311196003
0.8522844738474259
nan
nan
nan
nan
0.8559779908585056
1.1980608335288139
1.0918180303282787
0.7646478445658772
nan
1.022956185999664
nan
0.8131212233321
1.2116842059676929
nan
1.21585958798235
nan
0.8472108285479903
nan
1.0499294312992944
1.1083670646103396
0.6184135166093929
1.0865386225489375
1.234909208676515
1.019726438962682
0.5797766254487435
0.7574178264732011
0.8528208883253265
1.2139070567986232
0.7538951772134577
1.3138826522975606
0.8824527071102414
1.0622402118530434
1.663406615985207
0.9220675271968884
1.1183646893526609
1.4992200114945673
0.9090552468126841
2.047978606260815
0.7995670030882867
1.0171035386631715
0.9485527429705118
nan
0.8108395593263262
0.9966529080675421
