Case Count:
 [0, 250, 92, 81, 18, 400, 727, 508, 103, 412, 558, 335, 466, 238, 327, 371, 16, 420, 506, 533, 596, 324, 153, 573, 528, 331, 130, 644, 381, 0, 541, 184, 325, 71, 447, 548, 634, 199, 269, 610, 581, 297, 0, 296, 258, 614, 370, 562, 234, 421, 78, 455, 558, 65, 350, 649, 564, 62, 313, 470, 0, 315, 459, 325, 438, 150, 286, 206, 486, 436, 187, 0, 607, 98, 170, 75, 296, 449, 516, 488, 488, 253, 347, 96, 110, 545, 415, 74, 353, 251, 593, 473, 330, 339, 114, 514, 101, 629, 574, 51, 68, 368, 437, 392, 181, 0, 229, 629, 248, 128, 98, 226, 230, 361, 215, 177, 302, 575, 236, 391, 572, 115, 520, 159, 133, 464, 405, 0, 153, 479, 563, 678, 0, 313, 375, 450, 301, 264, 303, 119, 513, 621, 508, 288, 284, 0, 608, 101, 576, 475, 81, 0, 364, 517, 469, 448, 161, 326, 345, 455, 421, 215, 152, 150, 346, 124, 365, 362, 329, 43, 429, 279, 308, 354, 456, 323, 196, 153, 427, 382, 142, 588, 530, 143, 0, 210, 439, 0, 340, 0, 651, 384, 546, 364, 353, 255, 547, 97, 486, 66, 363, 61, 103, 459, 391, 17, 430, 588, 399, 237, 489, 337, 0, 0, 372, 401, 99, 270, 436, 103, 172, 617, 59, 173, 0, 382, 175, 489, 363, 520, 273, 0, 503, 238, 184, 70, 0, 194, 352, 382, 292, 398, 214, 453, 0, 385, 0, 303, 410, 127, 0, 474, 136, 94, 279, 257, 124, 70, 460, 576, 583, 58, 506, 0, 134, 238, 509, 99, 505, 0, 50, 288, 269, 128, 344, 288, 16, 255, 0, 363, 136, 475, 499, 232, 389, 367, 0, 142, 594, 52, 32, 156, 69, 350, 238, 73, 61, 0, 0, 591, 599, 344, 0, 95, 530, 191, 0, 317, 560, 505, 418, 339, 289, 304, 424, 43, 113, 0, 0, 470, 0, 487, 183, 83, 487, 197, 667, 412, 0, 107, 362, 0, 171, 599, 210, 310, 131, 154, 446, 133, 344, 0, 148, 454, 45, 358, 409, 540, 0, 310, 317, 180, 356, 53, 69, 13, 466, 385, 373, 0, 317, 330, 108, 262, 736, 60, 122, 501, 455, 230, 76, 424, 634, 245, 448, 315, 433, 204, 112, 169, 485, 0, 571, 0, 329, 576, 0, 138, 288, 0, 338, 378, 545, 213, 544, 357, 384, 606, 13, 0, 116, 1, 27, 176, 436, 102, 411, 0, 582, 47, 161, 251, 451, 316, 16, 342, 264, 377, 349, 78, 519, 262, 273]

Control Count:
 [0, 232, 62, 52, 4, 302, 517, 399, 93, 326, 454, 270, 242, 189, 167, 194, 3, 239, 442, 412, 372, 280, 110, 402, 353, 241, 131, 491, 232, 0, 355, 124, 174, 35, 329, 455, 468, 141, 258, 388, 405, 141, 0, 197, 153, 413, 239, 448, 104, 299, 67, 331, 378, 46, 294, 462, 484, 31, 205, 346, 0, 207, 315, 229, 346, 145, 205, 135, 338, 370, 129, 0, 441, 59, 137, 51, 209, 283, 365, 336, 337, 176, 258, 82, 71, 345, 225, 50, 315, 175, 450, 363, 242, 211, 20, 425, 105, 495, 442, 39, 61, 223, 360, 265, 166, 0, 147, 427, 176, 87, 72, 156, 128, 245, 142, 162, 216, 400, 178, 257, 360, 49, 383, 133, 95, 177, 289, 0, 128, 258, 419, 482, 0, 290, 189, 347, 179, 242, 235, 79, 336, 437, 336, 209, 204, 0, 356, 75, 422, 312, 10, 0, 271, 393, 320, 405, 30, 229, 241, 335, 309, 90, 85, 133, 266, 100, 216, 300, 283, 43, 281, 139, 265, 237, 338, 246, 146, 130, 276, 232, 105, 418, 459, 113, 0, 190, 273, 0, 233, 0, 397, 317, 324, 327, 180, 185, 351, 75, 325, 46, 275, 44, 72, 393, 298, 14, 366, 386, 247, 179, 376, 284, 0, 0, 265, 192, 46, 192, 370, 59, 113, 451, 51, 129, 0, 281, 137, 362, 261, 373, 232, 0, 382, 173, 188, 56, 0, 146, 255, 315, 141, 275, 141, 299, 0, 282, 0, 197, 314, 120, 0, 298, 45, 56, 205, 246, 97, 50, 307, 390, 434, 61, 401, 0, 26, 175, 361, 69, 384, 0, 45, 245, 201, 87, 270, 116, 24, 217, 0, 255, 112, 335, 331, 167, 259, 221, 0, 104, 431, 44, 22, 94, 57, 233, 200, 81, 23, 0, 0, 417, 432, 248, 0, 107, 397, 157, 0, 265, 419, 370, 309, 235, 224, 246, 274, 41, 76, 0, 0, 309, 0, 297, 113, 70, 344, 165, 458, 234, 0, 80, 227, 0, 114, 438, 166, 224, 106, 150, 235, 109, 201, 0, 145, 265, 47, 210, 325, 404, 0, 252, 231, 126, 241, 47, 35, 11, 336, 294, 166, 0, 176, 286, 23, 202, 545, 75, 92, 391, 333, 177, 64, 370, 433, 209, 356, 250, 361, 145, 96, 160, 350, 2, 396, 0, 227, 408, 0, 117, 205, 0, 239, 317, 315, 101, 386, 259, 307, 462, 11, 0, 110, 0, 32, 126, 357, 62, 335, 0, 448, 41, 145, 215, 331, 234, 12, 224, 186, 268, 283, 77, 371, 182, 229]

Cluster Number:
 [2, 3, 4, 5, 6, 7, 8, 9, 10, 11, 12, 13, 14, 15, 16, 17, 18, 19, 20, 21, 22, 23, 24, 25, 26, 27, 28, 29, 31, 32, 33, 34, 35, 36, 37, 38, 39, 40, 41, 42, 44, 45, 46, 47, 48, 49, 50, 51, 52, 53, 54, 55, 56, 57, 58, 59, 60, 62, 63, 64, 65, 66, 67, 68, 69, 70, 71, 73, 74, 75, 76, 77, 78, 79, 80, 81, 82, 83, 84, 85, 86, 87, 88, 89, 90, 91, 92, 93, 94, 95, 96, 97, 98, 99, 100, 101, 102, 103, 104, 105, 107, 108, 109, 110, 111, 112, 113, 114, 115, 116, 117, 119, 120, 121, 122, 123, 124, 125, 126, 127, 128, 130, 131, 132, 133, 135, 136, 137, 138, 139, 140, 141, 142, 143, 144, 145, 146, 148, 149, 150, 151, 152, 154, 155, 156, 157, 158, 159, 160, 161, 162, 163, 164, 165, 166, 167, 168, 169, 170, 171, 172, 173, 174, 175, 176, 177, 178, 179, 180, 181, 182, 183, 184, 185, 187, 188, 190, 192, 193, 194, 195, 196, 197, 198, 199, 200, 201, 202, 203, 204, 205, 206, 207, 208, 209, 210, 211, 212, 213, 216, 217, 218, 219, 220, 221, 222, 223, 224, 225, 227, 228, 229, 230, 231, 232, 234, 235, 236, 237, 239, 240, 241, 242, 243, 244, 245, 247, 249, 250, 251, 253, 254, 255, 256, 257, 258, 259, 260, 261, 262, 263, 264, 266, 267, 268, 269, 270, 272, 273, 274, 275, 276, 277, 278, 279, 281, 282, 283, 284, 285, 286, 287, 289, 290, 291, 292, 293, 294, 295, 296, 297, 298, 301, 302, 303, 305, 306, 307, 309, 310, 311, 312, 313, 314, 315, 316, 317, 318, 321, 323, 324, 325, 326, 327, 328, 329, 331, 332, 334, 335, 336, 337, 338, 339, 340, 341, 342, 344, 345, 346, 347, 348, 349, 351, 352, 353, 354, 355, 356, 357, 358, 359, 360, 363, 364, 365, 366, 367, 368, 369, 370, 371, 372, 373, 374, 375, 376, 377, 378, 379, 380, 381, 382, 383, 385, 387, 388, 390, 391, 393, 394, 395, 396, 397, 398, 399, 400, 401, 403, 404, 405, 406, 407, 408, 409, 411, 412, 413, 414, 415, 416, 417, 419, 420, 421, 422, 423, 424, 425, 426]

Odds Ratio:

nan
0.7125717332791631
1.097390835163988
1.1554109216255444
3.344127332601537
0.9489352645876887
1.1416588467357374
0.8528208883253265
0.7884089666484416
0.8677955643103797
0.7520215633423183
0.858492330714553
1.8258036877710944
0.8966071715709922
1.6718523086716932
1.669040756752762
3.9605695509309955
1.5260047184157959
0.6468234866232363
0.8787940080415807
1.4866802286157124
0.7669657615112161
1.0234653233364572
1.1170761361730668
1.2234569383905676
1.0105607904633702
0.6831057906352407
0.8744059742023078
1.3455590863327462
nan
1.2804268912443733
1.1094176228620913
1.5678522493720026
1.5273393273393274
0.9922183405012046
0.7144183900089415
0.9781399391568883
1.0440104925677642
0.6682346723044397
1.4440261125294898
1.1377607492550024
1.7997576084029088
nan
1.1488600732953222
1.326904532304725
1.2648602944002458
1.22409263403717
0.7964310042818218
1.867985611510792
1.0587917731019407
0.8399600119262676
1.0150165079607891
1.2056218713900655
1.0385215378421901
0.7957068837897853
1.098724489795918
0.6289369410166423
1.499423298731257
1.1798226164079821
0.9914113365320442
nan
1.1747627814757118
1.1347112462006081
1.062060788339744
0.8636968319932191
0.7117878801292551
1.0327807912604785
1.1523589980021518
1.113294241788772
0.7433583685104982
1.0784178524415469
nan
1.0259010436472722
1.2432641905810848
0.8893761480241962
1.0848601735776278
1.056048134122467
1.315532979976443
1.0816677170055393
1.136216391318432
1.129561221125443
1.0738720414201184
0.9775233756892833
0.8418586946973912
1.1539321398476328
1.3822463768115942
1.6363164721141372
1.0922573099415205
0.7120701058201058
1.070425621576064
0.9059722222222221
0.9086921850079747
0.999392927606617
1.2798618362920717
4.622944785276074
0.7460467753366407
0.6691511387163562
0.7878383838383839
0.8742973679179145
0.956194147538111
0.8027265284362444
1.3472418726968978
0.7919884823848238
1.1459330311654545
0.7507167708266219
nan
1.188396501457726
1.2471975019516004
1.0449205713522893
1.0910499806276637
0.9974929803449659
1.0819017397964765
1.421562052932761
1.1310434032768033
1.142985363159348
0.7540632387706857
1.0369041290093919
1.141066384180791
0.9623360409877266
1.1990221746488652
1.4286647992530344
1.8221932507646792
0.9892305629855661
0.8508153500634704
1.0306532663316583
2.8413340623291417
1.0483636651786892
nan
0.8518141913659795
1.745193798449612
0.9618660093639554
1.1152237522937303
nan
0.6850817286162114
1.7620766718239647
0.9042613995295196
1.3441803366188663
0.720164046479836
0.9186187206852015
1.1195186747929362
1.2662044986263732
1.1257689678742313
1.2389718357651849
1.014682501175645
1.029548563611491
nan
1.7291469774930868
0.9856038647342996
1.001463421183357
1.2373983395459163
6.40931603773585
nan
0.9746922247983543
0.9195879344845473
1.1501970108695656
0.634727034727035
4.5490885416666655
1.06709538189692
1.0785539703291085
0.9914352289186977
0.9977065973549426
1.9773576097105507
1.37167083049436
0.7933826864980166
0.925921149357098
0.8949565217391302
1.3931983845547673
0.8108289241622574
0.7711542991755006
0.7200902934537246
1.22135231316726
1.6736912008854452
0.7785859690699724
1.1533736929003853
0.9783204273365276
0.9425058359494487
0.9798351679156779
0.8356760507533703
1.2481595357699637
1.3515570825190697
0.9897985115265927
1.0849317375015783
0.6424558127344503
0.9144993132022788
nan
0.7547763706902864
1.3389549226283919
nan
1.1099047632926982
nan
1.675189822952721
0.8090527595288398
1.5707861908906302
0.6974425590647074
1.7057581018518517
1.014355601892694
1.346265717993467
0.9420192307692308
1.2017086299704813
1.0557206912187014
0.9468551236749115
1.0174120234604105
1.054731638418079
0.7156732174760435
0.9340647688430926
0.8880795739348369
0.7416472288839977
1.3178247458708765
1.3227866473149492
0.9604901992443566
0.9015050773694393
0.7957568043395509
nan
nan
1.0484197689780155
1.9342743844696968
1.6465426925091673
1.0434844461305008
0.7433583685104982
1.3146058193458365
1.1420956032779601
1.0085138438796974
0.8377281947261664
0.9792051187400025
nan
0.9940991626926557
0.9216054521868767
0.9793508287292817
1.032045814548556
1.0498371100637793
0.8054102712363332
nan
0.9242005260182385
1.0113850246354867
0.6476652863058691
0.909487776484284
nan
0.9671978380393252
1.019145682536446
0.8114216070340385
1.7555696583052205
1.1065776408149288
1.146257997321827
1.21585958798235
nan
1.001349342928661
nan
1.1891795462285721
0.9233214290097322
0.7403054862842893
nan
1.3389040489711626
2.4238755779739387
1.2564157399486744
0.9966529080675421
0.6762666957026714
0.9273996286098481
1.028405122235157
1.1948632824708472
1.2175201568969274
0.958958205695107
0.6768176770623553
0.8352640856487623
nan
4.246250604741172
0.9958900144717799
1.0742646088906478
1.0579360921948664
0.9211932488207547
nan
0.8039438756162307
0.7995670030882867
0.9733152419719583
1.0910499806276637
0.895118708452042
2.1883909839152187
0.4797371303395398
0.8089813890522228
nan
1.0714196632716688
0.8712844532516666
1.0806101650338613
1.2270779175156328
1.0244761552934305
1.1737308737308734
1.3592373713788821
nan
1.0010507281790635
1.028500190462998
0.8584015756193634
1.0686125468734162
1.2602460708485868
0.8783353733170134
1.1622821647505317
0.8283502170767002
0.6317064728279682
2.0105189340813463
nan
nan
1.106977140181346
1.0462331649831649
1.0266887234629172
nan
0.6110625518276968
0.9502345283864572
0.8637909309029397
nan
0.8131212233321
0.9489622342524141
1.0011155022947476
0.9847814109019059
1.0904724125495853
0.9212681361607143
0.8600975609756099
1.2471489484714893
0.757584099543027
1.102376805985552
nan
nan
1.2327347335913874
nan
1.4245623657388362
1.2330541649861206
0.8563492063492063
1.0793894033463116
0.8416294088425237
1.239549651655055
1.5222933095273523
nan
0.977904501216545
1.2768959435626104
nan
1.1220316622691293
1.0070361145703612
0.9061279890074905
1.0217372490191556
0.8904927412871805
0.7034322580645161
1.7524866745958327
0.8768152690055783
1.4042607475443296
nan
0.7004989182745376
1.5004091360476661
0.6866756522576297
1.4062046534901174
0.8615621301775149
0.951793122757006
nan
0.8525655819678439
1.009039979628215
1.058554262826626
1.1343080387854565
0.8161371806081803
1.4808637873754154
0.8644303294958317
1.0334387534711507
0.931591386554622
2.081292797087631
nan
1.4862318033273918
0.7608835238217543
3.7633850553407826
0.9314501165258956
0.9516185767932688
0.5578826237054085
0.9678627229136365
0.868190835862992
1.0031550537879652
0.9369316941878226
0.8589536928487691
0.7057211667112657
1.2309233960934751
0.8089202272027759
0.8502884907379291
0.8844625407166123
0.7738361183093555
1.0401331747919145
0.8353733170134638
0.7240871710526317
1.0330437580437581
0.0
1.1478965633993565
nan
1.096666666666667
1.0918180303282787
nan
0.8409997082563452
1.0432479738213918
nan
1.0576782844480315
0.7877389546966512
1.64905753968254
1.708335638033077
1.0798734943812667
1.016915516915517
0.8583569913038284
0.889349041051827
0.8644303294958317
nan
0.7406463155540646
inf
0.6070884146341464
1.0295326629987984
0.8026318032283909
1.2313843273393923
0.8194894254595746
nan
0.8723111362700701
0.8318123997566507
0.7749281609195402
0.8024010427385607
0.9976740952356875
0.9847325051240222
0.9769989047097479
1.1886559990265273
1.0565122483628426
1.052488914125027
0.846241013768734
0.7189708059273275
1.0577213858391952
1.076972502759609
0.8214133560549581
