Case Count:
 [0, 591, 0, 464, 564, 269, 309, 530, 506, 620, 0, 598, 610, 122, 518, 634, 261, 69, 330, 258, 541, 7, 487, 199, 183, 599, 414, 74, 508, 325, 624, 123, 197, 327, 411, 269, 437, 153, 341, 449, 621, 169, 273, 424, 678, 70, 420, 60, 371, 500, 649, 548, 114, 269, 489, 436, 455, 514, 51, 349, 121, 358, 0, 150, 313, 238, 27, 308, 0, 516, 159, 350, 353, 459, 545, 253, 0, 0, 339, 177, 545, 607, 489, 103, 378, 0, 330, 0, 296, 226, 167, 519, 399, 101, 142, 391, 533, 675, 144, 253, 572, 405, 84, 315, 53, 159, 136, 35, 368, 365, 0, 117, 488, 475, 455, 470, 469, 329, 161, 575, 362, 96, 153, 282, 133, 0, 284, 499, 303, 0, 326, 463, 581, 95, 101, 345, 528, 279, 486, 301, 0, 651, 617, 313, 346, 576, 229, 210, 68, 429, 45, 459, 56, 588, 427, 257, 153, 436, 335, 340, 193, 513, 72, 348, 519, 372, 0, 12, 143, 265, 59, 55, 486, 189, 358, 473, 78, 147, 248, 79, 288, 337, 150, 588, 333, 430, 520, 382, 118, 94, 443, 487, 448, 292, 466, 113, 74, 505, 214, 531, 155, 303, 583, 152, 136, 382, 264, 0, 0, 0, 142, 364, 398, 52, 354, 506, 120, 192, 0, 0, 630, 389, 503, 255, 474, 385, 211, 460, 78, 223, 475, 238, 27, 344, 237, 0, 414, 73, 617, 447, 219, 363, 279, 191, 0, 599, 125, 0, 255, 667, 402, 160, 0, 339, 421, 347, 410, 317, 120, 347, 0, 325, 0, 418, 108, 203, 53, 453, 66, 0, 349, 313, 629, 382, 412, 323, 0, 204, 487, 362, 62, 245, 317, 210, 356, 573, 167, 0, 436, 148, 119, 574, 373, 446, 152, 56, 309, 77, 505, 0, 466, 400, 310, 472, 286, 317, 256, 540, 150, 331, 0, 251, 576, 344, 385, 315, 488, 281, 180, 174, 0, 0, 60, 264, 412, 273, 110, 447, 0, 330, 576, 220, 288, 440, 390, 288, 404, 350, 634, 133, 43, 68, 316, 500, 76, 254, 0, 329, 395, 387, 0, 338, 422, 246, 49, 192, 42, 329]

Control Count:
 [0, 417, 0, 295, 484, 201, 157, 459, 442, 438, 0, 445, 388, 113, 337, 468, 236, 57, 180, 153, 355, 10, 371, 141, 113, 432, 344, 50, 399, 174, 482, 84, 145, 167, 362, 258, 360, 110, 257, 283, 437, 160, 115, 370, 482, 50, 211, 40, 194, 312, 462, 455, 20, 128, 376, 370, 331, 425, 39, 265, 118, 210, 0, 113, 205, 180, 24, 253, 0, 365, 136, 294, 315, 315, 345, 176, 0, 0, 211, 162, 315, 441, 362, 78, 317, 0, 262, 0, 209, 156, 114, 311, 209, 66, 105, 257, 412, 390, 82, 215, 360, 289, 63, 207, 9, 133, 134, 8, 223, 216, 0, 35, 276, 312, 337, 346, 320, 283, 30, 400, 300, 82, 128, 147, 95, 0, 204, 331, 235, 0, 229, 251, 405, 107, 105, 241, 353, 139, 338, 179, 0, 397, 464, 290, 266, 422, 198, 190, 61, 281, 47, 393, 15, 418, 276, 219, 130, 370, 256, 233, 155, 336, 57, 207, 371, 265, 0, 21, 113, 212, 51, 39, 325, 142, 271, 276, 82, 33, 207, 53, 209, 284, 133, 386, 176, 366, 373, 281, 99, 73, 301, 344, 405, 141, 310, 76, 52, 370, 141, 368, 151, 197, 434, 113, 45, 315, 242, 0, 0, 0, 104, 271, 275, 44, 237, 401, 114, 56, 0, 0, 530, 259, 382, 217, 298, 282, 159, 307, 67, 67, 335, 175, 16, 270, 195, 0, 302, 81, 451, 356, 184, 261, 205, 157, 0, 438, 89, 0, 185, 458, 344, 123, 0, 235, 299, 211, 331, 176, 82, 258, 0, 229, 0, 309, 105, 162, 47, 299, 43, 0, 283, 245, 495, 232, 344, 144, 0, 145, 297, 227, 31, 185, 231, 166, 241, 402, 42, 0, 305, 145, 79, 442, 166, 235, 85, 49, 183, 51, 384, 0, 384, 302, 252, 418, 205, 265, 174, 404, 74, 241, 0, 175, 390, 248, 279, 275, 358, 217, 126, 124, 0, 0, 75, 207, 234, 229, 71, 329, 0, 286, 408, 148, 245, 351, 238, 205, 293, 233, 433, 109, 43, 55, 216, 389, 64, 183, 0, 227, 288, 270, 0, 239, 323, 141, 34, 169, 31, 231]

Cluster Number:
 [2, 4, 5, 6, 7, 8, 9, 10, 12, 13, 14, 15, 16, 17, 18, 19, 20, 21, 22, 23, 24, 25, 26, 27, 28, 29, 30, 31, 32, 33, 34, 35, 36, 37, 38, 39, 40, 41, 42, 43, 44, 45, 46, 47, 48, 49, 50, 52, 53, 54, 55, 56, 57, 58, 59, 60, 61, 62, 63, 65, 66, 67, 68, 69, 71, 72, 73, 74, 75, 77, 78, 81, 82, 83, 84, 85, 86, 87, 89, 91, 92, 93, 94, 95, 96, 97, 98, 99, 100, 101, 102, 103, 104, 105, 106, 107, 108, 109, 110, 111, 112, 114, 115, 116, 117, 118, 119, 120, 121, 122, 123, 124, 125, 126, 127, 129, 130, 131, 133, 134, 135, 136, 137, 138, 139, 140, 141, 142, 144, 145, 146, 147, 148, 149, 150, 151, 152, 153, 154, 155, 156, 157, 158, 159, 160, 161, 162, 163, 164, 165, 166, 167, 168, 170, 171, 172, 173, 174, 175, 176, 177, 178, 179, 180, 181, 182, 183, 184, 185, 186, 187, 188, 189, 190, 191, 192, 193, 194, 195, 196, 197, 198, 199, 200, 201, 202, 203, 204, 205, 206, 207, 208, 209, 213, 214, 215, 216, 217, 218, 219, 220, 223, 224, 225, 226, 227, 228, 229, 230, 231, 232, 233, 234, 235, 236, 237, 239, 240, 241, 242, 243, 244, 245, 246, 248, 249, 251, 252, 253, 254, 256, 257, 258, 259, 260, 261, 262, 264, 266, 267, 268, 269, 270, 271, 273, 274, 275, 276, 277, 278, 280, 281, 282, 283, 284, 285, 286, 287, 288, 289, 291, 292, 293, 294, 295, 296, 297, 298, 299, 300, 301, 303, 304, 305, 306, 307, 308, 309, 310, 311, 312, 314, 315, 316, 317, 318, 319, 320, 321, 322, 325, 326, 328, 329, 330, 331, 333, 334, 335, 336, 338, 339, 340, 341, 342, 343, 344, 345, 346, 347, 348, 349, 350, 352, 353, 354, 356, 357, 358, 359, 360, 361, 362]

Odds Ratio:

nan
1.106977140181346
nan
1.3056606524512484
0.6289369410166423
0.9733152419719583
1.663406615985207
0.6424558127344503
0.6468234866232363
1.1131799441415084
nan
0.9581316405852204
1.4440261125294898
0.7598995514908269
1.286519814883002
0.9781399391568883
0.7367362732162793
0.8783353733170134
1.53338898163606
1.326904532304725
1.2804268912443733
0.5094360086767896
0.9206498274200828
1.0440104925677642
1.2330541649861206
1.0462331649831649
0.7875254007676675
1.0922573099415205
0.8528208883253265
1.5678522493720026
0.8446772328413034
1.0845887982984759
0.9948370077256455
1.6718523086716932
0.6991883359286674
0.6682346723044397
0.7919884823848238
1.0234653233364572
0.9567749278699806
1.315532979976443
1.1257689678742313
0.7240871710526317
2.0482237539766706
0.7057211667112657
1.1152237522937303
1.028405122235157
1.8380059404649953
1.1064441887226697
1.669040756752762
1.3784292630446475
1.098724489795918
0.7144183900089415
4.622944785276074
1.7608546401515153
0.9015050773694393
0.7433583685104982
1.0150165079607891
0.7460467753366407
0.956194147538111
0.9445933636955105
0.714496979358953
1.4062046534901174
nan
0.9678848535108546
1.1798226164079821
0.9586589483839845
0.8194290465631928
0.8390394174893231
nan
1.0816677170055393
0.827492360580596
0.7957068837897853
0.7120701058201058
1.1347112462006081
1.3822463768115942
1.0738720414201184
nan
nan
1.2798618362920717
0.7540632387706857
1.64905753968254
1.0259010436472722
0.9793508287292817
0.9640063326504005
0.7877389546966512
nan
0.8810485669500057
nan
1.056048134122467
1.0819017397964765
1.0900331537505183
1.5059995294486708
1.700171526586621
1.1366381203337725
0.9897985115265927
1.1990221746488652
0.8787940080415807
1.9828891580860089
1.3400031070374396
0.8111875602036603
1.4286647992530344
1.0483636651786892
0.9751479289940829
1.1747627814757118
4.517503805175037
0.8508153500634704
0.7000809320359113
3.293484340044743
1.3472418726968978
1.3931983845547673
nan
2.659465165376496
1.6237799467613132
1.2373983395459163
0.979854511763012
0.9914113365320442
1.1501970108695656
0.7711542991755006
4.5490885416666655
1.141066384180791
0.8108289241622574
0.8418586946973912
0.8518141913659795
1.5833201905182475
1.0306532663316583
nan
1.029548563611491
1.2270779175156328
0.9186187206852015
nan
1.06709538189692
1.702118564369133
1.1377607492550024
0.6110625518276968
0.6691511387163562
1.0785539703291085
1.2234569383905676
1.6736912008854452
1.113294241788772
1.3441803366188663
nan
1.675189822952721
0.9248521772767465
0.6850817286162114
0.925921149357098
1.001463421183357
0.7980303030303031
0.7547763706902864
0.8027265284362444
1.22135231316726
0.6866756522576297
0.7156732174760435
2.848109965635739
1.0849317375015783
1.2481595357699637
0.8067922374429223
0.8356760507533703
0.7433583685104982
0.9362834069865321
1.1099047632926982
0.8898842917251053
1.2662044986263732
0.9197322360744334
1.3715483050213282
1.0577213858391952
1.0484197689780155
nan
0.4112790154229631
0.9144993132022788
0.882906626506024
0.8377281947261664
1.0359091709206125
1.2017086299704813
0.9694613627712219
0.9485527429705118
1.522096681922197
0.6695422888423948
3.6912345966054394
0.8338972951116219
1.1012652608213098
1.014682501175645
0.7957568043395509
0.7933826864980166
1.3178247458708765
1.6031593197071383
0.7416472288839977
1.0498371100637793
0.9940991626926557
0.8553600119568062
0.9376097120826841
1.1507594711729079
1.0793894033463116
0.634727034727035
1.7555696583052205
1.2045286699644675
1.102376805985552
1.0469185784975257
1.0011155022947476
1.146257997321827
1.1347703189862355
0.7028937145986277
1.1891795462285721
0.958958205695107
0.9833145408366648
2.4238755779739387
0.8114216070340385
0.720164046479836
nan
nan
nan
1.0010507281790635
0.9746922247983543
1.1065776408149288
0.8584015756193634
1.1533736929003853
0.8352640856487623
0.7377529113265241
2.9075402209730568
nan
nan
0.6003028964472769
1.1737308737308734
0.9242005260182385
0.8089813890522228
1.3389040489711626
1.001349342928661
0.964786881799548
1.1948632824708472
0.8399600119262676
2.8946344763434952
1.0806101650338613
0.9958900144717799
1.2441103104212863
0.895118708452042
0.8535793686082702
nan
1.0088471677489874
0.6317064728279682
1.0085138438796974
0.8466303790386499
0.8331521739130435
1.032045814548556
0.9966529080675421
0.8637909309029397
nan
1.0070361145703612
1.03415506735983
nan
1.014355601892694
1.239549651655055
0.7472860862274391
0.9438929239747536
nan
1.0904724125495853
1.0587917731019407
1.3280728326900215
0.8353270581934815
1.4862318033273918
1.0835418613765866
0.9775233756892833
nan
1.062060788339744
nan
0.9847814109019059
0.7216286758308682
0.8958014488317518
0.8161371806081803
1.21585958798235
1.1347112560295345
nan
0.846241013768734
0.9042406573018816
0.7878383838383839
1.3515570825190697
0.7806891277945212
1.987658140814081
nan
1.0401331747919145
1.4245623657388362
1.2768959435626104
1.499423298731257
0.9603287498024341
1.009039979628215
0.9061279890074905
1.1343080387854565
1.1170761361730668
3.3343644544431945
nan
1.090253715957836
0.7004989182745376
1.1195186747929362
0.8742973679179145
2.081292797087631
1.7524866745958327
1.37167083049436
0.8273604974635901
1.356266525647806
1.1164043082021542
0.9211932488207547
nan
0.7784489740820733
0.9489352645876887
0.8525655819678439
0.6498382419147134
1.0327807912604785
0.8131212233321
1.1083670646103396
0.951793122757006
1.579467786143011
1.0105607904633702
nan
1.070425621576064
1.2175201568969274
1.0266887234629172
1.019726438962682
0.7574178264732011
0.99839116279659
0.9272344541161747
1.058554262826626
1.0352275154881436
nan
nan
0.5578826237054085
0.9090552468126841
1.5222933095273523
0.8214133560549581
1.1539321398476328
0.9922183405012046
nan
0.7608835238217543
1.0918180303282787
1.117485609728205
0.7995670030882867
0.8459615821579012
1.3467984596435976
1.0432479738213918
1.0190281163660002
1.1622821647505317
1.2309233960934751
0.8768152690055783
0.7200902934537246
0.8989124696441769
1.1097516766358526
0.8748749108646281
0.8589536928487691
1.024019429265331
nan
1.096666666666667
1.0093828027465666
1.08690036900369
nan
1.0576782844480315
0.922539554594806
1.3793962804897046
1.0595922459893048
0.7892543736401371
0.9928355820634979
1.0681818181818181
