Case Count:
 [354, 288, 610, 571, 210, 141, 506, 238, 230, 700, 541, 253, 493, 325, 0, 463, 258, 245, 0, 309, 378, 621, 447, 183, 0, 0, 437, 90, 236, 381, 96, 294, 349, 334, 286, 70, 0, 421, 500, 321, 317, 558, 516, 472, 46, 257, 269, 172, 69, 120, 449, 329, 321, 459, 470, 607, 414, 350, 362, 545, 97, 406, 92, 358, 313, 0, 514, 133, 368, 615, 46, 404, 634, 153, 254, 0, 81, 339, 192, 330, 324, 629, 371, 469, 167, 185, 246, 475, 575, 306, 512, 124, 0, 391, 303, 345, 365, 349, 226, 326, 101, 334, 513, 481, 179, 143, 78, 530, 74, 678, 78, 210, 0, 424, 150, 315, 519, 266, 364, 528, 151, 210, 301, 651, 142, 532, 381, 335, 535, 62, 310, 347, 337, 346, 426, 169, 0, 429, 101, 237, 358, 424, 459, 218, 193, 269, 0, 487, 447, 372, 248, 74, 49, 189, 0, 143, 333, 0, 76, 427, 356, 219, 520, 410, 477, 280, 255, 136, 59, 83, 484, 0, 271, 0, 405, 167, 148, 344, 382, 52, 455, 169, 303, 594, 377, 554, 0, 67, 54, 263, 93, 447, 0, 59, 0, 460, 621, 340, 95, 33, 496, 279, 219, 48, 389, 0, 352, 354, 432, 212, 136, 49, 238, 92, 339, 0, 140, 453, 49, 0, 40, 148, 401, 535, 419, 264, 0, 0, 113, 385, 317, 146, 0, 8, 573, 95, 309, 500, 0, 0, 210, 331, 533, 0, 540, 562, 373, 634, 430, 548, 251, 576, 81, 315, 488, 0, 350, 288, 49, 429, 180, 256, 508, 199, 254, 362, 79, 0, 110, 186, 330, 313, 425, 206, 0]

Control Count:
 [244, 205, 388, 387, 160, 128, 442, 189, 205, 527, 355, 176, 396, 174, 0, 377, 153, 185, 0, 157, 317, 437, 329, 113, 0, 0, 371, 65, 200, 232, 74, 215, 265, 299, 205, 51, 0, 299, 312, 255, 176, 378, 365, 418, 33, 133, 258, 127, 57, 101, 283, 166, 294, 315, 346, 441, 344, 294, 227, 345, 75, 299, 87, 210, 290, 0, 425, 117, 223, 467, 33, 318, 433, 128, 183, 0, 10, 211, 56, 262, 225, 427, 194, 320, 114, 171, 141, 312, 400, 121, 348, 103, 0, 257, 235, 241, 216, 296, 156, 229, 105, 206, 336, 288, 99, 113, 26, 459, 61, 482, 61, 142, 0, 370, 133, 207, 371, 259, 271, 353, 134, 190, 179, 397, 105, 347, 232, 256, 384, 73, 252, 253, 284, 266, 244, 102, 0, 281, 66, 220, 271, 274, 393, 155, 155, 128, 0, 297, 342, 265, 207, 52, 34, 142, 0, 110, 176, 0, 64, 276, 241, 183, 373, 331, 301, 132, 204, 96, 51, 83, 375, 0, 197, 0, 289, 140, 141, 270, 281, 12, 304, 177, 197, 431, 310, 374, 0, 50, 39, 82, 71, 356, 0, 39, 0, 307, 479, 233, 107, 11, 306, 205, 184, 43, 259, 0, 255, 237, 307, 170, 45, 7, 196, 62, 235, 0, 101, 299, 34, 0, 31, 145, 351, 318, 262, 207, 0, 0, 91, 279, 265, 129, 0, 4, 402, 80, 183, 389, 0, 0, 166, 184, 412, 0, 404, 427, 166, 468, 366, 455, 175, 408, 52, 275, 276, 0, 162, 245, 32, 331, 126, 174, 399, 141, 106, 300, 72, 0, 71, 128, 286, 205, 316, 135, 0]

Cluster Number:
 [1, 2, 3, 4, 5, 6, 7, 8, 9, 10, 11, 12, 13, 14, 16, 17, 18, 20, 21, 22, 23, 24, 27, 28, 29, 30, 31, 32, 33, 34, 35, 36, 38, 39, 40, 41, 42, 43, 44, 45, 46, 47, 48, 49, 50, 51, 52, 53, 54, 55, 56, 57, 58, 59, 60, 61, 62, 63, 64, 65, 67, 68, 69, 70, 71, 72, 73, 74, 75, 77, 78, 79, 80, 81, 82, 83, 84, 85, 86, 87, 88, 89, 90, 91, 92, 94, 95, 96, 97, 98, 99, 100, 101, 102, 103, 104, 105, 106, 107, 108, 109, 110, 111, 112, 114, 115, 116, 117, 118, 119, 120, 121, 122, 123, 124, 125, 126, 127, 128, 129, 130, 131, 132, 133, 134, 135, 136, 138, 139, 140, 141, 142, 143, 144, 145, 146, 148, 149, 150, 151, 152, 153, 154, 156, 157, 159, 160, 161, 162, 163, 164, 165, 166, 167, 168, 169, 170, 171, 173, 175, 176, 177, 178, 179, 180, 181, 182, 183, 184, 185, 186, 188, 189, 190, 191, 192, 194, 196, 197, 198, 199, 200, 201, 202, 203, 204, 205, 207, 208, 209, 210, 211, 212, 213, 214, 215, 217, 218, 219, 221, 222, 223, 224, 225, 226, 229, 230, 231, 232, 234, 235, 236, 237, 238, 241, 242, 243, 245, 246, 247, 248, 249, 250, 251, 252, 253, 254, 255, 257, 258, 259, 260, 261, 262, 263, 264, 265, 266, 267, 269, 270, 271, 272, 273, 274]

Odds Ratio:

1.102622950819672
1.0432479738213918
1.4440261125294898
1.2116842059676929
0.9510605006954104
0.7730508407360406
0.6468234866232363
0.8966071715709922
0.7640182839596636
0.8932492563161337
1.2804268912443733
1.0738720414201184
0.8137857937169864
1.5678522493720026
nan
0.8011748500130919
1.326904532304725
0.9603287498024341
nan
1.663406615985207
0.7877389546966512
1.1257689678742313
0.9922183405012046
1.2330541649861206
nan
nan
0.7421712357285297
1.0165948473457411
0.8190187590187591
1.3455590863327462
0.9453294831446094
1.0035085149240064
0.9445933636955105
0.7171692757370505
1.0327807912604785
1.0066424707251935
nan
1.0587917731019407
1.3784292630446475
0.8820046439628482
1.4862318033273918
1.2056218713900655
1.0816677170055393
0.6498382419147134
1.022958921033666
1.5757697815968494
0.6682346723044397
0.9911482332872197
0.8783353733170134
0.8518033509160559
1.315532979976443
1.7011546184738955
0.6949684479054778
1.1347112462006081
0.9914113365320442
1.0259010436472722
0.7875254007676675
0.7957068837897853
1.2768959435626104
1.3822463768115942
0.9420192307692308
0.9917826790384773
0.7504634779384501
1.4062046534901174
0.6850817286162114
nan
0.7460467753366407
0.8054374436283983
1.3472418726968978
0.8975163327377624
1.022958921033666
0.8784186882300088
1.2309233960934751
0.8518141913659795
1.024019429265331
nan
6.40931603773585
1.2798618362920717
2.9075402209730568
0.8810485669500057
1.0853553719008264
1.2471975019516004
1.669040756752762
1.1501970108695656
1.0900331537505183
0.7416053574797208
1.3793962804897046
1.2373983395459163
1.141066384180791
2.273191568390751
1.1748945671049367
0.8644033045890368
nan
1.1990221746488652
0.9186187206852015
1.0785539703291085
1.3931983845547673
0.7826479496738116
1.0819017397964765
1.06709538189692
0.6691511387163562
1.294362405156237
1.2662044986263732
1.4650995163690474
1.403070707070707
0.9144993132022788
2.3090481786133963
0.6424558127344503
0.879685552679513
1.1152237522937303
0.9315944597484155
1.1086407177417772
nan
0.7057211667112657
0.7933826864980166
1.1747627814757118
1.0577213858391952
0.6537034772328889
0.9746922247983543
1.2234569383905676
0.7922821624525188
0.7547763706902864
1.3441803366188663
1.675189822952721
0.9897985115265927
1.2898467613731224
1.3455590863327462
0.9362834069865321
1.0502260469543143
0.5955981103158428
0.8525655819678439
1.008625022071907
0.7957568043395509
0.925921149357098
1.516817130006844
1.2622678018575852
nan
1.22135231316726
1.1366381203337725
0.7176629006831317
0.9485527429705118
1.2471489484714893
0.7156732174760435
1.0404972551154668
0.8898842917251053
1.7608546401515153
nan
1.4245623657388362
0.9192509281502512
1.0484197689780155
0.8338972951116219
1.0469185784975257
1.0595922459893048
0.9694613627712219
nan
0.9444020356234094
1.6031593197071383
nan
0.8589536928487691
1.2481595357699637
1.1343080387854565
0.839390441006696
1.0498371100637793
0.8353270581934815
1.332284714667921
1.7943689592379883
0.8846439169139466
1.0450819672131149
0.8377281947261664
0.7068557919621749
0.8875146067415733
nan
1.0118649036458733
nan
1.0483636651786892
0.8468972628421447
0.7257471326994851
0.895118708452042
0.9940991626926557
3.305587229190422
1.190421663335554
0.6331846565566458
1.1891795462285721
1.028500190462998
0.8173620850864891
1.212677361853832
nan
0.9809048723897912
1.0159120879120878
2.884659049293196
0.9557584742907204
0.8466303790386499
nan
1.1163572060123785
nan
1.1948632824708472
0.8502697719816719
1.1099047632926982
0.6110625518276968
2.243303571428571
1.4037947742607435
0.9966529080675421
0.8331521739130435
0.8083837077317001
1.1737308737308734
nan
1.019145682536446
1.1533736929003853
1.0589137430445865
0.8887685618180327
2.4238755779739387
5.361363636363636
0.8522844738474259
1.097390835163988
1.0904724125495853
nan
1.0189612117105247
1.21585958798235
1.0595922459893048
nan
0.9434304582894881
0.7004989182745376
0.7140313390313389
1.5500191552533278
1.3138826522975606
0.9090552468126841
nan
nan
0.8978399051928463
1.019726438962682
0.8131212233321
0.797885295078559
nan
1.4701411509229096
1.1170761361730668
0.855740407673861
1.356266525647806
0.8748749108646281
nan
nan
0.9061279890074905
1.4950832485095242
0.8787940080415807
nan
0.951793122757006
0.9109113069447193
2.081292797087631
0.9781399391568883
0.7416472288839977
0.7144183900089415
1.070425621576064
1.0918180303282787
1.1554109216255444
0.7574178264732011
1.6237799467613132
nan
1.9366084564702875
0.7995670030882867
1.129296875
0.907250755287009
1.058554262826626
1.1083670646103396
0.8528208883253265
1.0440104925677642
2.0412299091544375
0.8108289241622574
0.7861274509803922
nan
1.1539321398476328
1.0815317967698521
0.7608835238217543
1.1798226164079821
0.9740117038376531
1.1523589980021518
nan
