Case Count:
 [0, 27, 246, 158, 281, 634, 315, 509, 141, 358, 421, 372, 236, 322, 311, 100, 0, 276, 292, 100, 318, 27, 206, 328, 265, 115, 2, 515, 172, 269, 355, 353, 54, 142, 214, 133, 323, 106, 39, 493, 256, 516, 172, 337, 0, 257, 419, 18, 182, 135, 0, 394, 330, 143, 0, 0, 513, 276, 148, 244, 26, 315, 236, 182, 326, 269, 56, 0, 48, 257, 302, 0, 317, 238, 288, 258, 224, 57, 46, 43, 0, 407, 245, 341, 100, 0, 345, 248, 0, 0, 0, 290, 186, 361, 66]

Control Count:
 [0, 19, 219, 99, 246, 433, 207, 378, 109, 210, 299, 246, 82, 174, 152, 77, 0, 197, 112, 20, 178, 16, 131, 186, 251, 64, 2, 346, 124, 258, 274, 315, 30, 100, 138, 88, 246, 104, 29, 396, 140, 365, 143, 284, 0, 219, 270, 19, 142, 101, 0, 236, 286, 110, 0, 0, 336, 132, 145, 150, 19, 275, 130, 129, 229, 128, 60, 0, 49, 133, 206, 0, 265, 196, 245, 178, 142, 69, 34, 40, 0, 295, 185, 286, 110, 0, 233, 120, 0, 0, 0, 251, 115, 262, 67]

Cluster Number:
 [2, 3, 4, 5, 6, 7, 8, 9, 10, 11, 12, 13, 14, 15, 16, 18, 19, 20, 21, 22, 23, 24, 25, 26, 27, 28, 29, 30, 31, 32, 33, 34, 35, 36, 37, 38, 39, 40, 41, 42, 43, 44, 46, 47, 48, 49, 50, 52, 53, 54, 57, 58, 59, 60, 61, 62, 63, 64, 65, 66, 67, 69, 70, 71, 73, 74, 75, 76, 77, 78, 79, 80, 82, 83, 84, 85, 87, 88, 92, 93, 94, 95]

Odds Ratio:

nan
1.042945501225347
0.7598227000140396
1.2047321463663878
0.7668059319482086
1.2309233960934751
1.1747627814757118
0.9714474678760396
0.9389931541936386
1.4062046534901174
1.0587917731019407
1.1809782370714195
2.487664097420195
1.5457024370845875
1.7513945665133708
0.9462190403083045
nan
1.0384247634890895
2.3288293339313753
3.9867310012062727
1.4707331874436826
1.2441103104212863
1.1962454995618346
1.4524180129891042
0.6837109393750301
1.3620047604422605
0.732470334412082
1.204413448381782
1.0206247070354115
0.6682346723044397
0.9186716345787024
0.7120701058201058
1.3392
1.0483100381194408
1.1776831863788386
1.1259279351301963
0.9425058359494487
0.7145761286101505
0.9851995350639287
0.8137857937169864
1.4699214604118018
1.0816677170055393
0.8548281309179594
0.7957568043395509
nan
0.8067922374429223
1.2506100217864928
0.6884279854411
0.9248072100609008
0.9763822729880042
nan
1.3886424837636626
0.7608835238217543
0.9444020356234094
nan
nan
1.2662044986263732
1.7579005986356675
0.7004989182745376
1.2609635036496354
1.003205688640205
0.7574178264732011
1.4434010434010436
1.042557828212073
1.06709538189692
1.7608546401515153
0.6639175257731958
nan
0.7027264935486113
1.5757697815968494
1.1106207708149454
nan
0.8131212233321
0.8522844738474259
0.7995670030882867
1.0865386225489375
1.2060333633003695
0.5797766254487435
0.9913396842315635
0.7777370203160271
nan
1.0202091044873043
0.9603287498024341
0.800954997383569
0.6261651496874657
nan
1.1358692456934567
1.7024963289280464
nan
nan
nan
0.7774847402253273
1.2320908186552753
1.016416245564993
0.7008526313968974
